0 6
1 6
2 6
3 6
4 6
5 6
6 2
7 6
8 6
9 0
10 6
11 7
12 1
13 4
14 4
15 7
16 3
17 5
18 6
19 6
20 3
21 7
22 3
23 3
24 6
25 2
26 3
27 3
28 3
29 7
30 3
31 3
32 3
33 3
34 3
35 3
36 7
37 3
38 3
39 3
40 2
41 3
42 4
43 3
44 6
45 6
46 3
47 2
48 3
49 3
50 6
51 3
52 3
53 7
54 3
55 1
56 3
57 3
58 3
59 3
60 1
61 3
62 3
63 3
64 3
65 3
66 4
67 3
68 3
69 3
70 3
71 3
72 2
73 3
74 3
75 3
76 3
77 2
78 0
79 3
80 3
81 2
82 3
83 3
84 3
85 3
86 3
87 3
88 0
89 3
90 3
91 2
92 2
93 2
94 2
95 2
96 2
97 2
98 2
99 2
100 2
101 2
102 2
103 2
104 2
105 0
106 3
107 3
108 3
109 2
110 3
111 1
112 3
113 3
114 3
115 3
116 1
117 5
118 3
119 4
120 0
121 2
122 0
123 3
124 3
125 3
126 7
127 3
128 1
129 3
130 0
131 3
132 3
133 7
134 3
135 3
136 3
137 0
138 3
139 3
140 3
141 6
142 3
143 1
144 0
145 0
146 0
147 0
148 0
149 0
150 0
151 0
152 2
153 0
154 0
155 0
156 0
157 2
158 0
159 0
160 0
161 0
162 0
163 7
164 0
165 4
166 4
167 2
168 4
169 4
170 4
171 4
172 2
173 4
174 3
175 4
176 4
177 4
178 4
179 4
180 2
181 4
182 4
183 4
184 7
185 7
186 7
187 7
188 7
189 7
190 4
191 7
192 7
193 7
194 7
195 7
196 7
197 7
198 7
199 7
200 7
201 7
202 7
203 4
204 7
205 4
206 7
207 7
208 7
209 7
210 7
211 7
212 6
213 4
214 7
215 7
216 7
217 7
218 7
219 7
220 0
221 7
222 5
223 6
224 7
225 1
226 6
227 6
228 7
229 6
230 7
231 1
232 1
233 1
234 1
235 1
236 1
237 1
238 3
239 2
240 3
241 3
242 3
243 3
244 3
245 2
246 3
247 2
248 3
249 3
250 3
251 3
252 3
253 3
254 3
255 3
256 2
257 2
258 2
259 2
260 2
261 2
262 2
263 2
264 2
265 2
266 2
267 2
268 2
269 2
270 2
271 2
272 2
273 2
274 2
275 2
276 2
277 2
278 2
279 3
280 2
281 2
282 2
283 2
284 2
285 4
286 2
287 2
288 2
289 2
290 2
291 2
292 2
293 2
294 2
295 2
296 6
297 2
298 2
299 2
300 2
301 2
302 2
303 3
304 3
305 3
306 2
307 3
308 3
309 2
310 3
311 3
312 3
313 1
314 2
315 2
316 1
317 3
318 1
319 1
320 1
321 3
322 3
323 3
324 3
325 3
326 3
327 3
328 3
329 0
330 3
331 0
332 3
333 7
334 3
335 3
336 3
337 3
338 3
339 3
340 3
341 1
342 7
343 7
344 1
345 3
346 3
347 4
348 4
349 4
350 7
351 4
352 4
353 7
354 4
355 4
356 4
357 4
358 4
359 4
360 4
361 7
362 4
363 6
364 4
365 4
366 4
367 4
368 3
369 4
370 4
371 5
372 4
373 5
374 7
375 3
376 0
377 0
378 0
379 0
380 0
381 0
382 7
383 7
384 7
385 7
386 7
387 7
388 6
389 7
390 6
391 6
392 7
393 1
394 6
395 6
396 7
397 6
398 2
399 6
400 1
401 6
402 1
403 6
404 7
405 7
406 7
407 7
408 7
409 7
410 0
411 7
412 7
413 7
414 5
415 5
416 5
417 5
418 5
419 6
420 5
421 5
422 5
423 6
424 5
425 5
426 6
427 5
428 6
429 5
430 5
431 0
432 0
433 2
434 0
435 0
436 0
437 0
438 0
439 0
440 0
441 0
442 0
443 0
444 5
445 5
446 5
447 5
448 5
449 5
450 5
451 5
452 5
453 5
454 5
455 5
456 5
457 5
458 5
459 5
460 5
461 5
462 5
463 5
464 5
465 5
466 5
467 5
468 5
469 5
470 5
471 5
472 5
473 5
474 5
475 5
476 5
477 5
478 0
479 0
480 0
481 0
482 0
483 0
484 0
485 1
486 0
487 3
488 3
489 2
490 3
491 2
492 3
493 5
494 3
495 2
496 3
497 3
498 6
499 2
500 3
501 3
502 3
503 3
504 0
505 3
506 3
507 2
508 2
509 6
510 7
511 2
512 1
513 2
514 2
515 1
516 2
517 0
518 2
519 2
520 2
521 2
522 2
523 2
524 2
525 2
526 2
527 2
528 2
529 2
530 2
531 2
532 2
533 2
534 2
535 2
536 2
537 2
538 2
539 4
540 2
541 2
542 2
543 2
544 2
545 2
546 2
547 2
548 2
549 2
550 2
551 2
552 2
553 1
554 2
555 2
556 2
557 2
558 2
559 2
560 2
561 3
562 3
563 7
564 0
565 7
566 0
567 7
568 7
569 7
570 7
571 7
572 1
573 5
574 7
575 7
576 7
577 7
578 7
579 7
580 7
581 7
582 7
583 7
584 7
585 7
586 7
587 7
588 1
589 1
590 1
591 1
592 1
593 1
594 2
595 2
596 2
597 2
598 2
599 2
600 2
601 0
602 2
603 2
604 2
605 2
606 2
607 2
608 2
609 2
610 2
611 2
612 2
613 2
614 2
615 2
616 2
617 2
618 2
619 6
620 6
621 6
622 6
623 7
624 7
625 6
626 6
627 6
628 3
629 6
630 6
631 0
632 3
633 0
634 0
635 0
636 0
637 0
638 0
639 0
640 1
641 0
642 0
643 0
644 0
645 3
646 1
647 1
648 1
649 1
650 6
651 1
652 1
653 1
654 1
655 1
656 1
657 5
658 0
659 0
660 5
661 3
662 5
663 2
664 2
665 2
666 1
667 3
668 3
669 1
670 3
671 1
672 1
673 3
674 3
675 0
676 6
677 5
678 4
679 7
680 6
681 6
682 6
683 4
684 6
685 6
686 7
687 6
688 3
689 6
690 3
691 7
692 6
693 0
694 0
695 0
696 0
697 7
698 0
699 0
700 7
701 6
702 0
703 1
704 0
705 0
706 0
707 0
708 5
709 5
710 5
711 5
712 5
713 5
714 5
715 5
716 5
717 5
718 5
719 5
720 5
721 5
722 5
723 5
724 2
725 2
726 3
727 3
728 3
729 2
730 2
731 2
732 2
733 0
734 0
735 2
736 2
737 5
738 5
739 2
740 2
741 5
742 0
743 4
744 2
745 2
746 0
747 0
748 0
749 0
750 0
751 0
752 0
753 0
754 0
755 0
756 0
757 0
758 0
759 0
760 0
761 0
762 1
763 5
764 1
765 5
766 1
767 1
768 1
769 1
770 1
771 1
772 1
773 1
774 1
775 1
776 7
777 7
778 7
779 4
780 7
781 7
782 7
783 0
784 0
785 0
786 0
787 0
788 5
789 0
790 0
791 0
792 2
793 2
794 2
795 6
796 2
797 3
798 3
799 3
800 3
801 3
802 3
803 3
804 3
805 3
806 6
807 6
808 6
809 6
810 6
811 6
812 7
813 7
814 4
815 7
816 4
817 3
818 3
819 0
820 3
821 3
822 0
823 3
824 3
825 3
826 3
827 3
828 6
829 6
830 6
831 6
832 2
833 2
834 0
835 0
836 0
837 0
838 0
839 0
840 0
841 0
842 0
843 0
844 6
845 6
846 6
847 0
848 0
849 0
850 2
851 0
852 0
853 6
854 1
855 1
856 1
857 1
858 1
859 0
860 0
861 2
862 2
863 2
864 1
865 1
866 1
867 1
868 1
869 1
870 1
871 1
872 1
873 1
874 1
875 1
876 1
877 2
878 2
879 2
880 2
881 2
882 2
883 2
884 2
885 6
886 2
887 6
888 7
889 7
890 7
891 7
892 7
893 6
894 6
895 7
896 7
897 6
898 6
899 6
900 6
901 6
902 6
903 6
904 6
905 6
906 6
907 6
908 6
909 6
910 6
911 6
912 6
913 6
914 6
915 6
916 6
917 7
918 6
919 6
920 6
921 6
922 6
923 6
924 6
925 6
926 6
927 1
928 6
929 6
930 7
931 4
932 7
933 7
934 1
935 7
936 7
937 7
938 7
939 1
940 7
941 7
942 0
943 6
944 5
945 5
946 5
947 5
948 5
949 5
950 5
951 5
952 5
953 4
954 5
955 5
956 5
957 5
958 5
959 4
960 4
961 5
962 5
963 4
964 4
965 4
966 4
967 4
968 4
969 4
970 4
971 4
972 4
973 2
974 4
975 4
976 3
977 5
978 3
979 0
980 0
981 0
982 0
983 0
984 0
985 0
986 6
987 0
988 0
989 0
990 0
991 0
992 0
993 6
994 6
995 6
996 0
997 6
998 6
999 6
1000 6
1001 6
1002 6
1003 6
1004 6
1005 6
1006 6
1007 6
1008 6
1009 6
1010 6
1011 6
1012 6
1013 6
1014 4
1015 4
1016 1
1017 5
1018 4
1019 4
1020 4
1021 3
1022 4
1023 4
1024 1
1025 4
1026 4
1027 3
1028 3
1029 3
1030 3
1031 3
1032 3
1033 3
1034 0
1035 0
1036 0
1037 0
1038 0
1039 0
1040 0
1041 1
1042 6
1043 6
1044 6
1045 6
1046 0
1047 6
1048 1
1049 1
1050 1
1051 0
1052 0
1053 0
1054 0
1055 0
1056 0
1057 0
1058 0
1059 0
1060 0
1061 0
1062 0
1063 0
1064 1
1065 2
1066 0
1067 4
1068 0
1069 0
1070 2
1071 2
1072 2
1073 2
1074 4
1075 4
1076 4
1077 4
1078 4
1079 4
1080 4
1081 4
1082 4
1083 4
1084 4
1085 4
1086 0
1087 0
1088 1
1089 1
1090 1
1091 1
1092 1
1093 1
1094 1
1095 1
1096 5
1097 1
1098 1
1099 1
1100 3
1101 3
1102 4
1103 4
1104 4
1105 4
1106 4
1107 4
1108 4
1109 4
1110 4
1111 4
1112 4
1113 4
1114 4
1115 4
1116 4
1117 3
1118 4
1119 4
1120 0
1121 4
1122 4
1123 0
1124 0
1125 0
1126 0
1127 0
1128 0
1129 1
1130 0
1131 0
1132 0
1133 3
1134 3
1135 3
1136 3
1137 3
1138 1
1139 1
1140 3
1141 3
1142 3
1143 3
1144 3
1145 3
1146 3
1147 3
1148 1
1149 3
1150 3
1151 3
1152 3
1153 0
1154 3
1155 3
1156 0
1157 0
1158 0
1159 4
1160 0
1161 0
1162 0
1163 0
1164 0
1165 2
1166 7
1167 7
1168 0
1169 0
1170 0
1171 0
1172 0
1173 0
1174 0
1175 0
1176 0
1177 3
1178 3
1179 3
1180 3
1181 3
1182 3
1183 3
1184 3
1185 3
1186 5
1187 5
1188 5
1189 5
1190 5
1191 5
1192 6
1193 6
1194 6
1195 6
1196 6
1197 6
1198 6
1199 6
1200 6
1201 6
1202 6
1203 4
1204 4
1205 4
1206 4
1207 4
1208 4
1209 4
1210 4
1211 4
1212 4
1213 4
1214 4
1215 4
1216 4
1217 0
1218 0
1219 0
1220 0
1221 0
1222 0
1223 0
1224 0
1225 0
1226 0
1227 0
1228 0
1229 0
1230 0
1231 0
1232 5
1233 0
1234 0
1235 0
1236 7
1237 7
1238 7
1239 7
1240 7
1241 7
1242 7
1243 7
1244 7
1245 7
1246 7
1247 7
1248 7
1249 7
1250 7
1251 7
1252 7
1253 7
1254 7
1255 7
1256 7
1257 7
1258 7
1259 7
1260 7
1261 7
1262 7
1263 7
1264 7
1265 7
1266 7
1267 7
1268 7
1269 7
1270 7
1271 7
1272 7
1273 7
1274 7
1275 7
1276 7
1277 7
1278 7
1279 0
1280 0
1281 0
1282 3
1283 3
1284 3
1285 3
1286 3
1287 7
1288 3
1289 3
1290 7
1291 4
1292 7
1293 7
1294 7
1295 7
1296 7
1297 7
1298 0
1299 0
1300 0
1301 0
1302 0
1303 0
1304 0
1305 0
1306 0
1307 0
1308 0
1309 0
1310 0
1311 6
1312 0
1313 0
1314 0
1315 0
1316 0
1317 6
1318 0
1319 0
1320 0
1321 0
1322 0
1323 0
1324 1
1325 1
1326 1
1327 1
1328 1
1329 4
1330 1
1331 1
1332 7
1333 7
1334 2
1335 0
1336 7
1337 7
1338 0
1339 7
1340 7
1341 1
1342 5
1343 1
1344 1
1345 2
1346 2
1347 2
1348 2
1349 2
1350 2
1351 2
1352 2
1353 2
1354 1
1355 1
1356 1
1357 1
1358 1
1359 1
1360 1
1361 1
1362 1
1363 1
1364 1
1365 1
1366 1
1367 6
1368 6
1369 6
1370 4
1371 6
1372 4
1373 7
1374 7
1375 7
1376 7
1377 7
1378 7
1379 7
1380 7
1381 2
1382 5
1383 5
1384 5
1385 5
1386 5
1387 5
1388 5
1389 5
1390 5
1391 5
1392 5
1393 5
1394 5
1395 5
1396 2
1397 4
1398 5
1399 5
1400 4
1401 4
1402 5
1403 0
1404 2
1405 2
1406 2
1407 2
1408 2
1409 2
1410 2
1411 2
1412 2
1413 2
1414 2
1415 6
1416 6
1417 6
1418 6
1419 6
1420 6
1421 6
1422 6
1423 0
1424 6
1425 0
1426 0
1427 0
1428 0
1429 0
1430 0
1431 0
1432 0
1433 0
1434 0
1435 0
1436 0
1437 0
1438 0
1439 4
1440 7
1441 4
1442 7
1443 3
1444 4
1445 4
1446 4
1447 4
1448 5
1449 3
1450 3
1451 3
1452 3
1453 3
1454 4
1455 3
1456 3
1457 3
1458 3
1459 3
1460 5
1461 5
1462 5
1463 5
1464 5
1465 5
1466 5
1467 5
1468 5
1469 5
1470 5
1471 5
1472 5
1473 5
1474 6
1475 6
1476 6
1477 6
1478 6
1479 6
1480 7
1481 7
1482 7
1483 7
1484 7
1485 7
1486 7
1487 7
1488 7
1489 4
1490 4
1491 5
1492 5
1493 5
1494 5
1495 5
1496 5
1497 5
1498 5
1499 5
1500 5
1501 5
1502 5
1503 7
1504 5
1505 5
1506 4
1507 5
1508 5
1509 5
1510 5
1511 5
1512 5
1513 5
1514 1
1515 1
1516 1
1517 1
1518 1
1519 1
1520 1
1521 7
1522 1
1523 6
1524 7
1525 1
1526 1
1527 1
1528 1
1529 1
1530 1
1531 1
1532 1
1533 1
1534 1
1535 1
1536 1
1537 1
1538 1
1539 1
1540 1
1541 1
1542 1
1543 1
1544 1
1545 1
1546 1
1547 1
1548 1
1549 1
1550 1
1551 1
1552 1
1553 1
1554 1
1555 1
1556 1
1557 0
1558 0
1559 0
1560 0
1561 0
1562 2
1563 5
1564 5
1565 5
1566 5
1567 5
1568 3
1569 0
1570 0
1571 0
1572 2
1573 2
1574 2
1575 2
1576 7
1577 2
1578 2
1579 2
1580 2
1581 2
1582 6
1583 7
1584 7
1585 7
1586 7
1587 6
1588 6
1589 6
1590 6
1591 6
1592 7
1593 6
1594 6
1595 6
1596 6
1597 6
1598 1
1599 6
1600 6
1601 6
1602 6
1603 6
1604 6
1605 6
1606 6
1607 6
1608 6
1609 6
1610 6
1611 6
1612 6
1613 6
1614 6
1615 6
1616 6
1617 6
1618 6
1619 6
1620 0
1621 6
1622 6
1623 1
1624 1
1625 1
1626 1
1627 4
1628 4
1629 4
1630 4
1631 4
1632 4
1633 6
1634 6
1635 7
1636 7
1637 7
1638 7
1639 7
1640 7
1641 7
1642 7
1643 0
1644 0
1645 3
1646 3
1647 2
1648 2
1649 2
1650 2
1651 2
1652 2
1653 2
1654 2
1655 2
1656 2
1657 2
1658 2
1659 2
1660 2
1661 6
1662 6
1663 6
1664 6
1665 6
1666 7
1667 5
1668 0
1669 0
1670 7
1671 7
1672 0
1673 0
1674 7
1675 7
1676 3
1677 7
1678 7
1679 7
1680 7
1681 7
1682 7
1683 7
1684 7
1685 6
1686 2
1687 2
1688 1
1689 1
1690 6
1691 6
1692 4
1693 7
1694 5
1695 7
1696 7
1697 7
1698 2
1699 2
1700 2
1701 7
1702 7
1703 7
1704 7
1705 7
1706 7
1707 7
1708 7
1709 7
1710 0
1711 4
1712 0
1713 0
1714 0
1715 0
1716 6
1717 6
1718 7
1719 7
1720 7
1721 7
1722 7
1723 7
1724 7
1725 7
1726 7
1727 2
1728 3
1729 5
1730 1
1731 1
1732 1
1733 1
1734 1
1735 1
1736 1
1737 1
1738 1
1739 1
1740 1
1741 1
1742 1
1743 1
1744 1
1745 2
1746 2
1747 5
1748 4
1749 4
1750 4
1751 2
1752 2
1753 2
1754 5
1755 5
1756 2
1757 4
1758 2
1759 6
1760 0
1761 2
1762 2
1763 4
1764 2
1765 2
1766 7
1767 7
1768 4
1769 6
1770 1
1771 0
1772 1
1773 1
1774 1
1775 1
1776 1
1777 7
1778 7
1779 7
1780 2
1781 2
1782 2
1783 2
1784 2
1785 2
1786 2
1787 2
1788 2
1789 2
1790 2
1791 2
1792 2
1793 1
1794 1
1795 1
1796 1
1797 1
1798 1
1799 1
1800 1
1801 1
1802 1
1803 1
1804 1
1805 1
1806 1
1807 1
1808 0
1809 1
1810 1
1811 1
1812 1
1813 1
1814 6
1815 1
1816 1
1817 1
1818 1
1819 4
1820 4
1821 4
1822 4
1823 4
1824 4
1825 4
1826 6
1827 6
1828 6
1829 6
1830 1
1831 1
1832 1
1833 1
1834 1
1835 1
1836 1
1837 0
1838 0
1839 4
1840 4
1841 4
1842 4
1843 4
1844 4
1845 4
1846 4
1847 4
1848 4
1849 4
1850 2
1851 3
1852 2
1853 2
1854 0
1855 3
1856 2
1857 4
1858 4
1859 4
1860 4
1861 4
1862 4
1863 4
1864 5
1865 4
1866 4
1867 4
1868 4
1869 4
1870 4
1871 1
1872 1
1873 1
1874 1
1875 1
1876 1
1877 1
1878 1
1879 1
1880 1
1881 1
1882 1
1883 1
1884 1
1885 1
1886 1
1887 1
1888 1
1889 1
1890 1
1891 1
1892 1
1893 1
1894 1
1895 1
1896 1
1897 1
1898 1
1899 1
1900 1
1901 1
1902 1
1903 1
1904 1
1905 6
1906 7
1907 3
1908 3
1909 4
1910 3
1911 3
1912 0
1913 0
1914 0
1915 0
1916 7
1917 0
1918 0
1919 0
1920 0
1921 0
1922 0
1923 0
1924 1
1925 1
1926 1
1927 1
1928 0
1929 0
1930 5
1931 5
1932 0
1933 5
1934 5
1935 5
1936 3
1937 3
1938 3
1939 3
1940 3
1941 3
1942 3
1943 3
1944 6
1945 6
1946 6
1947 6
1948 6
1949 4
1950 4
1951 7
1952 6
1953 7
1954 1
1955 7
1956 6
1957 7
1958 7
1959 3
1960 6
1961 6
1962 6
1963 6
1964 6
1965 6
1966 6
1967 6
1968 6
1969 6
1970 6
1971 6
1972 6
1973 6
1974 6
1975 6
1976 6
1977 6
1978 6
1979 6
1980 6
1981 6
1982 6
1983 1
1984 1
1985 1
1986 2
1987 2
1988 6
1989 6
1990 5
1991 6
1992 2
1993 6
1994 0
1995 6
1996 6
1997 5
1998 3
1999 3
2000 3
2001 0
2002 1
2003 1
2004 1
2005 5
2006 6
2007 6
2008 6
2009 6
2010 7
2011 6
2012 6
2013 6
2014 6
2015 6
2016 6
2017 5
2018 5
2019 5
2020 5
2021 5
2022 5
2023 5
2024 5
2025 5
2026 5
2027 1
2028 1
2029 1
2030 6
2031 6
2032 6
2033 6
2034 4
2035 0
2036 0
2037 0
2038 4
2039 1
2040 1
2041 1
2042 7
2043 7
2044 7
2045 7
2046 7
2047 6
2048 6
2049 6
2050 6
2051 6
2052 6
2053 6
2054 5
2055 6
2056 6
2057 7
2058 7
2059 7
2060 7
2061 0
2062 0
2063 0
2064 0
2065 0
2066 4
2067 4
2068 4
2069 4
2070 4
2071 7
2072 4
2073 4
2074 5
2075 5
2076 5
2077 5
2078 2
2079 5
2080 5
2081 5
2082 6
2083 6
2084 6
2085 6
2086 6
2087 6
2088 2
2089 2
2090 2
2091 2
2092 2
2093 4
2094 4
2095 4
2096 4
2097 4
2098 4
2099 4
2100 4
2101 4
2102 4
2103 3
2104 3
2105 0
2106 3
2107 3
2108 3
2109 0
2110 0
2111 0
2112 0
2113 4
2114 4
2115 4
2116 4
2117 1
2118 6
2119 1
2120 1
2121 1
2122 1
2123 1
2124 4
2125 4
2126 4
2127 4
2128 4
2129 4
2130 4
2131 0
2132 0
2133 0
2134 0
2135 0
2136 0
2137 0
2138 5
2139 5
2140 6
2141 5
2142 3
2143 7
2144 7
2145 7
2146 7
2147 2
2148 5
2149 2
2150 6
2151 6
2152 2
2153 2
2154 2
2155 2
2156 2
2157 2
2158 2
2159 2
2160 2
2161 2
2162 7
2163 1
2164 1
2165 1
2166 1
2167 1
2168 1
2169 1
2170 1
2171 1
2172 1
2173 1
2174 1
2175 1
2176 6
2177 6
2178 6
2179 6
2180 6
2181 6
2182 6
2183 7
2184 7
2185 0
2186 0
2187 0
2188 2
2189 2
2190 2
2191 5
2192 5
2193 5
2194 5
2195 4
2196 5
2197 5
2198 2
2199 2
2200 5
2201 5
2202 3
2203 5
2204 4
2205 5
2206 7
2207 3
2208 3
2209 4
2210 4
2211 2
2212 2
2213 0
2214 2
2215 2
2216 2
2217 2
2218 1
2219 1
2220 1
2221 1
2222 6
2223 6
2224 6
2225 6
2226 2
2227 5
2228 5
2229 5
2230 5
2231 5
2232 5
2233 5
2234 5
2235 5
2236 5
2237 5
2238 5
2239 5
2240 5
2241 5
2242 5
2243 5
2244 7
2245 3
2246 3
2247 3
2248 3
2249 3
2250 0
2251 7
2252 7
2253 7
2254 7
2255 7
2256 7
2257 7
2258 7
2259 7
2260 7
2261 7
2262 7
2263 3
2264 6
2265 6
2266 6
2267 6
2268 6
2269 6
2270 6
2271 6
2272 6
2273 6
2274 6
2275 6
2276 6
2277 6
2278 6
2279 7
2280 7
2281 7
2282 7
2283 7
2284 3
2285 4
2286 4
2287 4
2288 3
2289 3
2290 3
2291 3
2292 3
2293 3
2294 0
2295 6
2296 6
2297 6
2298 6
2299 6
2300 6
2301 3
2302 3
2303 3
2304 3
2305 3
2306 3
2307 3
2308 3
2309 0
2310 3
2311 3
2312 6
2313 6
2314 6
2315 7
2316 7
2317 7
2318 7
2319 7
2320 7
2321 4
2322 7
2323 7
2324 7
2325 7
2326 4
2327 4
2328 4
2329 4
2330 4
2331 6
2332 6
2333 6
2334 6
2335 6
2336 6
2337 6
2338 5
2339 7
2340 7
2341 7
2342 7
2343 7
2344 3
2345 7
2346 7
2347 7
2348 7
2349 7
2350 6
2351 7
2352 7
2353 7
2354 7
2355 4
2356 4
2357 4
2358 4
2359 4
2360 4
2361 4
2362 7
2363 7
2364 4
2365 1
2366 4
2367 4
2368 4
2369 4
2370 4
2371 4
2372 4
2373 4
2374 4
2375 4
2376 4
2377 4
2378 4
2379 4
2380 4
2381 5
2382 5
2383 5
2384 5
2385 5
2386 2
2387 2
2388 7
2389 7
2390 0
2391 0
2392 0
2393 0
2394 0
2395 0
2396 0
2397 0
2398 0
2399 0
2400 0
2401 0
2402 0
2403 4
2404 4
2405 4
2406 4
2407 4
2408 3
2409 3
2410 3
2411 3
2412 3
2413 3
2414 3
2415 0
2416 6
2417 4
2418 4
2419 4
2420 4
2421 4
2422 4
2423 6
2424 4
2425 2
2426 1
2427 1
2428 1
2429 1
2430 1
2431 1
2432 0
2433 0
2434 1
2435 2
2436 2
2437 2
2438 2
2439 2
2440 2
2441 2
2442 2
2443 2
2444 2
2445 4
2446 2
2447 2
2448 2
2449 2
2450 2
2451 4
2452 2
2453 2
2454 2
2455 2
2456 2
2457 1
2458 1
2459 4
2460 4
2461 4
2462 3
2463 4
2464 4
2465 4
2466 4
2467 4
2468 4
2469 5
2470 5
2471 5
2472 1
2473 0
2474 0
2475 5
2476 5
2477 5
2478 5
2479 5
2480 0
2481 7
2482 0
2483 0
2484 0
2485 0
2486 0
2487 0
2488 0
2489 4
2490 0
2491 0
2492 0
2493 3
2494 0
2495 0
2496 0
2497 0
2498 0
2499 0
2500 0
2501 2
2502 2
2503 2
2504 2
2505 2
2506 2
2507 7
2508 7
2509 7
2510 7
2511 7
2512 7
2513 7
2514 6
2515 7
2516 2
2517 2
2518 5
2519 2
2520 3
2521 3
2522 3
2523 6
2524 7
2525 7
2526 7
2527 7
2528 7
2529 7
2530 7
2531 7
2532 4
2533 4
2534 4
2535 4
2536 4
2537 4
2538 4
2539 4
2540 4
2541 4
2542 4
2543 4
2544 4
2545 4
2546 4
2547 4
2548 4
2549 4
2550 4
2551 4
2552 4
2553 2
2554 2
2555 6
2556 0
2557 6
2558 7
2559 6
2560 6
2561 6
2562 6
2563 6
2564 3
2565 3
2566 3
2567 3
2568 3
2569 1
2570 1
2571 1
2572 1
2573 1
2574 1
2575 1
2576 2
2577 1
2578 1
2579 1
2580 5
2581 5
2582 6
2583 7
2584 7
2585 0
2586 7
2587 5
2588 5
2589 5
2590 5
2591 5
2592 4
2593 5
2594 5
2595 5
2596 6
2597 5
2598 5
2599 6
2600 6
2601 6
2602 1
2603 1
2604 3
2605 0
2606 0
2607 0
2608 0
2609 0
2610 0
2611 2
2612 7
2613 7
2614 7
2615 7
2616 7
2617 3
2618 3
2619 3
2620 3
2621 3
2622 3
2623 7
2624 3
2625 3
2626 2
2627 2
2628 3
2629 2
2630 2
2631 2
2632 2
2633 2
2634 2
2635 2
2636 2
2637 1
2638 1
2639 3
2640 6
2641 6
2642 5
2643 0
2644 5
2645 5
2646 5
2647 5
2648 5
2649 5
2650 5
2651 7
2652 2
2653 0
2654 7
2655 0
2656 5
2657 5
2658 5
2659 5
2660 5
2661 5
2662 5
2663 5
2664 5
2665 5
2666 6
2667 5
2668 5
2669 5
2670 5
2671 5
2672 5
2673 5
2674 5
2675 5
2676 5
2677 4
2678 4
2679 7
2680 7
2681 7
2682 7
2683 7
2684 7
2685 1
2686 1
2687 1
2688 1
2689 1
2690 1
2691 1
2692 1
2693 1
2694 1
2695 1
2696 1
2697 1
2698 1
2699 1
2700 1
2701 1
2702 1
2703 1
2704 6
2705 6
2706 6
2707 6
2708 6
2709 6
2710 6
2711 7
2712 7
2713 7
2714 7
2715 7
2716 7
2717 7
2718 0
2719 0
2720 0
2721 5
2722 4
2723 4
2724 4
2725 4
2726 4
2727 5
2728 4
2729 4
2730 4
2731 4
2732 4
2733 4
2734 4
2735 4
2736 4
2737 4
2738 4
2739 4
2740 4
2741 4
2742 4
2743 4
2744 4
2745 4
2746 4
2747 4
2748 6
2749 6
2750 7
2751 7
2752 7
2753 7
2754 7
2755 7
2756 6
2757 5
2758 5
2759 5
2760 5
2761 5
2762 5
2763 5
2764 4
2765 7
2766 4
2767 0
2768 0
2769 2
2770 2
2771 2
2772 0
2773 2
2774 2
2775 2
2776 2
2777 2
2778 2
2779 2
2780 2
2781 2
2782 2
2783 0
2784 6
2785 7
2786 5
2787 5
2788 6
2789 6
2790 6
2791 6
2792 6
2793 0
2794 0
2795 1
2796 1
2797 1
2798 1
2799 1
2800 1
2801 3
2802 3
2803 3
2804 3
2805 3
2806 3
2807 7
2808 0
2809 5
2810 5
2811 5
2812 5
2813 5
2814 5
2815 5
2816 5
2817 5
2818 5
2819 5
2820 5
2821 4
2822 4
2823 2
2824 4
2825 4
2826 4
2827 5
2828 5
2829 0
2830 0
2831 0
2832 0
2833 0
2834 0
2835 0
2836 0
2837 3
2838 7
2839 3
2840 1
2841 1
2842 1
2843 1
2844 1
2845 3
2846 3
2847 3
2848 2
2849 4
2850 4
2851 4
2852 4
2853 0
2854 0
2855 0
2856 0
2857 0
2858 0
2859 0
2860 7
2861 7
2862 7
2863 3
2864 3
2865 3
2866 3
2867 3
2868 4
2869 7
2870 7
2871 7
2872 7
2873 7
2874 7
2875 7
2876 7
2877 7
2878 7
2879 6
2880 7
2881 4
2882 7
2883 7
2884 1
2885 1
2886 7
2887 5
2888 5
2889 2
2890 2
2891 2
2892 2
2893 2
2894 0
2895 2
2896 2
2897 0
2898 0
2899 2
2900 2
2901 2
2902 2
2903 4
2904 4
2905 4
2906 4
2907 7
2908 5
2909 5
2910 5
2911 5
2912 6
2913 6
2914 1
2915 3
2916 6
2917 6
2918 7
2919 4
2920 3
2921 3
2922 3
2923 3
2924 3
2925 3
2926 3
2927 3
2928 2
2929 2
2930 2
2931 2
2932 3
2933 3
2934 3
2935 4
2936 4
2937 4
2938 5
2939 5
2940 5
2941 5
2942 5
2943 5
2944 5
2945 5
2946 5
2947 5
2948 5
2949 5
2950 2
2951 2
2952 6
2953 0
2954 0
2955 0
2956 0
2957 0
2958 0
2959 0
2960 0
2961 0
2962 0
2963 6
2964 6
2965 6
2966 4
2967 4
2968 4
2969 4
2970 4
2971 2
2972 3
2973 3
2974 3
2975 3
2976 3
2977 3
2978 3
2979 3
2980 6
2981 6
2982 6
2983 6
2984 6
2985 6
2986 6
2987 6
2988 6
2989 6
2990 0
2991 0
2992 0
2993 0
2994 6
2995 6
2996 6
2997 6
2998 3
2999 5
3000 5
3001 5
3002 5
3003 5
3004 5
3005 5
3006 3
3007 3
3008 3
3009 3
3010 3
3011 7
3012 5
3013 5
3014 5
3015 5
3016 5
3017 5
3018 5
3019 5
3020 7
3021 7
3022 7
3023 7
3024 7
3025 7
3026 7
3027 7
3028 7
3029 7
3030 2
3031 4
3032 4
3033 4
3034 7
3035 5
3036 3
3037 3
3038 3
3039 3
3040 3
3041 7
3042 3
3043 3
3044 3
3045 3
3046 3
3047 3
3048 3
3049 3
3050 7
3051 7
3052 7
3053 7
3054 1
3055 1
3056 1
3057 1
3058 1
3059 1
3060 1
3061 5
3062 0
3063 6
3064 6
3065 6
3066 4
3067 4
3068 4
3069 4
3070 4
3071 0
3072 1
3073 1
3074 1
3075 1
3076 1
3077 3
3078 3
3079 3
3080 3
3081 3
3082 6
3083 6
3084 6
3085 5
3086 5
3087 5
3088 5
3089 5
3090 5
3091 5
3092 5
3093 5
3094 5
3095 5
3096 5
3097 5
3098 3
3099 5
3100 1
3101 1
3102 5
3103 7
3104 1
3105 3
3106 3
3107 3
3108 4
3109 6
3110 6
3111 6
3112 4
3113 2
3114 2
3115 4
3116 1
3117 1
3118 1
3119 5
3120 5
3121 4
3122 5
3123 5
3124 1
3125 1
3126 1
3127 1
3128 7
3129 0
3130 0
3131 4
3132 4
3133 4
3134 1
3135 1
3136 1
3137 1
3138 1
3139 1
3140 1
3141 1
3142 1
3143 5
3144 5
3145 5
3146 6
3147 5
3148 5
3149 5
3150 5
3151 6
3152 5
3153 0
3154 0
3155 0
3156 7
3157 7
3158 2
3159 5
3160 5
3161 5
3162 5
3163 6
3164 2
3165 2
3166 2
3167 2
3168 2
3169 4
3170 1
3171 1
3172 1
3173 0
3174 0
3175 6
3176 6
3177 5
3178 5
3179 3
3180 0
3181 3
3182 2
3183 4
3184 4
3185 4
3186 4
3187 4
3188 4
3189 4
3190 0
3191 0
3192 0
3193 1
3194 1
3195 5
3196 5
3197 5
3198 5
3199 5
3200 4
3201 4
3202 0
3203 0
3204 0
3205 0
3206 0
3207 0
3208 0
3209 6
3210 6
3211 6
3212 5
3213 5
3214 5
3215 5
3216 6
3217 6
3218 6
3219 6
3220 6
3221 5
3222 5
3223 5
3224 5
3225 5
3226 5
3227 5
3228 5
3229 5
3230 2
3231 2
3232 2
3233 1
3234 1
3235 4
3236 4
3237 4
3238 1
3239 4
3240 4
3241 4
3242 1
3243 1
3244 2
3245 7
3246 7
3247 7
3248 6
3249 7
3250 5
3251 5
3252 5
3253 5
3254 5
3255 5
3256 5
3257 5
3258 5
3259 5
3260 5
3261 5
3262 5
3263 5
3264 5
3265 4
3266 4
3267 7
3268 7
3269 4
3270 4
3271 4
3272 4
3273 4
3274 1
3275 1
3276 1
3277 1
3278 1
3279 1
3280 1
3281 1
3282 1
3283 1
3284 3
3285 1
3286 1
3287 1
3288 1
3289 1
3290 1
3291 0
3292 1
3293 1
3294 1
3295 1
3296 2
3297 2
3298 2
3299 2
3300 2
3301 2
3302 6
3303 6
3304 6
3305 6
3306 6
3307 6
3308 6
3309 6
3310 6
3311 6
3312 6
3313 6
3314 6
3315 6
3316 6
3317 6
3318 7
3319 7
3320 7
3321 0
3322 1
3323 1
3324 4
3325 2
3326 2
3327 2
3328 2
3329 2
3330 2
3331 2
3332 7
3333 1
3334 2
3335 1
3336 2
3337 7
3338 3
3339 2
3340 3
3341 2
3342 5
3343 4
3344 4
3345 4
3346 4
3347 4
3348 4
3349 4
3350 4
3351 4
3352 4
3353 4
3354 4
3355 4
3356 4
3357 0
3358 2
3359 3
3360 3
3361 4
3362 3
3363 4
3364 1
3365 1
3366 1
3367 1
3368 1
3369 1
3370 1
3371 1
3372 1
3373 1
3374 2
3375 2
3376 6
3377 3
3378 3
3379 3
3380 3
3381 3
3382 3
3383 3
3384 3
3385 3
3386 6
3387 6
3388 6
3389 4
3390 4
3391 5
3392 5
3393 5
3394 5
3395 5
3396 5
3397 3
3398 3
3399 3
3400 3
3401 3
3402 3
3403 3
3404 3
3405 3
3406 3
3407 3
3408 3
3409 3
3410 1
3411 3
3412 3
3413 4
3414 4
3415 6
3416 6
3417 6
3418 6
3419 6
3420 7
3421 7
3422 7
3423 7
3424 6
3425 6
3426 6
3427 7
3428 7
3429 7
3430 5
3431 5
3432 5
3433 5
3434 3
3435 3
3436 4
3437 2
3438 2
3439 2
3440 4
3441 2
3442 2
3443 2
3444 2
3445 2
3446 2
3447 7
3448 5
3449 6
3450 5
3451 3
3452 0
3453 0
3454 0
3455 4
3456 4
3457 4
3458 4
3459 4
3460 4
3461 4
3462 4
3463 4
3464 4
3465 4
3466 4
3467 4
3468 4
3469 4
3470 4
3471 4
3472 4
3473 4
3474 4
3475 4
3476 4
3477 4
3478 4
3479 4
3480 4
3481 4
3482 4
3483 4
3484 4
3485 4
3486 0
3487 0
3488 0
3489 7
3490 7
3491 0
3492 0
3493 0
3494 0
3495 4
3496 4
3497 4
3498 4
3499 7
3500 7
3501 5
3502 5
3503 5
3504 1
3505 5
3506 5
3507 5
3508 5
3509 6
3510 6
3511 6
3512 6
3513 6
3514 6
3515 6
3516 6
3517 2
3518 2
3519 2
3520 2
3521 2
3522 2
3523 2
3524 2
3525 2
3526 2
3527 2
3528 2
3529 2
3530 2
3531 2
3532 2
3533 2
3534 2
3535 2
3536 2
3537 2
3538 2
3539 2
3540 0
3541 0
3542 0
3543 3
3544 7
3545 7
3546 7
3547 7
3548 2
3549 2
3550 7
3551 3
3552 3
3553 3
3554 7
3555 7
3556 7
3557 6
3558 6
3559 2
3560 5
3561 5
3562 5
3563 5
3564 2
3565 2
3566 2
3567 2
3568 2
3569 4
3570 4
3571 4
3572 7
3573 2
3574 2
3575 5
3576 5
3577 5
3578 5
3579 5
3580 5
3581 5
3582 5
3583 5
3584 5
3585 5
3586 5
3587 6
3588 2
3589 5
3590 2
3591 4
3592 5
3593 0
3594 3
3595 3
3596 2
3597 1
3598 4
3599 2
3600 4
3601 3
3602 3
3603 5
3604 5
3605 7
3606 7
3607 7
3608 7
3609 7
3610 4
3611 6
3612 6
3613 2
3614 2
3615 2
3616 2
3617 0
3618 0
3619 5
3620 5
3621 3
3622 3
3623 3
3624 7
3625 7
3626 7
3627 7
3628 7
3629 7
3630 3
3631 3
3632 3
3633 3
3634 3
3635 3
3636 3
3637 3
3638 4
3639 4
3640 7
3641 7
3642 7
3643 3
3644 3
3645 3
3646 3
3647 3
3648 3
3649 3
3650 3
3651 3
3652 3
3653 5
3654 5
3655 5
3656 1
3657 4
3658 0
3659 0
3660 0
3661 0
3662 0
3663 0
3664 0
3665 0
3666 0
3667 0
3668 0
3669 0
3670 0
3671 0
3672 0
3673 0
3674 0
3675 0
3676 0
3677 0
3678 0
3679 0
3680 0
3681 0
3682 0
3683 0
3684 0
3685 0
3686 0
3687 0
3688 0
3689 0
3690 0
3691 0
3692 1
3693 1
3694 1
3695 6
3696 1
3697 5
3698 5
3699 5
3700 5
3701 5
3702 1
3703 4
3704 0
3705 0
3706 0
3707 1
3708 7
3709 7
3710 4
3711 4
3712 4
3713 4
3714 4
3715 4
3716 4
3717 4
3718 4
3719 4
3720 5
3721 5
3722 5
3723 5
3724 5
3725 6
3726 4
3727 4
3728 4
3729 7
3730 6
3731 6
3732 5
3733 1
3734 3
3735 3
3736 3
3737 3
3738 5
3739 5
3740 5
3741 5
3742 5
3743 5
3744 1
3745 1
3746 1
3747 1
3748 1
3749 1
3750 1
3751 1
3752 1
3753 1
3754 1
3755 1
3756 4
3757 4
3758 2
3759 2
3760 2
3761 0
3762 4
3763 6
3764 6
3765 3
3766 3
3767 3
3768 4
3769 4
3770 4
3771 4
3772 7
3773 1
3774 1
3775 3
3776 3
3777 3
3778 3
3779 3
3780 3
3781 0
3782 0
3783 0
3784 7
3785 7
3786 7
3787 7
3788 7
3789 3
3790 3
3791 3
3792 1
3793 1
3794 5
3795 5
3796 5
3797 3
3798 3
3799 3
3800 4
3801 4
3802 4
3803 4
3804 4
3805 4
3806 4
3807 6
3808 1
3809 2
3810 2
3811 2
3812 2
3813 2
3814 2
3815 6
3816 0
3817 7
3818 7
3819 2
3820 2
3821 2
3822 2
3823 2
3824 2
3825 2
3826 2
3827 4
3828 4
3829 4
3830 4
3831 0
3832 0
3833 5
3834 6
3835 6
3836 6
3837 0
3838 0
3839 1
3840 1
3841 1
3842 1
3843 1
3844 1
3845 1
3846 4
3847 4
3848 4
3849 4
3850 0
3851 0
3852 4
3853 4
3854 0
3855 3
3856 7
3857 7
3858 7
3859 7
3860 7
3861 7
3862 7
3863 6
3864 6
3865 6
3866 5
3867 5
3868 5
3869 5
3870 5
3871 5
3872 5
3873 7
3874 2
3875 2
3876 2
3877 2
3878 2
3879 2
3880 2
3881 2
3882 2
3883 2
3884 2
3885 3
3886 3
3887 3
3888 3
3889 3
3890 3
3891 5
3892 5
3893 5
3894 3
3895 3
3896 3
3897 3
3898 3
3899 4
3900 5
3901 5
3902 5
3903 5
3904 5
3905 5
3906 5
3907 5
3908 1
3909 1
3910 1
3911 1
3912 1
3913 1
3914 1
3915 1
3916 3
3917 3
3918 3
3919 3
3920 3
3921 3
3922 3
3923 3
3924 3
3925 5
3926 5
3927 5
3928 0
3929 0
3930 0
3931 0
3932 0
3933 5
3934 5
3935 5
3936 5
3937 7
3938 7
3939 7
3940 7
3941 7
3942 7
3943 7
3944 3
3945 5
3946 6
3947 4
3948 4
3949 4
3950 5
3951 3
3952 6
3953 1
3954 2
3955 3
3956 6
3957 6
3958 6
3959 6
3960 6
3961 3
3962 3
3963 7
3964 1
3965 4
3966 1
3967 5
3968 1
3969 1
3970 1
3971 1
3972 2
3973 2
3974 2
3975 2
3976 2
3977 2
3978 2
3979 2
3980 2
3981 2
3982 2
3983 2
3984 2
3985 2
3986 2
3987 0
3988 2
3989 2
3990 2
3991 4
3992 2
3993 2
3994 2
3995 1
3996 2
3997 2
3998 7
3999 7
4000 7
4001 1
4002 1
4003 1
4004 5
4005 4
4006 4
4007 3
4008 3
4009 3
4010 3
4011 3
4012 7
4013 0
4014 2
4015 6
4016 6
4017 1
4018 5
4019 6
4020 6
4021 6
4022 3
4023 2
4024 2
4025 2
4026 6
4027 1
4028 7
4029 7
4030 7
4031 3
4032 3
4033 3
4034 4
4035 6
4036 7
4037 3
4038 3
4039 0
4040 0
4041 0
4042 0
4043 0
4044 5
4045 5
4046 6
4047 6
4048 6
4049 6
4050 6
4051 5
4052 7
4053 1
4054 1
4055 6
4056 6
4057 6
4058 7
4059 6
4060 6
4061 6
4062 4
4063 4
4064 4
4065 7
4066 5
4067 1
4068 5
4069 7
4070 3
4071 3
4072 3
4073 3
4074 3
4075 3
4076 3
4077 3
4078 3
4079 3
4080 3
4081 3
4082 3
4083 3
4084 3
4085 7
4086 7
4087 3
4088 3
4089 5
4090 6
4091 6
4092 7
4093 7
4094 7
4095 0
4096 3
4097 3
4098 3
4099 5
4100 4
4101 4
4102 6
4103 5
4104 5
4105 3
4106 3
4107 3
4108 3
4109 1
4110 2
4111 2
4112 2
4113 6
4114 4
4115 0
4116 7
4117 7
4118 1
4119 1
4120 1
4121 1
4122 1
4123 1
4124 1
4125 1
4126 1
4127 5
4128 5
4129 4
4130 4
4131 4
4132 4
4133 4
4134 4
4135 7
4136 5
4137 3
4138 4
4139 5
4140 5
4141 6
4142 6
4143 6
4144 2
4145 0
4146 0
4147 0
4148 1
4149 1
4150 7
4151 5
4152 3
4153 7
4154 5
4155 4
4156 0
4157 6
