0 4
1 4
2 2
3 3
4 4
5 4
6 6
7 1
8 4
9 4
10 3
11 7
12 7
13 4
14 4
15 9
16 4
17 9
18 7
19 3
20 7
21 9
22 4
23 8
24 4
25 6
26 9
27 8
28 9
29 8
30 9
31 3
32 9
33 9
34 6
35 4
36 9
37 6
38 9
39 4
40 0
41 1
42 2
43 8
44 4
45 4
46 1
47 4
48 3
49 7
50 9
51 1
52 2
53 4
54 7
55 9
56 4
57 4
58 0
59 9
60 4
61 6
62 9
63 9
64 0
65 7
66 4
67 4
68 8
69 4
70 1
71 8
72 6
73 4
74 4
75 2
76 9
77 4
78 9
79 4
80 4
81 7
82 8
83 9
84 4
85 4
86 3
87 7
88 6
89 8
90 4
91 3
92 2
93 2
94 6
95 1
96 7
97 1
98 2
99 5
100 6
101 8
102 2
103 7
104 4
105 4
106 7
107 9
108 3
109 8
110 7
111 4
112 6
113 3
114 4
115 0
116 7
117 9
118 8
119 4
120 7
121 3
122 4
123 2
124 4
125 4
126 0
127 0
128 4
129 9
130 0
131 4
132 0
133 0
134 0
135 7
136 1
137 1
138 7
139 2
140 0
141 9
142 1
143 3
144 7
145 6
146 0
147 0
148 7
149 0
150 7
151 0
152 7
153 0
154 4
155 8
156 7
157 0
158 8
159 6
160 1
161 3
162 7
163 0
164 8
165 7
166 8
167 7
168 0
169 9
170 6
171 6
172 7
173 9
174 0
175 0
176 0
177 0
178 0
179 0
180 1
181 4
182 3
183 4
184 7
185 4
186 4
187 9
188 2
189 2
190 4
191 2
192 7
193 9
194 1
195 6
196 1
197 4
198 9
199 8
200 3
201 6
202 8
203 4
204 3
205 2
206 5
207 8
208 4
209 4
210 5
211 4
212 6
213 2
214 6
215 6
216 2
217 2
218 2
219 2
220 2
221 2
222 2
223 2
224 2
225 2
226 2
227 2
228 2
229 2
230 8
231 9
232 2
233 2
234 2
235 2
236 2
237 2
238 2
239 1
240 1
241 0
242 1
243 6
244 6
245 6
246 6
247 6
248 6
249 6
250 8
251 6
252 6
253 6
254 6
255 6
256 6
257 6
258 6
259 3
260 6
261 0
262 0
263 5
264 5
265 5
266 3
267 4
268 5
269 6
270 3
271 9
272 5
273 3
274 5
275 5
276 6
277 5
278 5
279 5
280 3
281 8
282 3
283 6
284 4
285 3
286 4
287 3
288 3
289 4
290 5
291 6
292 2
293 6
294 8
295 3
296 3
297 4
298 1
299 6
300 7
301 2
302 3
303 6
304 8
305 4
306 0
307 6
308 6
309 6
310 5
311 3
312 0
313 1
314 0
315 6
316 6
317 3
318 4
319 8
320 1
321 1
322 9
323 8
324 8
325 8
326 8
327 8
328 9
329 8
330 8
331 8
332 9
333 8
334 8
335 8
336 8
337 9
338 8
339 9
340 8
341 5
342 1
343 8
344 7
345 7
346 8
347 9
348 8
349 7
350 2
351 8
352 9
353 5
354 8
355 1
356 9
357 1
358 8
359 1
360 8
361 8
362 9
363 9
364 9
365 9
366 9
367 8
368 6
369 8
370 5
371 2
372 5
373 5
374 5
375 5
376 5
377 5
378 5
379 5
380 3
381 1
382 1
383 1
384 1
385 7
386 6
387 0
388 3
389 1
390 1
391 8
392 1
393 2
394 1
395 2
396 0
397 5
398 3
399 1
400 0
401 6
402 2
403 1
404 1
405 1
406 1
407 1
408 8
409 6
410 1
411 1
412 1
413 1
414 2
415 1
416 1
417 1
418 1
419 1
420 1
421 1
422 2
423 1
424 1
425 1
426 0
427 1
428 0
429 0
430 0
431 7
432 2
433 4
434 0
435 9
436 0
437 1
438 1
439 1
440 7
441 3
442 1
443 0
444 0
445 0
446 0
447 0
448 6
449 6
450 6
451 6
452 6
453 6
454 7
455 6
456 6
457 6
458 6
459 3
460 3
461 6
462 3
463 3
464 3
465 3
466 3
467 3
468 9
469 2
470 3
471 7
472 7
473 0
474 0
475 9
476 8
477 5
478 8
479 8
480 5
481 9
482 9
483 9
484 1
485 8
486 5
487 5
488 5
489 5
490 5
491 5
492 5
493 5
494 8
495 8
496 8
497 8
498 8
499 8
500 8
501 8
502 4
503 4
504 4
505 4
506 4
507 4
508 4
509 4
510 2
511 9
512 9
513 2
514 2
515 2
516 2
517 2
518 2
519 2
520 2
521 2
522 2
523 2
524 2
525 2
526 2
527 2
528 2
529 4
530 4
531 4
532 4
533 4
534 4
535 7
536 7
537 7
538 7
539 7
540 5
541 2
542 4
543 2
544 5
545 3
546 6
547 6
548 0
549 7
550 5
551 7
552 7
553 7
554 9
555 7
556 7
557 2
558 9
559 1
560 2
561 5
562 2
563 2
564 0
565 3
566 5
567 3
568 3
569 3
570 5
571 9
572 5
573 3
574 8
575 5
576 6
577 9
578 0
579 7
580 5
581 7
582 8
583 7
584 8
585 8
586 8
587 8
588 8
589 8
590 5
591 5
592 5
593 5
594 8
595 2
596 1
597 0
598 9
599 1
600 3
601 2
602 7
603 9
604 9
605 9
606 7
607 5
608 7
609 6
610 6
611 9
612 3
613 5
614 1
615 1
616 1
617 6
618 1
619 1
620 2
621 9
622 7
623 3
624 0
625 1
626 3
627 1
628 1
629 0
630 6
631 3
632 8
633 0
634 7
635 1
636 2
637 5
638 5
639 5
640 5
641 5
642 5
643 5
644 0
645 0
646 6
647 6
648 0
649 9
650 9
651 9
652 9
653 1
654 2
655 5
656 6
657 3
658 3
659 5
660 0
661 4
662 7
663 3
664 3
665 3
666 3
667 3
668 9
669 6
670 0
671 3
672 7
673 9
674 7
675 7
676 7
677 7
678 7
679 1
680 7
681 1
682 7
683 7
684 7
685 7
686 9
687 7
688 7
689 5
690 5
691 0
692 9
693 0
694 4
695 3
696 0
697 1
698 9
699 5
700 2
701 0
702 0
703 0
704 5
705 3
706 8
707 0
708 2
709 7
710 3
711 3
712 0
713 5
714 0
715 8
716 5
717 5
718 0
719 3
720 0
721 7
722 7
723 9
724 6
725 6
726 6
727 9
728 1
729 1
730 3
731 0
732 3
733 9
734 8
735 5
736 7
737 9
738 5
739 8
740 3
741 3
742 3
743 3
744 1
745 3
746 7
747 5
748 6
749 0
750 0
751 6
752 5
753 5
754 0
755 2
756 0
757 4
758 8
759 7
760 7
761 8
