0 0
1 0
2 1
3 0
4 0
5 0
6 3
7 1
8 0
9 0
10 3
11 2
12 2
13 0
14 0
15 0
16 0
17 2
18 2
19 0
20 2
21 0
22 0
23 2
24 0
25 3
26 2
27 2
28 2
29 2
30 0
31 0
32 0
33 3
34 3
35 0
36 0
37 3
38 0
39 0
40 0
41 1
42 1
43 2
44 0
45 0
46 1
47 0
48 3
49 3
50 0
51 1
52 1
53 0
54 2
55 2
56 0
57 0
58 1
59 0
60 0
61 3
62 0
63 0
64 0
65 2
66 0
67 0
68 2
69 0
70 1
71 2
72 3
73 0
74 0
75 1
76 0
77 0
78 1
79 0
80 0
81 2
82 0
83 2
84 0
85 0
86 0
87 2
88 3
89 2
90 0
91 0
92 1
93 1
94 3
95 1
96 2
97 1
98 1
99 0
100 1
101 2
102 1
103 2
104 0
105 0
106 2
107 2
108 3
109 2
110 2
111 0
112 3
113 0
114 0
115 0
116 2
117 0
118 2
119 0
120 2
121 0
122 0
123 1
124 0
125 0
126 0
127 0
128 0
129 2
130 0
131 0
132 0
133 0
134 0
135 2
136 1
137 0
138 2
139 1
140 0
141 2
142 1
143 3
144 2
145 3
146 0
147 0
148 2
149 0
150 2
151 0
152 2
153 0
154 0
155 2
156 2
157 0
158 3
159 3
160 1
161 0
162 2
163 0
164 2
165 2
166 2
167 2
168 0
169 3
170 3
171 3
172 2
173 3
174 3
175 0
176 0
177 0
178 0
179 0
180 1
181 0
182 0
183 0
184 2
185 0
186 0
187 2
188 1
189 1
190 0
191 1
192 2
193 3
194 1
195 3
196 1
197 0
198 1
199 2
200 0
201 3
202 2
203 0
204 3
205 1
206 3
207 2
208 0
209 1
210 3
211 0
212 3
213 1
214 3
215 3
216 1
217 1
218 1
219 1
220 1
221 1
222 1
223 1
224 1
225 1
226 1
227 1
228 1
229 1
230 2
231 2
232 1
233 1
234 1
235 1
236 1
237 1
238 1
239 1
240 1
241 1
242 1
243 3
244 3
245 3
246 3
247 3
248 3
249 3
250 2
251 3
252 3
253 3
254 3
255 3
256 3
257 3
258 3
259 3
260 3
261 0
262 0
263 3
264 3
265 3
266 3
267 0
268 3
269 3
270 3
271 3
272 3
273 0
274 3
275 3
276 3
277 3
278 3
279 3
280 3
281 2
282 0
283 3
284 0
285 0
286 0
287 0
288 0
289 0
290 2
291 3
292 1
293 3
294 2
295 0
296 0
297 0
298 1
299 3
300 2
301 1
302 0
303 3
304 2
305 0
306 1
307 2
308 3
309 3
310 0
311 3
312 3
313 1
314 1
315 3
316 3
317 0
318 0
319 2
320 1
321 1
322 2
323 2
324 2
325 2
326 2
327 2
328 2
329 2
330 2
331 2
332 2
333 2
334 2
335 2
336 2
337 2
338 2
339 2
340 2
341 3
342 1
343 2
344 2
345 2
346 2
347 3
348 2
349 2
350 1
351 2
352 3
353 3
354 2
355 1
356 2
357 1
358 2
359 1
360 2
361 2
362 2
363 2
364 1
365 2
366 2
367 2
368 3
369 2
370 3
371 1
372 3
373 3
374 3
375 3
376 3
377 3
378 3
379 3
380 3
381 1
382 1
383 1
384 1
385 2
386 3
387 3
388 3
389 1
390 1
391 2
392 1
393 1
394 1
395 1
396 0
397 2
398 1
399 1
400 0
401 3
402 1
403 1
404 1
405 1
406 1
407 1
408 2
409 3
410 1
411 1
412 1
413 1
414 1
415 1
416 1
417 1
418 1
419 1
420 1
421 1
422 1
423 1
424 1
425 1
426 3
427 1
428 0
429 0
430 0
431 2
432 1
433 0
434 0
435 0
436 0
437 1
438 1
439 1
440 2
441 3
442 1
443 3
444 3
445 3
446 3
447 1
448 3
449 3
450 3
451 3
452 3
453 3
454 2
455 3
456 3
457 3
458 3
459 3
460 3
461 3
462 3
463 0
464 3
465 3
466 3
467 3
468 3
469 1
470 3
471 2
472 0
473 2
474 0
475 1
476 2
477 1
478 2
479 2
480 2
481 2
482 2
483 2
484 2
485 2
486 0
487 2
488 2
489 2
490 2
491 2
492 3
493 2
494 2
495 2
496 2
497 2
498 2
499 2
500 2
501 2
502 0
503 0
504 0
505 0
506 0
507 0
508 0
509 0
510 1
511 1
512 1
513 1
514 1
515 1
516 1
517 1
518 1
519 1
520 1
521 1
522 1
523 1
524 1
525 1
526 1
527 1
528 1
529 0
530 0
531 0
532 0
533 0
534 0
535 2
536 2
537 2
538 2
539 2
540 0
541 1
542 0
543 1
544 3
545 0
546 3
547 3
548 0
549 0
550 0
551 2
552 2
553 2
554 2
555 2
556 2
557 1
558 1
559 1
560 1
561 3
562 1
563 1
564 0
565 0
566 3
567 3
568 3
569 3
570 3
571 2
572 3
573 3
574 2
575 2
576 3
577 0
578 0
579 2
580 0
581 2
582 2
583 2
584 2
585 2
586 2
587 2
588 2
589 2
590 3
591 3
592 3
593 3
594 2
595 1
596 1
597 0
598 3
599 1
600 0
601 1
602 2
603 2
604 2
605 2
606 2
607 3
608 2
609 3
610 3
611 2
612 3
613 1
614 1
615 1
616 1
617 3
618 1
619 1
620 1
621 1
622 2
623 3
624 0
625 1
626 3
627 1
628 1
629 0
630 3
631 3
632 2
633 1
634 2
635 1
636 1
637 0
638 0
639 0
640 0
641 0
642 0
643 0
644 1
645 3
646 3
647 3
648 3
649 2
650 2
651 2
652 3
653 1
654 1
655 1
656 3
657 3
658 0
659 0
660 1
661 0
662 2
663 3
664 3
665 3
666 3
667 3
668 3
669 3
670 0
671 0
672 2
673 3
674 2
675 2
676 2
677 2
678 2
679 1
680 2
681 1
682 2
683 2
684 2
685 2
686 2
687 2
688 2
689 1
690 1
691 0
692 0
693 0
694 0
695 3
696 1
697 1
698 0
699 3
700 1
701 3
702 2
703 1
704 3
705 3
706 2
707 0
708 1
709 2
710 1
711 3
712 0
713 1
714 3
715 2
716 0
717 0
718 3
719 3
720 3
721 2
722 2
723 1
724 1
725 3
726 3
727 0
728 1
729 1
730 3
731 0
732 3
733 1
734 2
735 0
736 2
737 3
738 1
739 1
740 0
741 3
742 0
743 3
744 1
745 0
746 0
747 0
748 1
749 0
750 0
751 3
752 3
753 0
754 0
755 1
756 2
757 0
758 3
759 2
760 2
761 2
