0 1 44
0 2 2
0 3 59
0 4 20
0 5 11
0 6 45
0 7 15
0 8 35
0 9 52
0 10 1
0 11 31
0 12 13
0 13 14
0 14 24
0 15 8
0 16 5
0 17 39
0 18 58
0 19 28
0 20 33
0 21 34
0 22 50
0 23 36
0 24 43
0 25 23
0 26 53
0 27 3
0 28 26
0 29 54
0 30 47
0 31 42
0 32 40
0 33 9
0 34 56
0 35 21
0 36 17
0 37 27
0 38 7
0 39 49
0 40 48
0 41 41
0 42 6
0 43 38
0 44 55
0 45 16
0 46 22
0 47 10
0 48 37
0 49 29
0 50 30
0 51 46
0 52 57
0 53 51
0 54 32
0 55 18
0 56 25
0 57 19
0 58 4
0 59 12
1 1 20
1 2 21
1 3 17
1 4 16
1 5 34
1 6 5
1 7 46
1 8 58
1 9 15
1 10 38
1 11 14
1 12 54
1 13 52
1 14 35
1 15 53
1 16 37
1 17 44
1 18 9
1 19 2
1 20 8
1 21 25
1 22 22
1 23 6
1 24 10
1 25 43
1 26 33
1 27 0
1 28 7
1 29 27
1 30 28
1 31 19
1 32 30
1 33 50
1 34 18
1 35 40
1 36 59
1 37 51
1 38 12
1 39 55
1 40 13
1 41 4
1 42 29
1 43 39
1 44 49
1 45 36
1 46 3
1 47 57
1 48 48
1 49 26
1 50 41
1 51 23
1 52 32
1 53 24
1 54 31
1 55 47
1 56 11
1 57 56
1 58 42
1 59 45
2 1 29
2 2 16
2 3 49
2 4 28
2 5 55
2 6 50
2 7 32
2 8 4
2 9 40
2 10 51
2 11 35
2 12 26
2 13 10
2 14 39
2 15 48
2 16 52
2 17 9
2 18 43
2 19 27
2 20 47
2 21 3
2 22 20
2 23 34
2 24 33
2 25 46
2 26 22
2 27 18
2 28 17
2 29 30
2 30 11
2 31 31
2 32 0
2 33 1
2 34 14
2 35 44
2 36 8
2 37 13
2 38 59
2 39 19
2 40 23
2 41 45
2 42 42
2 43 5
2 44 41
2 45 25
2 46 56
2 47 57
2 48 6
2 49 15
2 50 54
2 51 58
2 52 7
2 53 37
2 54 36
2 55 21
2 56 12
2 57 53
2 58 24
2 59 38
3 1 33
3 2 12
3 3 23
3 4 4
3 5 46
3 6 50
3 7 26
3 8 36
3 9 13
3 10 47
3 11 38
3 12 41
3 13 56
3 14 14
3 15 1
3 16 15
3 17 59
3 18 20
3 19 35
3 20 18
3 21 28
3 22 29
3 23 6
3 24 48
3 25 57
3 26 40
3 27 51
3 28 16
3 29 5
3 30 11
3 31 22
3 32 25
3 33 9
3 34 37
3 35 52
3 36 17
3 37 24
3 38 19
3 39 2
3 40 55
3 41 32
3 42 43
3 43 53
3 44 42
3 45 31
3 46 49
3 47 21
3 48 0
3 49 7
3 50 45
3 51 10
3 52 54
3 53 27
3 54 34
3 55 39
3 56 44
3 57 8
3 58 58
3 59 30
4 1 54
4 2 48
4 3 19
4 4 38
4 5 20
4 6 33
4 7 55
4 8 49
4 9 26
4 10 0
4 11 45
4 12 17
4 13 36
4 14 13
4 15 52
4 16 50
4 17 22
4 18 44
4 19 31
4 20 2
4 21 29
4 22 28
4 23 9
4 24 56
4 25 10
4 26 51
4 27 35
4 28 25
4 29 11
4 30 5
4 31 57
4 32 42
4 33 39
4 34 3
4 35 23
4 36 37
4 37 8
4 38 21
4 39 7
4 40 41
4 41 18
4 42 14
4 43 46
4 44 24
4 45 58
4 46 15
4 47 34
4 48 53
4 49 40
4 50 1
4 51 32
4 52 6
4 53 27
4 54 47
4 55 12
4 56 16
4 57 59
4 58 30
4 59 43
5 1 47
5 2 11
5 3 16
5 4 6
5 5 26
5 6 32
5 7 42
5 8 46
5 9 12
5 10 44
5 11 36
5 12 37
5 13 58
5 14 39
5 15 18
5 16 24
5 17 55
5 18 22
5 19 9
5 20 53
5 21 20
5 22 3
5 23 1
5 24 50
5 25 29
5 26 7
5 27 14
5 28 59
5 29 40
5 30 35
5 31 34
5 32 27
5 33 15
5 34 25
5 35 56
5 36 13
5 37 33
5 38 8
5 39 41
5 40 38
5 41 17
5 42 2
5 43 19
5 44 52
5 45 57
5 46 10
5 47 48
5 48 4
5 49 51
5 50 54
5 51 30
5 52 21
5 53 49
5 54 23
5 55 28
5 56 45
5 57 31
5 58 0
5 59 43
6 1 22
6 2 40
6 3 26
6 4 39
6 5 2
6 6 8
6 7 50
6 8 33
6 9 24
6 10 35
6 11 45
6 12 30
6 13 42
6 14 52
6 15 3
6 16 16
6 17 12
6 18 31
6 19 38
6 20 36
6 21 59
6 22 51
6 23 57
6 24 56
6 25 20
6 26 46
6 27 11
6 28 47
6 29 53
6 30 43
6 31 41
6 32 49
6 33 9
6 34 32
6 35 54
6 36 4
6 37 27
6 38 28
6 39 1
6 40 37
6 41 5
6 42 7
6 43 10
6 44 21
6 45 17
6 46 18
6 47 19
6 48 14
6 49 55
6 50 29
6 51 15
6 52 0
6 53 25
6 54 58
6 55 34
6 56 23
6 57 13
6 58 48
6 59 44
7 1 47
7 2 28
7 3 49
7 4 57
7 5 42
7 6 1
7 7 35
7 8 20
7 9 37
7 10 5
7 11 18
7 12 31
7 13 33
7 14 46
7 15 45
7 16 41
7 17 22
7 18 44
7 19 0
7 20 24
7 21 12
7 22 48
7 23 39
7 24 17
7 25 4
7 26 55
7 27 6
7 28 32
7 29 58
7 30 51
7 31 2
7 32 54
7 33 10
7 34 34
7 35 38
7 36 25
7 37 56
7 38 26
7 39 43
7 40 19
7 41 15
7 42 36
7 43 59
7 44 8
7 45 53
7 46 29
7 47 13
7 48 16
7 49 50
7 50 40
7 51 30
7 52 23
7 53 9
7 54 21
7 55 3
7 56 14
7 57 27
7 58 11
7 59 52
8 1 11
8 2 59
8 3 42
8 4 23
8 5 10
8 6 48
8 7 39
8 8 22
8 9 52
8 10 20
8 11 19
8 12 1
8 13 44
8 14 34
8 15 51
8 16 43
8 17 38
8 18 37
8 19 35
8 20 55
8 21 56
8 22 6
8 23 32
8 24 14
8 25 26
8 26 16
8 27 57
8 28 0
8 29 7
8 30 17
8 31 53
8 32 30
8 33 50
8 34 46
8 35 45
8 36 31
8 37 25
8 38 21
8 39 24
8 40 36
8 41 40
8 42 33
8 43 58
8 44 49
8 45 41
8 46 27
8 47 47
8 48 3
8 49 54
8 50 15
8 51 5
8 52 9
8 53 18
8 54 28
8 55 2
8 56 29
8 57 4
8 58 13
8 59 12
9 1 11
9 2 26
9 3 2
9 4 4
9 5 25
9 6 14
9 7 52
9 8 43
9 9 39
9 10 37
9 11 54
9 12 48
9 13 13
9 14 55
9 15 53
9 16 50
9 17 12
9 18 35
9 19 10
9 20 0
9 21 18
9 22 45
9 23 38
9 24 20
9 25 33
9 26 28
9 27 3
9 28 1
9 29 58
9 30 44
9 31 19
9 32 23
9 33 34
9 34 56
9 35 8
9 36 31
9 37 29
9 38 5
9 39 40
9 40 49
9 41 27
9 42 16
9 43 17
9 44 59
9 45 30
9 46 51
9 47 15
9 48 57
9 49 42
9 50 36
9 51 24
9 52 21
9 53 22
9 54 47
9 55 32
9 56 41
9 57 6
9 58 7
9 59 46
10 1 14
10 2 46
10 3 16
10 4 29
10 5 34
10 6 15
10 7 44
10 8 24
10 9 20
10 10 26
10 11 38
10 12 43
10 13 35
10 14 18
10 15 45
10 16 30
10 17 4
10 18 58
10 19 9
10 20 25
10 21 36
10 22 53
10 23 12
10 24 8
10 25 40
10 26 28
10 27 23
10 28 2
10 29 33
10 30 54
10 31 42
10 32 39
10 33 55
10 34 22
10 35 7
10 36 50
10 37 5
10 38 47
10 39 11
10 40 49
10 41 37
10 42 0
10 43 6
10 44 3
10 45 51
10 46 41
10 47 56
10 48 13
10 49 19
10 50 31
10 51 27
10 52 48
10 53 17
10 54 21
10 55 57
10 56 52
10 57 32
10 58 1
10 59 59
11 1 59
11 2 31
11 3 8
11 4 19
11 5 25
11 6 9
11 7 16
11 8 58
11 9 38
11 10 1
11 11 22
11 12 45
11 13 28
11 14 56
11 15 49
11 16 15
11 17 10
11 18 0
11 19 23
11 20 48
11 21 47
11 22 3
11 23 2
11 24 43
11 25 34
11 26 6
11 27 53
11 28 40
11 29 14
11 30 46
11 31 32
11 32 44
11 33 24
11 34 35
11 35 7
11 36 55
11 37 52
11 38 4
11 39 54
11 40 30
11 41 36
11 42 37
11 43 20
11 44 41
11 45 50
11 46 12
11 47 51
11 48 17
11 49 18
11 50 21
11 51 29
11 52 39
11 53 27
11 54 33
11 55 42
11 56 57
11 57 26
11 58 5
11 59 13
12 1 24
12 2 15
12 3 41
12 4 44
12 5 46
12 6 47
12 7 59
12 8 52
12 9 35
12 10 58
12 11 51
12 12 33
12 13 55
12 14 56
12 15 19
12 16 26
12 17 5
12 18 43
12 19 16
12 20 39
12 21 0
12 22 20
12 23 10
12 24 2
12 25 21
12 26 50
12 27 14
12 28 53
12 29 18
12 30 7
12 31 28
12 32 48
12 33 40
12 34 22
12 35 45
12 36 29
12 37 42
12 38 34
12 39 49
12 40 37
12 41 9
12 42 13
12 43 17
12 44 27
12 45 4
12 46 31
12 47 54
12 48 8
12 49 23
12 50 6
12 51 3
12 52 32
12 53 57
12 54 36
12 55 25
12 56 1
12 57 11
12 58 30
12 59 38
13 1 43
13 2 46
13 3 11
13 4 0
13 5 26
13 6 24
13 7 30
13 8 25
13 9 52
13 10 54
13 11 8
13 12 32
13 13 38
13 14 14
13 15 21
13 16 18
13 17 55
13 18 2
13 19 39
13 20 42
13 21 35
13 22 59
13 23 36
13 24 58
13 25 28
13 26 3
13 27 34
13 28 44
13 29 49
13 30 22
13 31 1
13 32 50
13 33 20
13 34 37
13 35 17
13 36 48
13 37 16
13 38 19
13 39 40
13 40 33
13 41 9
13 42 41
13 43 29
13 44 51
13 45 5
13 46 6
13 47 23
13 48 15
13 49 10
13 50 27
13 51 57
13 52 7
13 53 45
13 54 4
13 55 47
13 56 12
13 57 56
13 58 31
13 59 53
14 1 12
14 2 49
14 3 57
14 4 20
14 5 36
14 6 50
14 7 55
14 8 56
14 9 42
14 10 22
14 11 6
14 12 30
14 13 5
14 14 37
14 15 23
14 16 7
14 17 0
14 18 43
14 19 58
14 20 33
14 21 47
14 22 34
14 23 54
14 24 45
14 25 21
14 26 25
14 27 2
14 28 44
14 29 4
14 30 31
14 31 28
14 32 29
14 33 46
14 34 59
14 35 39
14 36 51
14 37 9
14 38 38
14 39 27
14 40 11
14 41 8
14 42 19
14 43 32
14 44 41
14 45 24
14 46 53
14 47 17
14 48 52
14 49 35
14 50 13
14 51 16
14 52 1
14 53 26
14 54 3
14 55 18
14 56 48
14 57 15
14 58 40
14 59 10
15 1 32
15 2 34
15 3 41
15 4 35
15 5 52
15 6 10
15 7 49
15 8 2
15 9 48
15 10 9
15 11 36
15 12 42
15 13 1
15 14 13
15 15 26
15 16 24
15 17 25
15 18 59
15 19 8
15 20 11
15 21 27
15 22 29
15 23 16
15 24 21
15 25 56
15 26 28
15 27 40
15 28 23
15 29 47
15 30 33
15 31 54
15 32 57
15 33 4
15 34 58
15 35 46
15 36 18
15 37 43
15 38 45
15 39 22
15 40 55
15 41 12
15 42 6
15 43 30
15 44 31
15 45 17
15 46 0
15 47 39
15 48 14
15 49 7
15 50 44
15 51 51
15 52 53
15 53 50
15 54 5
15 55 3
15 56 38
15 57 19
15 58 37
15 59 20
16 1 17
16 2 51
16 3 42
16 4 28
16 5 53
16 6 57
16 7 3
16 8 23
16 9 25
16 10 13
16 11 33
16 12 30
16 13 44
16 14 6
16 15 38
16 16 39
16 17 37
16 18 15
16 19 52
16 20 43
16 21 32
16 22 21
16 23 35
16 24 48
16 25 27
16 26 46
16 27 29
16 28 10
16 29 1
16 30 0
16 31 24
16 32 47
16 33 11
16 34 18
16 35 4
16 36 41
16 37 26
16 38 7
16 39 19
16 40 56
16 41 8
16 42 45
16 43 40
16 44 22
16 45 9
16 46 14
16 47 5
16 48 31
16 49 54
16 50 36
16 51 20
16 52 58
16 53 2
16 54 12
16 55 55
16 56 59
16 57 50
16 58 34
16 59 49
17 1 24
17 2 16
17 3 43
17 4 52
17 5 38
17 6 9
17 7 11
17 8 37
17 9 3
17 10 56
17 11 32
17 12 31
17 13 28
17 14 53
17 15 39
17 16 54
17 17 50
17 18 26
17 19 46
17 20 29
17 21 44
17 22 36
17 23 35
17 24 1
17 25 4
17 26 19
17 27 21
17 28 6
17 29 41
17 30 59
17 31 47
17 32 0
17 33 40
17 34 8
17 35 2
17 36 13
17 37 22
17 38 15
17 39 7
17 40 49
17 41 25
17 42 58
17 43 10
17 44 12
17 45 23
17 46 5
17 47 30
17 48 42
17 49 57
17 50 34
17 51 27
17 52 14
17 53 48
17 54 45
17 55 55
17 56 33
17 57 51
17 58 18
17 59 20
18 1 48
18 2 49
18 3 35
18 4 30
18 5 47
18 6 45
18 7 3
18 8 4
18 9 36
18 10 20
18 11 53
18 12 0
18 13 29
18 14 44
18 15 34
18 16 32
18 17 54
18 18 33
18 19 41
18 20 42
18 21 13
18 22 50
18 23 38
18 24 11
18 25 24
18 26 15
18 27 1
18 28 31
18 29 7
18 30 55
18 31 17
18 32 21
18 33 51
18 34 59
18 35 39
18 36 12
18 37 8
18 38 57
18 39 37
18 40 2
18 41 27
18 42 6
18 43 26
18 44 40
18 45 19
18 46 52
18 47 28
18 48 9
18 49 14
18 50 5
18 51 46
18 52 25
18 53 58
18 54 56
18 55 43
18 56 23
18 57 10
18 58 16
18 59 22
19 1 16
19 2 40
19 3 14
19 4 18
19 5 36
19 6 11
19 7 53
19 8 34
19 9 29
19 10 38
19 11 52
19 12 15
19 13 39
19 14 41
19 15 27
19 16 42
19 17 10
19 18 49
19 19 44
19 20 35
19 21 43
19 22 48
19 23 46
19 24 23
19 25 51
19 26 55
19 27 54
19 28 3
19 29 17
19 30 47
19 31 8
19 32 25
19 33 7
19 34 37
19 35 5
19 36 31
19 37 30
19 38 26
19 39 0
19 40 1
19 41 20
19 42 13
19 43 22
19 44 21
19 45 6
19 46 33
19 47 2
19 48 45
19 49 9
19 50 56
19 51 12
19 52 28
19 53 58
19 54 24
19 55 4
19 56 32
19 57 59
19 58 50
19 59 57
20 1 10
20 2 18
20 3 46
20 4 22
20 5 47
20 6 49
20 7 30
20 8 35
20 9 12
20 10 37
20 11 29
20 12 27
20 13 51
20 14 11
20 15 16
20 16 9
20 17 5
20 18 54
20 19 52
20 20 13
20 21 8
20 22 34
20 23 14
20 24 42
20 25 19
20 26 17
20 27 44
20 28 0
20 29 57
20 30 55
20 31 1
20 32 39
20 33 56
20 34 31
20 35 38
20 36 25
20 37 33
20 38 40
20 39 48
20 40 32
20 41 24
20 42 41
20 43 26
20 44 59
20 45 28
20 46 45
20 47 3
20 48 4
20 49 6
20 50 21
20 51 36
20 52 53
20 53 43
20 54 7
20 55 15
20 56 23
20 57 58
20 58 2
20 59 50
21 1 58
21 2 39
21 3 12
21 4 27
21 5 14
21 6 6
21 7 34
21 8 35
21 9 40
21 10 2
21 11 8
21 12 46
21 13 26
21 14 7
21 15 20
21 16 42
21 17 24
21 18 10
21 19 5
21 20 54
21 21 13
21 22 15
21 23 23
21 24 1
21 25 37
21 26 48
21 27 52
21 28 49
21 29 51
21 30 31
21 31 18
21 32 50
21 33 11
21 34 22
21 35 0
21 36 36
21 37 25
21 38 43
21 39 29
21 40 55
21 41 3
21 42 17
21 43 45
21 44 53
21 45 59
21 46 30
21 47 28
21 48 57
21 49 16
21 50 33
21 51 9
21 52 41
21 53 4
21 54 44
21 55 47
21 56 19
21 57 56
21 58 38
21 59 32
22 1 58
22 2 28
22 3 49
22 4 9
22 5 42
22 6 16
22 7 51
22 8 55
22 9 6
22 10 21
22 11 47
22 12 24
22 13 18
22 14 13
22 15 44
22 16 45
22 17 53
22 18 8
22 19 59
22 20 31
22 21 4
22 22 38
22 23 32
22 24 43
22 25 5
22 26 29
22 27 36
22 28 54
22 29 3
22 30 23
22 31 30
22 32 15
22 33 7
22 34 46
22 35 14
22 36 27
22 37 26
22 38 56
22 39 34
22 40 0
22 41 25
22 42 19
22 43 17
22 44 10
22 45 39
22 46 12
22 47 41
22 48 2
22 49 11
22 50 37
22 51 33
22 52 52
22 53 1
22 54 57
22 55 35
22 56 40
22 57 50
22 58 48
22 59 20
23 1 9
23 2 29
23 3 56
23 4 34
23 5 0
23 6 43
23 7 41
23 8 16
23 9 40
23 10 48
23 11 58
23 12 17
23 13 45
23 14 1
23 15 6
23 16 50
23 17 28
23 18 47
23 19 30
23 20 44
23 21 52
23 22 19
23 23 53
23 24 39
23 25 10
23 26 38
23 27 31
23 28 25
23 29 8
23 30 22
23 31 18
23 32 32
23 33 12
23 34 36
23 35 33
23 36 35
23 37 49
23 38 27
23 39 26
23 40 2
23 41 4
23 42 24
23 43 42
23 44 51
23 45 7
23 46 37
23 47 46
23 48 3
23 49 57
23 50 55
23 51 13
23 52 5
23 53 20
23 54 15
23 55 14
23 56 54
23 57 11
23 58 59
23 59 21
24 1 16
24 2 40
24 3 53
24 4 12
24 5 44
24 6 5
24 7 6
24 8 46
24 9 13
24 10 23
24 11 4
24 12 15
24 13 7
24 14 56
24 15 43
24 16 29
24 17 57
24 18 2
24 19 48
24 20 51
24 21 22
24 22 10
24 23 52
24 24 14
24 25 11
24 26 42
24 27 17
24 28 30
24 29 45
24 30 3
24 31 26
24 32 37
24 33 55
24 34 49
24 35 35
24 36 54
24 37 39
24 38 33
24 39 31
24 40 9
24 41 1
24 42 19
24 43 18
24 44 38
24 45 20
24 46 34
24 47 50
24 48 47
24 49 28
24 50 25
24 51 36
24 52 21
24 53 8
24 54 0
24 55 58
24 56 27
24 57 32
24 58 41
24 59 59
25 1 14
25 2 29
25 3 33
25 4 5
25 5 6
25 6 50
25 7 3
25 8 4
25 9 40
25 10 10
25 11 17
25 12 18
25 13 16
25 14 52
25 15 2
25 16 46
25 17 51
25 18 9
25 19 36
25 20 42
25 21 35
25 22 44
25 23 43
25 24 0
25 25 22
25 26 59
25 27 53
25 28 19
25 29 34
25 30 47
25 31 39
25 32 20
25 33 1
25 34 7
25 35 57
25 36 48
25 37 41
25 38 26
25 39 37
25 40 45
25 41 23
25 42 21
25 43 12
25 44 24
25 45 38
25 46 58
25 47 54
25 48 27
25 49 13
25 50 31
25 51 28
25 52 56
25 53 30
25 54 15
25 55 11
25 56 49
25 57 55
25 58 8
25 59 32
26 1 32
26 2 48
26 3 37
26 4 9
26 5 15
26 6 52
26 7 1
26 8 49
26 9 21
26 10 22
26 11 12
26 12 59
26 13 54
26 14 53
26 15 30
26 16 14
26 17 34
26 18 18
26 19 50
26 20 35
26 21 47
26 22 13
26 23 39
26 24 11
26 25 43
26 26 55
26 27 41
26 28 38
26 29 2
26 30 10
26 31 7
26 32 46
26 33 4
26 34 57
26 35 19
26 36 58
26 37 24
26 38 28
26 39 40
26 40 17
26 41 25
26 42 33
26 43 45
26 44 56
26 45 5
26 46 0
26 47 6
26 48 23
26 49 27
26 50 8
26 51 29
26 52 51
26 53 16
26 54 36
26 55 31
26 56 3
26 57 20
26 58 42
26 59 44
27 1 53
27 2 6
27 3 31
27 4 37
27 5 10
27 6 49
27 7 34
27 8 14
27 9 4
27 10 17
27 11 12
27 12 24
27 13 35
27 14 38
27 15 2
27 16 52
27 17 26
27 18 54
27 19 18
27 20 21
27 21 47
27 22 19
27 23 25
27 24 23
27 25 7
27 26 41
27 27 39
27 28 55
27 29 46
27 30 8
27 31 30
27 32 15
27 33 5
27 34 40
27 35 58
27 36 22
27 37 20
27 38 57
27 39 45
27 40 28
27 41 0
27 42 33
27 43 43
27 44 44
27 45 59
27 46 3
27 47 1
27 48 42
27 49 51
27 50 13
27 51 16
27 52 48
27 53 36
27 54 56
27 55 29
27 56 32
27 57 11
27 58 50
27 59 9
28 1 16
28 2 40
28 3 4
28 4 12
28 5 15
28 6 39
28 7 27
28 8 8
28 9 48
28 10 51
28 11 21
28 12 54
28 13 25
28 14 49
28 15 55
28 16 43
28 17 24
28 18 29
28 19 5
28 20 17
28 21 53
28 22 3
28 23 6
28 24 35
28 25 11
28 26 52
28 27 9
28 28 26
28 29 45
28 30 58
28 31 2
28 32 32
28 33 22
28 34 10
28 35 14
28 36 57
28 37 41
28 38 59
28 39 1
28 40 38
28 41 13
28 42 31
28 43 47
28 44 30
28 45 20
28 46 0
28 47 33
28 48 36
28 49 56
28 50 19
28 51 42
28 52 37
28 53 44
28 54 18
28 55 50
28 56 23
28 57 46
28 58 34
28 59 7
29 1 21
29 2 43
29 3 8
29 4 27
29 5 46
29 6 38
29 7 5
29 8 14
29 9 1
29 10 33
29 11 16
29 12 32
29 13 44
29 14 49
29 15 45
29 16 40
29 17 10
29 18 47
29 19 54
29 20 22
29 21 4
29 22 51
29 23 7
29 24 34
29 25 11
29 26 31
29 27 39
29 28 26
29 29 37
29 30 12
29 31 36
29 32 13
29 33 15
29 34 20
29 35 56
29 36 41
29 37 0
29 38 42
29 39 52
29 40 2
29 41 19
29 42 50
29 43 28
29 44 9
29 45 18
29 46 3
29 47 35
29 48 17
29 49 24
29 50 48
29 51 53
29 52 30
29 53 59
29 54 6
29 55 58
29 56 57
29 57 55
29 58 25
29 59 23
30 1 2
30 2 6
30 3 48
30 4 4
30 5 46
30 6 56
30 7 33
30 8 50
30 9 3
30 10 7
30 11 52
30 12 54
30 13 15
30 14 10
30 15 22
30 16 5
30 17 16
30 18 18
30 19 49
30 20 44
30 21 47
30 22 39
30 23 11
30 24 25
30 25 53
30 26 1
30 27 0
30 28 8
30 29 51
30 30 57
30 31 58
30 32 27
30 33 17
30 34 38
30 35 43
30 36 35
30 37 40
30 38 34
30 39 32
30 40 28
30 41 37
30 42 59
30 43 31
30 44 21
30 45 9
30 46 29
30 47 13
30 48 45
30 49 26
30 50 24
30 51 23
30 52 14
30 53 41
30 54 36
30 55 12
30 56 42
30 57 20
30 58 19
30 59 55
31 1 29
31 2 4
31 3 11
31 4 47
31 5 19
31 6 53
31 7 57
31 8 13
31 9 59
31 10 58
31 11 15
31 12 34
31 13 41
31 14 5
31 15 14
31 16 38
31 17 18
31 18 28
31 19 6
31 20 12
31 21 30
31 22 56
31 23 16
31 24 46
31 25 45
31 26 1
31 27 48
31 28 24
31 29 35
31 30 49
31 31 43
31 32 36
31 33 7
31 34 8
31 35 25
31 36 44
31 37 3
31 38 37
31 39 54
31 40 9
31 41 52
31 42 42
31 43 39
31 44 40
31 45 55
31 46 2
31 47 17
31 48 26
31 49 32
31 50 22
31 51 0
31 52 10
31 53 51
31 54 50
31 55 27
31 56 21
31 57 20
31 58 23
31 59 33
32 1 34
32 2 9
32 3 12
32 4 43
32 5 6
32 6 25
32 7 16
32 8 17
32 9 20
32 10 18
32 11 7
32 12 35
32 13 56
32 14 29
32 15 45
32 16 24
32 17 52
32 18 57
32 19 49
32 20 23
32 21 0
32 22 10
32 23 8
32 24 36
32 25 54
32 26 1
32 27 13
32 28 28
32 29 31
32 30 42
32 31 59
32 32 50
32 33 46
32 34 55
32 35 21
32 36 39
32 37 41
32 38 40
32 39 48
32 40 14
32 41 22
32 42 30
32 43 37
32 44 3
32 45 53
32 46 15
32 47 33
32 48 38
32 49 2
32 50 19
32 51 51
32 52 58
32 53 5
32 54 4
32 55 44
32 56 27
32 57 47
32 58 11
32 59 26
33 1 42
33 2 3
33 3 30
33 4 59
33 5 54
33 6 2
33 7 26
33 8 17
33 9 41
33 10 27
33 11 5
33 12 18
33 13 12
33 14 38
33 15 57
33 16 23
33 17 29
33 18 13
33 19 8
33 20 44
33 21 7
33 22 50
33 23 14
33 24 28
33 25 16
33 26 22
33 27 51
33 28 25
33 29 36
33 30 46
33 31 9
33 32 48
33 33 19
33 34 55
33 35 37
33 36 6
33 37 11
33 38 58
33 39 53
33 40 1
33 41 32
33 42 52
33 43 35
33 44 43
33 45 4
33 46 15
33 47 47
33 48 20
33 49 49
33 50 31
33 51 56
33 52 45
33 53 39
33 54 21
33 55 40
33 56 34
33 57 0
33 58 10
33 59 24
34 1 30
34 2 32
34 3 31
34 4 2
34 5 20
34 6 13
34 7 5
34 8 47
34 9 54
34 10 36
34 11 6
34 12 58
34 13 22
34 14 0
34 15 15
34 16 7
34 17 1
34 18 56
34 19 42
34 20 10
34 21 16
34 22 12
34 23 4
34 24 45
34 25 46
34 26 44
34 27 41
34 28 11
34 29 29
34 30 26
34 31 8
34 32 27
34 33 33
34 34 40
34 35 55
34 36 52
34 37 43
34 38 25
34 39 51
34 40 19
34 41 39
34 42 50
34 43 23
34 44 28
34 45 53
34 46 38
34 47 18
34 48 14
34 49 37
34 50 21
34 51 48
34 52 17
34 53 35
34 54 57
34 55 59
34 56 49
34 57 24
34 58 3
34 59 9
35 1 28
35 2 45
35 3 30
35 4 38
35 5 19
35 6 13
35 7 18
35 8 21
35 9 41
35 10 10
35 11 26
35 12 8
35 13 4
35 14 3
35 15 22
35 16 46
35 17 11
35 18 43
35 19 48
35 20 44
35 21 52
35 22 14
35 23 39
35 24 12
35 25 36
35 26 25
35 27 32
35 28 34
35 29 6
35 30 54
35 31 59
35 32 20
35 33 16
35 34 53
35 35 24
35 36 7
35 37 5
35 38 58
35 39 42
35 40 0
35 41 31
35 42 1
35 43 40
35 44 51
35 45 56
35 46 2
35 47 50
35 48 47
35 49 57
35 50 9
35 51 37
35 52 17
35 53 23
35 54 55
35 55 29
35 56 15
35 57 33
35 58 27
35 59 49
36 1 37
36 2 56
36 3 47
36 4 12
36 5 15
36 6 38
36 7 18
36 8 42
36 9 17
36 10 1
36 11 57
36 12 27
36 13 39
36 14 16
36 15 41
36 16 26
36 17 30
36 18 50
36 19 49
36 20 46
36 21 35
36 22 7
36 23 0
36 24 55
36 25 52
36 26 53
36 27 13
36 28 20
36 29 25
36 30 3
36 31 2
36 32 23
36 33 44
36 34 40
36 35 4
36 36 51
36 37 5
36 38 28
36 39 22
36 40 31
36 41 34
36 42 11
36 43 58
36 44 14
36 45 54
36 46 8
36 47 19
36 48 10
36 49 48
36 50 43
36 51 59
36 52 6
36 53 32
36 54 33
36 55 29
36 56 21
36 57 9
36 58 24
36 59 45
37 1 12
37 2 48
37 3 49
37 4 9
37 5 45
37 6 16
37 7 23
37 8 3
37 9 13
37 10 57
37 11 59
37 12 26
37 13 41
37 14 1
37 15 0
37 16 43
37 17 10
37 18 54
37 19 42
37 20 17
37 21 18
37 22 8
37 23 7
37 24 14
37 25 58
37 26 5
37 27 30
37 28 11
37 29 29
37 30 53
37 31 50
37 32 46
37 33 24
37 34 21
37 35 32
37 36 34
37 37 15
37 38 38
37 39 22
37 40 20
37 41 47
37 42 33
37 43 55
37 44 27
37 45 28
37 46 56
37 47 4
37 48 52
37 49 35
37 50 31
37 51 36
37 52 40
37 53 39
37 54 44
37 55 19
37 56 51
37 57 25
37 58 6
37 59 2
38 1 34
38 2 10
38 3 42
38 4 45
38 5 33
38 6 51
38 7 2
38 8 31
38 9 49
38 10 29
38 11 30
38 12 8
38 13 58
38 14 15
38 15 35
38 16 48
38 17 47
38 18 22
38 19 57
38 20 9
38 21 56
38 22 26
38 23 54
38 24 16
38 25 50
38 26 23
38 27 7
38 28 53
38 29 3
38 30 55
38 31 32
38 32 21
38 33 11
38 34 39
38 35 20
38 36 13
38 37 0
38 38 59
38 39 5
38 40 52
38 41 19
38 42 44
38 43 1
38 44 37
38 45 4
38 46 40
38 47 28
38 48 43
38 49 36
38 50 46
38 51 14
38 52 27
38 53 25
38 54 12
38 55 41
38 56 17
38 57 6
38 58 24
38 59 18
39 1 40
39 2 41
39 3 3
39 4 59
39 5 53
39 6 30
39 7 15
39 8 13
39 9 11
39 10 48
39 11 36
39 12 34
39 13 55
39 14 44
39 15 18
39 16 45
39 17 24
39 18 1
39 19 25
39 20 49
39 21 32
39 22 37
39 23 54
39 24 52
39 25 19
39 26 33
39 27 29
39 28 16
39 29 35
39 30 22
39 31 17
39 32 28
39 33 23
39 34 56
39 35 31
39 36 51
39 37 50
39 38 14
39 39 0
39 40 26
39 41 8
39 42 6
39 43 10
39 44 21
39 45 2
39 46 42
39 47 47
39 48 58
39 49 43
39 50 7
39 51 4
39 52 46
39 53 20
39 54 38
39 55 12
39 56 9
39 57 27
39 58 5
39 59 57
40 1 44
40 2 17
40 3 16
40 4 3
40 5 50
40 6 36
40 7 49
40 8 30
40 9 54
40 10 48
40 11 52
40 12 35
40 13 43
40 14 4
40 15 46
40 16 10
40 17 11
40 18 2
40 19 1
40 20 37
40 21 42
40 22 51
40 23 56
40 24 9
40 25 58
40 26 26
40 27 29
40 28 33
40 29 19
40 30 0
40 31 18
40 32 5
40 33 14
40 34 32
40 35 15
40 36 47
40 37 8
40 38 6
40 39 7
40 40 23
40 41 38
40 42 25
40 43 57
40 44 13
40 45 41
40 46 28
40 47 21
40 48 34
40 49 12
40 50 53
40 51 55
40 52 45
40 53 24
40 54 20
40 55 59
40 56 27
40 57 22
40 58 31
40 59 39
41 1 35
41 2 45
41 3 16
41 4 32
41 5 33
41 6 49
41 7 6
41 8 52
41 9 3
41 10 38
41 11 25
41 12 24
41 13 31
41 14 4
41 15 58
41 16 57
41 17 40
41 18 20
41 19 53
41 20 54
41 21 34
41 22 18
41 23 39
41 24 9
41 25 30
41 26 28
41 27 37
41 28 55
41 29 42
41 30 22
41 31 0
41 32 7
41 33 56
41 34 36
41 35 51
41 36 12
41 37 2
41 38 17
41 39 5
41 40 11
41 41 19
41 42 27
41 43 46
41 44 1
41 45 59
41 46 50
41 47 15
41 48 26
41 49 29
41 50 13
41 51 8
41 52 48
41 53 23
41 54 10
41 55 47
41 56 14
41 57 21
41 58 44
41 59 43
42 1 34
42 2 15
42 3 22
42 4 2
42 5 20
42 6 31
42 7 38
42 8 41
42 9 55
42 10 14
42 11 28
42 12 24
42 13 29
42 14 57
42 15 27
42 16 18
42 17 0
42 18 11
42 19 23
42 20 40
42 21 48
42 22 59
42 23 19
42 24 30
42 25 9
42 26 35
42 27 49
42 28 51
42 29 5
42 30 4
42 31 45
42 32 37
42 33 33
42 34 52
42 35 43
42 36 47
42 37 36
42 38 17
42 39 50
42 40 46
42 41 44
42 42 58
42 43 8
42 44 10
42 45 25
42 46 53
42 47 7
42 48 16
42 49 13
42 50 3
42 51 1
42 52 26
42 53 56
42 54 32
42 55 21
42 56 12
42 57 6
42 58 54
42 59 39
43 1 35
43 2 13
43 3 52
43 4 20
43 5 32
43 6 44
43 7 15
43 8 45
43 9 55
43 10 59
43 11 40
43 12 30
43 13 31
43 14 9
43 15 58
43 16 14
43 17 47
43 18 51
43 19 19
43 20 42
43 21 37
43 22 33
43 23 10
43 24 17
43 25 46
43 26 24
43 27 26
43 28 1
43 29 49
43 30 2
43 31 7
43 32 53
43 33 57
43 34 41
43 35 28
43 36 8
43 37 12
43 38 22
43 39 16
43 40 25
43 41 0
43 42 21
43 43 27
43 44 6
43 45 3
43 46 56
43 47 48
43 48 29
43 49 34
43 50 5
43 51 11
43 52 23
43 53 36
43 54 54
43 55 38
43 56 4
43 57 18
43 58 50
43 59 39
44 1 23
44 2 31
44 3 10
44 4 19
44 5 8
44 6 21
44 7 32
44 8 13
44 9 52
44 10 54
44 11 24
44 12 39
44 13 42
44 14 59
44 15 25
44 16 1
44 17 20
44 18 30
44 19 36
44 20 48
44 21 2
44 22 5
44 23 12
44 24 15
44 25 16
44 26 51
44 27 29
44 28 58
44 29 27
44 30 22
44 31 6
44 32 18
44 33 46
44 34 49
44 35 57
44 36 45
44 37 50
44 38 37
44 39 47
44 40 17
44 41 0
44 42 4
44 43 53
44 44 35
44 45 40
44 46 7
44 47 34
44 48 28
44 49 3
44 50 11
44 51 55
44 52 38
44 53 26
44 54 56
44 55 33
44 56 43
44 57 14
44 58 41
44 59 9
45 1 41
45 2 6
45 3 59
45 4 21
45 5 38
45 6 20
45 7 55
45 8 29
45 9 58
45 10 5
45 11 34
45 12 51
45 13 7
45 14 11
45 15 47
45 16 44
45 17 3
45 18 12
45 19 36
45 20 26
45 21 52
45 22 10
45 23 25
45 24 31
45 25 2
45 26 57
45 27 9
45 28 24
45 29 37
45 30 30
45 31 8
45 32 16
45 33 1
45 34 4
45 35 23
45 36 33
45 37 32
45 38 43
45 39 39
45 40 14
45 41 27
45 42 54
45 43 50
45 44 28
45 45 18
45 46 17
45 47 0
45 48 22
45 49 49
45 50 46
45 51 48
45 52 15
45 53 40
45 54 42
45 55 53
45 56 35
45 57 19
45 58 56
45 59 13
46 1 54
46 2 32
46 3 1
46 4 51
46 5 19
46 6 12
46 7 30
46 8 40
46 9 57
46 10 50
46 11 41
46 12 49
46 13 38
46 14 0
46 15 39
46 16 35
46 17 27
46 18 9
46 19 25
46 20 33
46 21 52
46 22 56
46 23 10
46 24 17
46 25 31
46 26 37
46 27 11
46 28 6
46 29 58
46 30 4
46 31 3
46 32 43
46 33 8
46 34 7
46 35 55
46 36 53
46 37 34
46 38 5
46 39 23
46 40 20
46 41 22
46 42 13
46 43 26
46 44 28
46 45 15
46 46 2
46 47 36
46 48 24
46 49 59
46 50 18
46 51 42
46 52 45
46 53 16
46 54 21
46 55 14
46 56 29
46 57 47
46 58 48
46 59 44
47 1 17
47 2 15
47 3 2
47 4 27
47 5 53
47 6 20
47 7 34
47 8 39
47 9 4
47 10 55
47 11 30
47 12 14
47 13 25
47 14 10
47 15 13
47 16 7
47 17 6
47 18 49
47 19 26
47 20 21
47 21 42
47 22 38
47 23 56
47 24 46
47 25 29
47 26 58
47 27 5
47 28 57
47 29 16
47 30 40
47 31 9
47 32 3
47 33 11
47 34 44
47 35 32
47 36 35
47 37 48
47 38 52
47 39 37
47 40 28
47 41 45
47 42 54
47 43 12
47 44 31
47 45 1
47 46 41
47 47 24
47 48 50
47 49 0
47 50 19
47 51 18
47 52 51
47 53 8
47 54 59
47 55 43
47 56 33
47 57 36
47 58 23
47 59 22
48 1 37
48 2 23
48 3 20
48 4 57
48 5 40
48 6 28
48 7 29
48 8 43
48 9 8
48 10 14
48 11 7
48 12 39
48 13 25
48 14 49
48 15 13
48 16 33
48 17 41
48 18 52
48 19 38
48 20 12
48 21 18
48 22 3
48 23 22
48 24 26
48 25 17
48 26 10
48 27 34
48 28 15
48 29 0
48 30 35
48 31 19
48 32 16
48 33 31
48 34 32
48 35 2
48 36 53
48 37 27
48 38 21
48 39 51
48 40 45
48 41 30
48 42 55
48 43 44
48 44 47
48 45 42
48 46 56
48 47 11
48 48 54
48 49 9
48 50 46
48 51 6
48 52 4
48 53 24
48 54 36
48 55 5
48 56 1
48 57 59
48 58 58
48 59 50
49 1 29
49 2 38
49 3 8
49 4 25
49 5 31
49 6 53
49 7 4
49 8 52
49 9 17
49 10 12
49 11 45
49 12 15
49 13 43
49 14 33
49 15 13
49 16 44
49 17 2
49 18 51
49 19 30
49 20 9
49 21 23
49 22 57
49 23 3
49 24 28
49 25 37
49 26 55
49 27 54
49 28 20
49 29 16
49 30 59
49 31 42
49 32 39
49 33 36
49 34 0
49 35 48
49 36 58
49 37 27
49 38 18
49 39 32
49 40 35
49 41 56
49 42 40
49 43 5
49 44 6
49 45 26
49 46 24
49 47 50
49 48 19
49 49 47
49 50 21
49 51 22
49 52 10
49 53 11
49 54 14
49 55 7
49 56 1
49 57 46
49 58 34
49 59 41
50 1 56
50 2 31
50 3 5
50 4 59
50 5 8
50 6 49
50 7 24
50 8 42
50 9 48
50 10 26
50 11 46
50 12 12
50 13 17
50 14 55
50 15 20
50 16 6
50 17 47
50 18 34
50 19 58
50 20 10
50 21 54
50 22 37
50 23 23
50 24 22
50 25 30
50 26 35
50 27 32
50 28 57
50 29 3
50 30 27
50 31 51
50 32 45
50 33 14
50 34 19
50 35 7
50 36 18
50 37 0
50 38 11
50 39 33
50 40 38
50 41 39
50 42 44
50 43 43
50 44 21
50 45 52
50 46 28
50 47 41
50 48 16
50 49 13
50 50 29
50 51 2
50 52 40
50 53 1
50 54 4
50 55 9
50 56 36
50 57 15
50 58 53
50 59 25
51 1 42
51 2 56
51 3 26
51 4 0
51 5 57
51 6 16
51 7 40
51 8 49
51 9 8
51 10 36
51 11 2
51 12 19
51 13 46
51 14 20
51 15 15
51 16 12
51 17 45
51 18 58
51 19 50
51 20 55
51 21 27
51 22 48
51 23 53
51 24 11
51 25 47
51 26 52
51 27 23
51 28 5
51 29 33
51 30 22
51 31 29
51 32 21
51 33 44
51 34 39
51 35 25
51 36 17
51 37 38
51 38 28
51 39 7
51 40 35
51 41 9
51 42 10
51 43 31
51 44 34
51 45 18
51 46 1
51 47 4
51 48 3
51 49 6
51 50 41
51 51 32
51 52 13
51 53 37
51 54 59
51 55 54
51 56 30
51 57 43
51 58 24
51 59 14
52 1 3
52 2 16
52 3 7
52 4 17
52 5 42
52 6 53
52 7 12
52 8 9
52 9 31
52 10 27
52 11 34
52 12 38
52 13 40
52 14 32
52 15 46
52 16 14
52 17 24
52 18 10
52 19 43
52 20 36
52 21 57
52 22 13
52 23 2
52 24 0
52 25 4
52 26 41
52 27 45
52 28 11
52 29 54
52 30 49
52 31 15
52 32 28
52 33 58
52 34 47
52 35 33
52 36 35
52 37 19
52 38 18
52 39 30
52 40 25
52 41 50
52 42 21
52 43 55
52 44 51
52 45 56
52 46 48
52 47 23
52 48 1
52 49 29
52 50 8
52 51 6
52 52 59
52 53 44
52 54 20
52 55 22
52 56 39
52 57 26
52 58 5
52 59 37
53 1 8
53 2 56
53 3 28
53 4 27
53 5 31
53 6 52
53 7 21
53 8 5
53 9 6
53 10 24
53 11 30
53 12 42
53 13 29
53 14 47
53 15 39
53 16 3
53 17 44
53 18 25
53 19 50
53 20 32
53 21 20
53 22 10
53 23 4
53 24 35
53 25 26
53 26 33
53 27 54
53 28 49
53 29 17
53 30 58
53 31 43
53 32 0
53 33 55
53 34 57
53 35 15
53 36 59
53 37 16
53 38 1
53 39 23
53 40 38
53 41 14
53 42 41
53 43 11
53 44 36
53 45 40
53 46 48
53 47 12
53 48 46
53 49 2
53 50 18
53 51 37
53 52 34
53 53 13
53 54 7
53 55 45
53 56 19
53 57 51
53 58 9
53 59 22
54 1 34
54 2 33
54 3 1
54 4 52
54 5 59
54 6 49
54 7 0
54 8 22
54 9 20
54 10 41
54 11 43
54 12 44
54 13 53
54 14 5
54 15 30
54 16 16
54 17 42
54 18 38
54 19 35
54 20 36
54 21 56
54 22 57
54 23 45
54 24 3
54 25 21
54 26 19
54 27 27
54 28 26
54 29 6
54 30 9
54 31 47
54 32 12
54 33 7
54 34 37
54 35 23
54 36 4
54 37 8
54 38 58
54 39 14
54 40 46
54 41 10
54 42 24
54 43 28
54 44 29
54 45 32
54 46 39
54 47 55
54 48 15
54 49 11
54 50 2
54 51 40
54 52 50
54 53 51
54 54 25
54 55 48
54 56 13
54 57 17
54 58 18
54 59 31
55 1 41
55 2 5
55 3 23
55 4 31
55 5 39
55 6 1
55 7 54
55 8 46
55 9 0
55 10 6
55 11 7
55 12 14
55 13 12
55 14 56
55 15 29
55 16 13
55 17 47
55 18 34
55 19 11
55 20 42
55 21 48
55 22 22
55 23 28
55 24 25
55 25 21
55 26 4
55 27 33
55 28 24
55 29 27
55 30 43
55 31 44
55 32 20
55 33 58
55 34 15
55 35 35
55 36 8
55 37 16
55 38 10
55 39 9
55 40 19
55 41 17
55 42 18
55 43 45
55 44 30
55 45 38
55 46 53
55 47 59
55 48 2
55 49 49
55 50 3
55 51 26
55 52 32
55 53 36
55 54 40
55 55 51
55 56 37
55 57 57
55 58 50
55 59 52
56 1 43
56 2 16
56 3 8
56 4 41
56 5 51
56 6 32
56 7 23
56 8 4
56 9 14
56 10 22
56 11 31
56 12 45
56 13 13
56 14 10
56 15 59
56 16 27
56 17 48
56 18 33
56 19 1
56 20 39
56 21 6
56 22 34
56 23 52
56 24 37
56 25 47
56 26 24
56 27 2
56 28 42
56 29 25
56 30 44
56 31 50
56 32 26
56 33 28
56 34 18
56 35 40
56 36 58
56 37 21
56 38 19
56 39 7
56 40 30
56 41 9
56 42 0
56 43 35
56 44 46
56 45 20
56 46 15
56 47 57
56 48 5
56 49 53
56 50 17
56 51 49
56 52 55
56 53 54
56 54 12
56 55 29
56 56 36
56 57 38
56 58 3
56 59 11
57 1 30
57 2 33
57 3 37
57 4 10
57 5 43
57 6 23
57 7 31
57 8 21
57 9 4
57 10 46
57 11 36
57 12 58
57 13 32
57 14 40
57 15 17
57 16 51
57 17 45
57 18 49
57 19 1
57 20 11
57 21 52
57 22 41
57 23 5
57 24 12
57 25 22
57 26 24
57 27 15
57 28 59
57 29 16
57 30 44
57 31 0
57 32 38
57 33 53
57 34 20
57 35 8
57 36 56
57 37 34
57 38 42
57 39 13
57 40 39
57 41 55
57 42 9
57 43 7
57 44 47
57 45 26
57 46 29
57 47 28
57 48 27
57 49 19
57 50 48
57 51 54
57 52 3
57 53 2
57 54 18
57 55 14
57 56 35
57 57 6
57 58 50
57 59 25
58 1 49
58 2 43
58 3 1
58 4 2
58 5 36
58 6 47
58 7 45
58 8 59
58 9 7
58 10 21
58 11 33
58 12 23
58 13 29
58 14 26
58 15 17
58 16 40
58 17 55
58 18 8
58 19 38
58 20 34
58 21 9
58 22 41
58 23 13
58 24 48
58 25 46
58 26 19
58 27 6
58 28 25
58 29 28
58 30 22
58 31 52
58 32 51
58 33 27
58 34 18
58 35 20
58 36 54
58 37 56
58 38 16
58 39 50
58 40 24
58 41 11
58 42 0
58 43 57
58 44 32
58 45 30
58 46 12
58 47 39
58 48 37
58 49 53
58 50 15
58 51 14
58 52 3
58 53 42
58 54 44
58 55 5
58 56 10
58 57 35
58 58 31
58 59 4
59 1 13
59 2 48
59 3 5
59 4 8
59 5 32
59 6 3
59 7 30
59 8 28
59 9 21
59 10 38
59 11 10
59 12 2
59 13 43
59 14 36
59 15 50
59 16 1
59 17 58
59 18 19
59 19 15
59 20 18
59 21 53
59 22 39
59 23 0
59 24 34
59 25 4
59 26 26
59 27 23
59 28 42
59 29 7
59 30 12
59 31 9
59 32 29
59 33 41
59 34 51
59 35 40
59 36 55
59 37 17
59 38 20
59 39 31
59 40 44
59 41 6
59 42 24
59 43 11
59 44 54
59 45 22
59 46 27
59 47 33
59 48 52
59 49 56
59 50 25
59 51 14
59 52 35
59 53 16
59 54 45
59 55 46
59 56 57
59 57 37
59 58 49
59 59 47