0 27
1 27
2 1
3 27
4 1
5 27
6 28
7 27
8 27
9 69
10 8
11 70
12 63
13 1
14 1
15 70
16 54
17 26
18 1
19 1
20 53
21 17
22 53
23 53
24 17
25 54
26 53
27 72
28 53
29 61
30 53
31 72
32 53
33 58
34 73
35 72
36 17
37 73
38 53
39 53
40 80
41 55
42 14
43 22
44 17
45 1
46 53
47 49
48 20
49 55
50 72
51 72
52 72
53 69
54 72
55 63
56 72
57 72
58 72
59 72
60 72
61 69
62 72
63 72
64 72
65 72
66 32
67 55
68 54
69 54
70 55
71 54
72 55
73 55
74 57
75 54
76 57
77 62
78 54
79 54
80 57
81 59
82 57
83 57
84 57
85 54
86 54
87 54
88 54
89 54
90 54
91 58
92 58
93 58
94 58
95 58
96 82
97 58
98 82
99 58
100 62
101 62
102 58
103 58
104 58
105 59
106 71
107 71
108 71
109 52
110 71
111 63
112 81
113 71
114 71
115 71
116 77
117 41
118 71
119 27
120 71
121 49
122 71
123 71
124 71
125 43
126 79
127 76
128 63
129 71
130 73
131 71
132 71
133 70
134 51
135 51
136 71
137 70
138 29
139 73
140 71
141 15
142 71
143 65
144 69
145 70
146 66
147 66
148 66
149 66
150 66
151 66
152 58
153 66
154 81
155 66
156 66
157 62
158 81
159 66
160 66
161 66
162 66
163 20
164 81
165 26
166 26
167 80
168 26
169 26
170 26
171 26
172 82
173 26
174 55
175 26
176 26
177 26
178 26
179 36
180 49
181 26
182 36
183 26
184 11
185 4
186 12
187 79
188 11
189 16
190 11
191 11
192 11
193 11
194 54
195 10
196 11
197 11
198 11
199 11
200 11
201 0
202 79
203 11
204 11
205 34
206 11
207 11
208 11
209 70
210 5
211 70
212 8
213 34
214 11
215 11
216 11
217 79
218 11
219 19
220 66
221 11
222 17
223 17
224 16
225 1
226 17
227 17
228 7
229 1
230 20
231 44
232 44
233 44
234 44
235 44
236 46
237 44
238 55
239 58
240 55
241 55
242 55
243 55
244 49
245 58
246 55
247 56
248 55
249 55
250 55
251 55
252 58
253 55
254 55
255 55
256 77
257 62
258 62
259 62
260 62
261 62
262 62
263 58
264 62
265 62
266 55
267 62
268 62
269 62
270 55
271 62
272 62
273 62
274 62
275 62
276 62
277 59
278 62
279 14
280 62
281 62
282 62
283 62
284 62
285 37
286 62
287 62
288 62
289 62
290 62
291 62
292 62
293 60
294 60
295 62
296 31
297 62
298 62
299 62
300 62
301 62
302 54
303 55
304 55
305 54
306 54
307 55
308 55
309 54
310 54
311 55
312 54
313 78
314 54
315 60
316 42
317 53
318 42
319 42
320 42
321 55
322 59
323 55
324 53
325 55
326 55
327 20
328 55
329 80
330 20
331 73
332 56
333 16
334 56
335 83
336 56
337 56
338 56
339 53
340 56
341 45
342 16
343 16
344 42
345 56
346 83
347 39
348 39
349 12
350 7
351 39
352 39
353 56
354 37
355 12
356 39
357 39
358 12
359 39
360 39
361 39
362 39
363 8
364 39
365 39
366 34
367 39
368 21
369 21
370 20
371 25
372 34
373 6
374 5
375 69
376 59
377 59
378 81
379 59
380 59
381 59
382 18
383 18
384 18
385 70
386 18
387 18
388 8
389 18
390 8
391 8
392 4
393 8
394 15
395 8
396 7
397 8
398 9
399 8
400 50
401 8
402 8
403 8
404 18
405 18
406 18
407 18
408 18
409 18
410 66
411 18
412 18
413 18
414 6
415 6
416 6
417 6
418 6
419 5
420 6
421 6
422 6
423 5
424 6
425 6
426 5
427 6
428 27
429 6
430 6
431 66
432 67
433 66
434 66
435 67
436 67
437 66
438 66
439 66
440 66
441 67
442 67
443 67
444 25
445 25
446 25
447 25
448 25
449 25
450 25
451 25
452 24
453 25
454 24
455 25
456 25
457 24
458 24
459 24
460 24
461 24
462 25
463 24
464 25
465 25
466 25
467 24
468 28
469 24
470 25
471 25
472 25
473 25
474 25
475 23
476 23
477 25
478 81
479 81
480 81
481 81
482 81
483 81
484 81
485 43
486 81
487 14
488 54
489 61
490 55
491 80
492 55
493 35
494 55
495 59
496 55
497 55
498 2
499 64
500 56
501 55
502 55
503 55
504 67
505 57
506 55
507 61
508 61
509 61
510 61
511 54
512 45
513 61
514 61
515 61
516 58
517 58
518 53
519 58
520 58
521 59
522 58
523 58
524 58
525 61
526 58
527 58
528 59
529 58
530 58
531 49
532 53
533 36
534 58
535 58
536 59
537 58
538 61
539 27
540 59
541 61
542 58
543 58
544 53
545 58
546 61
547 58
548 26
549 53
550 53
551 26
552 53
553 45
554 53
555 58
556 53
557 53
558 53
559 53
560 58
561 43
562 43
563 70
564 69
565 70
566 81
567 70
568 70
569 70
570 70
571 70
572 45
573 40
574 70
575 70
576 70
577 9
578 60
579 70
580 70
581 79
582 79
583 79
584 79
585 79
586 79
587 79
588 64
589 63
590 63
591 63
592 63
593 63
594 28
595 28
596 28
597 28
598 28
599 28
600 28
601 83
602 28
603 28
604 60
605 59
606 9
607 59
608 9
609 60
610 60
611 59
612 59
613 59
614 77
615 83
616 9
617 60
618 9
619 15
620 15
621 15
622 15
623 19
624 15
625 15
626 15
627 15
628 56
629 15
630 15
631 69
632 69
633 67
634 69
635 69
636 78
637 78
638 78
639 78
640 65
641 78
642 78
643 78
644 78
645 72
646 65
647 77
648 65
649 77
650 9
651 65
652 65
653 65
654 65
655 77
656 65
657 22
658 66
659 66
660 22
661 21
662 22
663 49
664 49
665 51
666 55
667 55
668 58
669 77
670 55
671 55
672 45
673 55
674 39
675 76
676 23
677 17
678 13
679 17
680 17
681 17
682 17
683 17
684 17
685 17
686 17
687 17
688 14
689 14
690 14
691 7
692 17
693 65
694 65
695 65
696 66
697 39
698 65
699 65
700 20
701 8
702 65
703 65
704 48
705 65
706 65
707 65
708 75
709 75
710 75
711 75
712 75
713 75
714 75
715 75
716 75
717 75
718 74
719 75
720 10
721 75
722 74
723 75
724 62
725 62
726 20
727 20
728 55
729 64
730 64
731 64
732 83
733 71
734 15
735 64
736 64
737 33
738 24
739 64
740 64
741 33
742 83
743 64
744 64
745 64
746 67
747 67
748 67
749 67
750 67
751 67
752 83
753 67
754 67
755 67
756 67
757 67
758 67
759 67
760 67
761 67
762 42
763 74
764 42
765 74
766 42
767 42
768 42
769 42
770 42
771 42
772 42
773 42
774 42
775 42
776 39
777 39
778 19
779 39
780 39
781 19
782 19
783 67
784 66
785 6
786 67
787 67
788 6
789 9
790 67
791 9
792 59
793 59
794 59
795 22
796 59
797 21
798 21
799 21
800 21
801 21
802 21
803 21
804 21
805 21
806 17
807 17
808 17
809 8
810 17
811 17
812 20
813 20
814 20
815 20
816 20
817 72
818 72
819 72
820 72
821 72
822 72
823 72
824 72
825 72
826 72
827 72
828 27
829 27
830 27
831 27
832 61
833 61
834 80
835 81
836 80
837 81
838 81
839 81
840 81
841 81
842 81
843 81
844 3
845 3
846 3
847 80
848 81
849 80
850 80
851 80
852 80
853 8
854 65
855 65
856 65
857 66
858 65
859 67
860 66
861 52
862 52
863 52
864 44
865 44
866 44
867 44
868 46
869 44
870 44
871 43
872 44
873 44
874 42
875 44
876 44
877 60
878 60
879 60
880 60
881 60
882 60
883 60
884 59
885 5
886 59
887 5
888 4
889 4
890 4
891 66
892 4
893 4
894 2
895 4
896 66
897 2
898 2
899 2
900 3
901 2
902 2
903 2
904 17
905 2
906 2
907 2
908 3
909 8
910 8
911 5
912 8
913 5
914 2
915 8
916 8
917 70
918 9
919 9
920 8
921 8
922 9
923 8
924 8
925 8
926 5
927 45
928 83
929 16
930 16
931 0
932 69
933 69
934 45
935 69
936 69
937 69
938 69
939 45
940 68
941 69
942 69
943 69
944 33
945 33
946 33
947 35
948 22
949 33
950 33
951 33
952 33
953 60
954 33
955 33
956 33
957 33
958 33
959 33
960 35
961 26
962 10
963 35
964 34
965 35
966 35
967 35
968 40
969 35
970 35
971 35
972 35
973 80
974 35
975 80
976 14
977 74
978 14
979 71
980 71
981 71
982 71
983 71
984 71
985 71
986 15
987 71
988 71
989 71
990 71
991 71
992 71
993 15
994 18
995 15
996 68
997 15
998 27
999 15
1000 15
1001 15
1002 15
1003 18
1004 27
1005 27
1006 18
1007 18
1008 27
1009 18
1010 18
1011 12
1012 18
1013 18
1014 38
1015 38
1016 30
1017 40
1018 38
1019 38
1020 38
1021 58
1022 38
1023 35
1024 45
1025 37
1026 38
1027 72
1028 72
1029 72
1030 72
1031 72
1032 72
1033 72
1034 67
1035 67
1036 67
1037 67
1038 67
1039 67
1040 67
1041 63
1042 22
1043 15
1044 22
1045 16
1046 23
1047 15
1048 65
1049 65
1050 65
1051 83
1052 84
1053 83
1054 76
1055 83
1056 83
1057 83
1058 59
1059 83
1060 84
1061 31
1062 83
1063 83
1064 77
1065 82
1066 27
1067 37
1068 83
1069 83
1070 82
1071 82
1072 82
1073 82
1074 37
1075 39
1076 37
1077 37
1078 37
1079 37
1080 37
1081 37
1082 37
1083 37
1084 37
1085 37
1086 78
1087 78
1088 63
1089 63
1090 63
1091 63
1092 63
1093 63
1094 63
1095 63
1096 26
1097 63
1098 63
1099 42
1100 54
1101 54
1102 31
1103 31
1104 31
1105 31
1106 31
1107 31
1108 31
1109 31
1110 31
1111 31
1112 31
1113 31
1114 31
1115 31
1116 31
1117 31
1118 31
1119 31
1120 84
1121 34
1122 34
1123 69
1124 69
1125 69
1126 69
1127 69
1128 69
1129 45
1130 69
1131 69
1132 69
1133 50
1134 50
1135 50
1136 50
1137 50
1138 50
1139 50
1140 51
1141 51
1142 51
1143 51
1144 51
1145 51
1146 51
1147 51
1148 50
1149 51
1150 51
1151 51
1152 51
1153 51
1154 51
1155 51
1156 23
1157 23
1158 23
1159 23
1160 23
1161 23
1162 23
1163 23
1164 23
1165 60
1166 5
1167 11
1168 23
1169 23
1170 23
1171 23
1172 23
1173 23
1174 23
1175 23
1176 23
1177 53
1178 73
1179 24
1180 73
1181 73
1182 24
1183 24
1184 24
1185 24
1186 10
1187 10
1188 10
1189 10
1190 10
1191 10
1192 31
1193 31
1194 31
1195 31
1196 31
1197 31
1198 31
1199 31
1200 31
1201 31
1202 31
1203 12
1204 12
1205 12
1206 12
1207 12
1208 13
1209 12
1210 12
1211 12
1212 12
1213 12
1214 12
1215 12
1216 12
1217 82
1218 84
1219 82
1220 82
1221 82
1222 82
1223 82
1224 82
1225 82
1226 82
1227 82
1228 82
1229 80
1230 80
1231 80
1232 33
1233 80
1234 80
1235 80
1236 79
1237 79
1238 19
1239 19
1240 19
1241 19
1242 19
1243 19
1244 19
1245 19
1246 19
1247 19
1248 19
1249 19
1250 19
1251 19
1252 19
1253 19
1254 19
1255 19
1256 19
1257 19
1258 19
1259 19
1260 19
1261 19
1262 19
1263 19
1264 19
1265 19
1266 19
1267 19
1268 19
1269 19
1270 19
1271 19
1272 19
1273 19
1274 19
1275 19
1276 19
1277 19
1278 19
1279 66
1280 66
1281 66
1282 22
1283 22
1284 22
1285 22
1286 22
1287 56
1288 21
1289 21
1290 7
1291 39
1292 7
1293 7
1294 7
1295 7
1296 7
1297 7
1298 84
1299 84
1300 84
1301 84
1302 84
1303 84
1304 84
1305 84
1306 84
1307 84
1308 84
1309 84
1310 84
1311 84
1312 84
1313 84
1314 84
1315 84
1316 84
1317 84
1318 84
1319 84
1320 84
1321 84
1322 84
1323 84
1324 43
1325 43
1326 43
1327 43
1328 43
1329 43
1330 43
1331 43
1332 79
1333 79
1334 58
1335 81
1336 79
1337 79
1338 71
1339 79
1340 79
1341 45
1342 35
1343 64
1344 45
1345 80
1346 49
1347 80
1348 80
1349 80
1350 80
1351 49
1352 80
1353 59
1354 78
1355 43
1356 78
1357 77
1358 77
1359 78
1360 78
1361 78
1362 78
1363 78
1364 43
1365 78
1366 78
1367 4
1368 37
1369 37
1370 37
1371 37
1372 37
1373 56
1374 7
1375 7
1376 7
1377 7
1378 7
1379 7
1380 20
1381 49
1382 41
1383 41
1384 41
1385 41
1386 41
1387 41
1388 41
1389 41
1390 40
1391 41
1392 41
1393 41
1394 41
1395 41
1396 61
1397 40
1398 40
1399 10
1400 40
1401 37
1402 10
1403 66
1404 80
1405 80
1406 80
1407 83
1408 83
1409 83
1410 83
1411 83
1412 83
1413 83
1414 83
1415 27
1416 27
1417 27
1418 27
1419 27
1420 27
1421 27
1422 41
1423 41
1424 41
1425 41
1426 41
1427 41
1428 41
1429 41
1430 41
1431 41
1432 83
1433 83
1434 83
1435 83
1436 83
1437 83
1438 83
1439 39
1440 39
1441 39
1442 39
1443 29
1444 36
1445 36
1446 39
1447 39
1448 24
1449 21
1450 21
1451 21
1452 21
1453 21
1454 41
1455 21
1456 21
1457 21
1458 21
1459 21
1460 24
1461 24
1462 24
1463 25
1464 29
1465 25
1466 25
1467 25
1468 25
1469 25
1470 25
1471 24
1472 25
1473 25
1474 4
1475 4
1476 4
1477 4
1478 3
1479 4
1480 16
1481 16
1482 16
1483 11
1484 16
1485 1
1486 16
1487 16
1488 16
1489 34
1490 34
1491 40
1492 40
1493 40
1494 49
1495 40
1496 40
1497 40
1498 40
1499 40
1500 40
1501 40
1502 40
1503 68
1504 40
1505 40
1506 38
1507 40
1508 40
1509 40
1510 41
1511 30
1512 30
1513 30
1514 30
1515 1
1516 1
1517 1
1518 1
1519 1
1520 42
1521 34
1522 1
1523 1
1524 16
1525 45
1526 46
1527 45
1528 45
1529 45
1530 46
1531 45
1532 45
1533 64
1534 46
1535 45
1536 44
1537 44
1538 46
1539 45
1540 45
1541 46
1542 44
1543 45
1544 45
1545 46
1546 45
1547 46
1548 46
1549 45
1550 46
1551 45
1552 45
1553 18
1554 45
1555 44
1556 45
1557 68
1558 69
1559 69
1560 73
1561 58
1562 47
1563 75
1564 75
1565 74
1566 74
1567 75
1568 76
1569 83
1570 83
1571 83
1572 9
1573 9
1574 9
1575 9
1576 11
1577 9
1578 9
1579 9
1580 9
1581 9
1582 15
1583 70
1584 70
1585 70
1586 70
1587 4
1588 4
1589 2
1590 4
1591 2
1592 10
1593 1
1594 8
1595 8
1596 8
1597 8
1598 2
1599 2
1600 2
1601 2
1602 2
1603 2
1604 2
1605 2
1606 2
1607 2
1608 2
1609 2
1610 2
1611 3
1612 2
1613 2
1614 2
1615 2
1616 2
1617 2
1618 8
1619 8
1620 82
1621 15
1622 9
1623 72
1624 72
1625 72
1626 72
1627 34
1628 34
1629 34
1630 34
1631 34
1632 34
1633 17
1634 17
1635 11
1636 11
1637 11
1638 11
1639 11
1640 11
1641 11
1642 11
1643 69
1644 73
1645 73
1646 73
1647 80
1648 80
1649 80
1650 80
1651 80
1652 82
1653 49
1654 49
1655 49
1656 49
1657 49
1658 49
1659 49
1660 49
1661 5
1662 8
1663 8
1664 5
1665 8
1666 68
1667 25
1668 76
1669 68
1670 18
1671 61
1672 68
1673 15
1674 20
1675 20
1676 56
1677 20
1678 20
1679 20
1680 20
1681 20
1682 20
1683 20
1684 20
1685 9
1686 49
1687 49
1688 63
1689 64
1690 61
1691 61
1692 38
1693 18
1694 35
1695 32
1696 36
1697 17
1698 49
1699 49
1700 59
1701 7
1702 7
1703 70
1704 70
1705 79
1706 26
1707 79
1708 79
1709 79
1710 67
1711 37
1712 73
1713 73
1714 73
1715 73
1716 4
1717 4
1718 0
1719 0
1720 0
1721 0
1722 0
1723 0
1724 0
1725 0
1726 0
1727 49
1728 81
1729 41
1730 46
1731 46
1732 46
1733 46
1734 46
1735 46
1736 46
1737 46
1738 46
1739 46
1740 46
1741 46
1742 46
1743 46
1744 46
1745 28
1746 28
1747 28
1748 28
1749 28
1750 28
1751 28
1752 28
1753 28
1754 28
1755 28
1756 82
1757 59
1758 82
1759 3
1760 47
1761 82
1762 82
1763 59
1764 82
1765 82
1766 16
1767 16
1768 69
1769 15
1770 44
1771 83
1772 45
1773 45
1774 45
1775 45
1776 45
1777 11
1778 11
1779 11
1780 43
1781 9
1782 9
1783 43
1784 9
1785 9
1786 9
1787 9
1788 43
1789 9
1790 9
1791 68
1792 9
1793 43
1794 43
1795 43
1796 43
1797 43
1798 43
1799 43
1800 44
1801 44
1802 43
1803 44
1804 44
1805 44
1806 44
1807 44
1808 84
1809 50
1810 50
1811 50
1812 50
1813 50
1814 50
1815 50
1816 50
1817 50
1818 50
1819 0
1820 0
1821 0
1822 0
1823 0
1824 0
1825 0
1826 15
1827 15
1828 15
1829 15
1830 42
1831 45
1832 45
1833 46
1834 44
1835 45
1836 45
1837 73
1838 73
1839 36
1840 34
1841 38
1842 36
1843 36
1844 34
1845 34
1846 38
1847 41
1848 41
1849 36
1850 52
1851 29
1852 52
1853 52
1854 47
1855 29
1856 52
1857 34
1858 1
1859 38
1860 34
1861 34
1862 34
1863 34
1864 26
1865 34
1866 34
1867 35
1868 34
1869 34
1870 34
1871 77
1872 77
1873 77
1874 77
1875 77
1876 77
1877 77
1878 77
1879 77
1880 77
1881 77
1882 77
1883 77
1884 77
1885 77
1886 77
1887 77
1888 77
1889 77
1890 77
1891 77
1892 77
1893 77
1894 77
1895 77
1896 77
1897 77
1898 77
1899 77
1900 77
1901 77
1902 77
1903 77
1904 77
1905 15
1906 70
1907 31
1908 31
1909 0
1910 31
1911 31
1912 76
1913 73
1914 73
1915 73
1916 7
1917 71
1918 27
1919 27
1920 71
1921 71
1922 71
1923 71
1924 44
1925 45
1926 46
1927 46
1928 81
1929 81
1930 24
1931 24
1932 83
1933 54
1934 24
1935 54
1936 53
1937 53
1938 43
1939 43
1940 43
1941 43
1942 43
1943 43
1944 16
1945 16
1946 16
1947 16
1948 16
1949 37
1950 20
1951 20
1952 5
1953 20
1954 20
1955 20
1956 5
1957 20
1958 20
1959 29
1960 3
1961 3
1962 3
1963 3
1964 3
1965 3
1966 3
1967 3
1968 3
1969 3
1970 3
1971 23
1972 4
1973 3
1974 3
1975 3
1976 3
1977 3
1978 3
1979 3
1980 23
1981 3
1982 3
1983 64
1984 64
1985 64
1986 9
1987 9
1988 15
1989 30
1990 40
1991 15
1992 68
1993 15
1994 5
1995 5
1996 5
1997 5
1998 81
1999 81
2000 81
2001 81
2002 45
2003 44
2004 44
2005 54
2006 5
2007 5
2008 5
2009 5
2010 16
2011 5
2012 5
2013 5
2014 5
2015 5
2016 5
2017 17
2018 17
2019 17
2020 17
2021 17
2022 22
2023 22
2024 22
2025 22
2026 22
2027 45
2028 45
2029 45
2030 15
2031 9
2032 15
2033 15
2034 26
2035 83
2036 83
2037 83
2038 12
2039 44
2040 63
2041 44
2042 4
2043 4
2044 4
2045 54
2046 4
2047 1
2048 1
2049 1
2050 1
2051 27
2052 1
2053 1
2054 33
2055 1
2056 1
2057 32
2058 32
2059 7
2060 7
2061 84
2062 84
2063 84
2064 84
2065 84
2066 0
2067 0
2068 0
2069 0
2070 0
2071 20
2072 0
2073 32
2074 74
2075 26
2076 26
2077 26
2078 26
2079 26
2080 11
2081 11
2082 16
2083 4
2084 16
2085 16
2086 4
2087 16
2088 49
2089 60
2090 49
2091 49
2092 49
2093 34
2094 34
2095 34
2096 41
2097 41
2098 41
2099 41
2100 41
2101 41
2102 41
2103 24
2104 72
2105 69
2106 14
2107 14
2108 14
2109 67
2110 67
2111 66
2112 67
2113 37
2114 39
2115 22
2116 39
2117 77
2118 1
2119 77
2120 77
2121 65
2122 65
2123 65
2124 0
2125 0
2126 0
2127 0
2128 0
2129 0
2130 0
2131 71
2132 71
2133 71
2134 71
2135 71
2136 71
2137 71
2138 28
2139 28
2140 28
2141 28
2142 31
2143 70
2144 70
2145 70
2146 70
2147 62
2148 24
2149 64
2150 27
2151 27
2152 64
2153 64
2154 30
2155 28
2156 28
2157 28
2158 28
2159 28
2160 60
2161 9
2162 19
2163 42
2164 42
2165 42
2166 42
2167 42
2168 46
2169 42
2170 45
2171 42
2172 50
2173 45
2174 44
2175 42
2176 4
2177 3
2178 3
2179 4
2180 3
2181 3
2182 3
2183 4
2184 4
2185 25
2186 23
2187 23
2188 61
2189 61
2190 61
2191 33
2192 33
2193 33
2194 33
2195 35
2196 33
2197 36
2198 54
2199 54
2200 24
2201 24
2202 53
2203 10
2204 34
2205 32
2206 34
2207 73
2208 73
2209 38
2210 38
2211 52
2212 52
2213 78
2214 82
2215 59
2216 82
2217 59
2218 63
2219 63
2220 63
2221 65
2222 15
2223 15
2224 15
2225 15
2226 82
2227 74
2228 74
2229 74
2230 74
2231 74
2232 74
2233 35
2234 74
2235 74
2236 74
2237 74
2238 74
2239 49
2240 74
2241 74
2242 74
2243 74
2244 79
2245 56
2246 56
2247 56
2248 56
2249 56
2250 71
2251 7
2252 7
2253 7
2254 7
2255 7
2256 7
2257 61
2258 20
2259 20
2260 20
2261 20
2262 42
2263 57
2264 3
2265 3
2266 3
2267 3
2268 3
2269 3
2270 3
2271 9
2272 9
2273 9
2274 9
2275 9
2276 9
2277 6
2278 40
2279 0
2280 0
2281 0
2282 0
2283 4
2284 29
2285 37
2286 37
2287 31
2288 14
2289 14
2290 14
2291 14
2292 14
2293 14
2294 66
2295 2
2296 2
2297 2
2298 2
2299 69
2300 2
2301 76
2302 76
2303 76
2304 76
2305 76
2306 76
2307 76
2308 76
2309 51
2310 33
2311 76
2312 8
2313 16
2314 16
2315 68
2316 68
2317 68
2318 68
2319 6
2320 6
2321 6
2322 6
2323 6
2324 6
2325 6
2326 37
2327 36
2328 35
2329 36
2330 27
2331 15
2332 27
2333 3
2334 3
2335 27
2336 27
2337 23
2338 41
2339 11
2340 17
2341 17
2342 17
2343 20
2344 56
2345 7
2346 7
2347 7
2348 7
2349 7
2350 7
2351 7
2352 7
2353 7
2354 4
2355 26
2356 26
2357 26
2358 26
2359 26
2360 26
2361 38
2362 18
2363 18
2364 38
2365 12
2366 43
2367 37
2368 37
2369 37
2370 37
2371 37
2372 37
2373 37
2374 38
2375 1
2376 38
2377 37
2378 12
2379 37
2380 1
2381 74
2382 74
2383 74
2384 74
2385 74
2386 60
2387 60
2388 70
2389 70
2390 51
2391 51
2392 51
2393 51
2394 51
2395 51
2396 51
2397 51
2398 76
2399 76
2400 76
2401 76
2402 76
2403 80
2404 80
2405 80
2406 80
2407 80
2408 61
2409 39
2410 61
2411 39
2412 39
2413 29
2414 61
2415 68
2416 69
2417 59
2418 0
2419 59
2420 59
2421 59
2422 59
2423 17
2424 52
2425 56
2426 44
2427 44
2428 64
2429 64
2430 64
2431 64
2432 67
2433 67
2434 46
2435 60
2436 60
2437 60
2438 60
2439 73
2440 73
2441 73
2442 73
2443 73
2444 60
2445 52
2446 60
2447 60
2448 60
2449 73
2450 60
2451 52
2452 73
2453 73
2454 60
2455 73
2456 60
2457 42
2458 44
2459 36
2460 36
2461 36
2462 51
2463 36
2464 36
2465 36
2466 12
2467 36
2468 36
2469 35
2470 35
2471 35
2472 39
2473 66
2474 66
2475 28
2476 28
2477 28
2478 28
2479 28
2480 76
2481 76
2482 76
2483 76
2484 76
2485 76
2486 76
2487 76
2488 76
2489 80
2490 54
2491 76
2492 76
2493 51
2494 71
2495 51
2496 71
2497 71
2498 81
2499 81
2500 81
2501 59
2502 60
2503 60
2504 60
2505 60
2506 60
2507 68
2508 68
2509 68
2510 68
2511 68
2512 68
2513 18
2514 1
2515 11
2516 47
2517 47
2518 26
2519 54
2520 21
2521 21
2522 21
2523 50
2524 7
2525 68
2526 68
2527 68
2528 68
2529 68
2530 68
2531 68
2532 38
2533 38
2534 32
2535 32
2536 32
2537 32
2538 35
2539 32
2540 32
2541 32
2542 32
2543 32
2544 32
2545 32
2546 32
2547 32
2548 32
2549 32
2550 32
2551 32
2552 32
2553 61
2554 61
2555 69
2556 78
2557 2
2558 70
2559 2
2560 2
2561 2
2562 2
2563 2
2564 18
2565 18
2566 18
2567 18
2568 18
2569 64
2570 64
2571 64
2572 64
2573 64
2574 64
2575 64
2576 60
2577 60
2578 63
2579 63
2580 74
2581 74
2582 37
2583 16
2584 16
2585 47
2586 16
2587 40
2588 40
2589 40
2590 49
2591 49
2592 38
2593 49
2594 49
2595 49
2596 41
2597 26
2598 26
2599 30
2600 30
2601 30
2602 65
2603 65
2604 29
2605 81
2606 81
2607 81
2608 81
2609 81
2610 81
2611 68
2612 5
2613 5
2614 5
2615 5
2616 5
2617 21
2618 21
2619 21
2620 21
2621 21
2622 21
2623 70
2624 75
2625 29
2626 52
2627 52
2628 57
2629 52
2630 52
2631 52
2632 52
2633 52
2634 52
2635 52
2636 47
2637 45
2638 47
2639 57
2640 15
2641 73
2642 73
2643 73
2644 73
2645 28
2646 26
2647 26
2648 26
2649 26
2650 26
2651 79
2652 28
2653 69
2654 18
2655 76
2656 74
2657 74
2658 74
2659 74
2660 74
2661 74
2662 74
2663 74
2664 74
2665 78
2666 23
2667 74
2668 74
2669 74
2670 74
2671 40
2672 41
2673 40
2674 40
2675 40
2676 40
2677 21
2678 21
2679 70
2680 70
2681 70
2682 70
2683 70
2684 70
2685 46
2686 50
2687 50
2688 46
2689 50
2690 50
2691 50
2692 50
2693 46
2694 64
2695 64
2696 64
2697 64
2698 64
2699 63
2700 64
2701 64
2702 64
2703 64
2704 22
2705 22
2706 22
2707 22
2708 22
2709 22
2710 22
2711 79
2712 79
2713 79
2714 79
2715 79
2716 79
2717 79
2718 81
2719 81
2720 81
2721 33
2722 60
2723 60
2724 60
2725 60
2726 60
2727 26
2728 35
2729 34
2730 35
2731 35
2732 35
2733 34
2734 35
2735 34
2736 35
2737 38
2738 38
2739 38
2740 38
2741 38
2742 38
2743 38
2744 38
2745 27
2746 38
2747 64
2748 5
2749 5
2750 16
2751 16
2752 16
2753 16
2754 16
2755 16
2756 3
2757 26
2758 26
2759 33
2760 33
2761 33
2762 33
2763 33
2764 34
2765 11
2766 34
2767 41
2768 41
2769 47
2770 58
2771 47
2772 47
2773 47
2774 68
2775 47
2776 68
2777 61
2778 61
2779 61
2780 61
2781 47
2782 47
2783 84
2784 1
2785 16
2786 33
2787 33
2788 4
2789 4
2790 4
2791 4
2792 4
2793 83
2794 65
2795 46
2796 46
2797 46
2798 46
2799 46
2800 46
2801 57
2802 57
2803 57
2804 57
2805 57
2806 69
2807 11
2808 51
2809 25
2810 25
2811 25
2812 25
2813 75
2814 75
2815 75
2816 75
2817 75
2818 75
2819 75
2820 10
2821 36
2822 28
2823 61
2824 34
2825 34
2826 34
2827 75
2828 75
2829 67
2830 67
2831 67
2832 67
2833 67
2834 67
2835 67
2836 67
2837 73
2838 70
2839 73
2840 63
2841 63
2842 63
2843 44
2844 44
2845 51
2846 51
2847 53
2848 9
2849 36
2850 36
2851 36
2852 36
2853 84
2854 84
2855 84
2856 84
2857 84
2858 84
2859 84
2860 68
2861 68
2862 68
2863 22
2864 53
2865 53
2866 53
2867 53
2868 12
2869 39
2870 20
2871 39
2872 39
2873 39
2874 39
2875 39
2876 39
2877 39
2878 39
2879 23
2880 79
2881 38
2882 39
2883 39
2884 45
2885 7
2886 11
2887 10
2888 10
2889 82
2890 82
2891 82
2892 82
2893 82
2894 82
2895 82
2896 82
2897 51
2898 51
2899 77
2900 56
2901 77
2902 77
2903 14
2904 14
2905 14
2906 13
2907 0
2908 6
2909 6
2910 6
2911 6
2912 8
2913 2
2914 78
2915 69
2916 17
2917 17
2918 18
2919 13
2920 58
2921 58
2922 58
2923 58
2924 29
2925 58
2926 22
2927 22
2928 56
2929 56
2930 56
2931 56
2932 50
2933 51
2934 56
2935 38
2936 38
2937 38
2938 10
2939 10
2940 10
2941 10
2942 10
2943 10
2944 10
2945 10
2946 10
2947 10
2948 10
2949 10
2950 82
2951 82
2952 3
2953 47
2954 47
2955 47
2956 48
2957 47
2958 47
2959 47
2960 47
2961 47
2962 47
2963 23
2964 23
2965 23
2966 37
2967 37
2968 52
2969 37
2970 37
2971 52
2972 52
2973 52
2974 52
2975 52
2976 52
2977 52
2978 52
2979 52
2980 3
2981 4
2982 4
2983 4
2984 4
2985 4
2986 4
2987 4
2988 27
2989 27
2990 66
2991 66
2992 66
2993 66
2994 17
2995 17
2996 17
2997 17
2998 56
2999 25
3000 25
3001 25
3002 25
3003 25
3004 24
3005 24
3006 56
3007 56
3008 56
3009 56
3010 56
3011 19
3012 23
3013 24
3014 24
3015 24
3016 24
3017 24
3018 26
3019 26
3020 10
3021 10
3022 10
3023 10
3024 10
3025 10
3026 10
3027 10
3028 10
3029 10
3030 62
3031 36
3032 28
3033 28
3034 10
3035 10
3036 22
3037 22
3038 22
3039 22
3040 22
3041 20
3042 22
3043 22
3044 22
3045 22
3046 22
3047 73
3048 73
3049 73
3050 70
3051 70
3052 70
3053 70
3054 2
3055 2
3056 2
3057 63
3058 2
3059 63
3060 63
3061 40
3062 72
3063 23
3064 23
3065 23
3066 38
3067 38
3068 35
3069 35
3070 35
3071 81
3072 64
3073 64
3074 64
3075 64
3076 64
3077 57
3078 57
3079 57
3080 57
3081 57
3082 17
3083 17
3084 15
3085 41
3086 40
3087 40
3088 40
3089 22
3090 32
3091 10
3092 10
3093 10
3094 6
3095 40
3096 40
3097 40
3098 76
3099 10
3100 43
3101 43
3102 75
3103 32
3104 55
3105 21
3106 21
3107 33
3108 0
3109 18
3110 18
3111 20
3112 52
3113 52
3114 52
3115 52
3116 46
3117 46
3118 46
3119 24
3120 24
3121 38
3122 24
3123 24
3124 42
3125 42
3126 42
3127 42
3128 70
3129 82
3130 82
3131 0
3132 0
3133 34
3134 44
3135 44
3136 44
3137 44
3138 44
3139 44
3140 44
3141 46
3142 46
3143 6
3144 6
3145 6
3146 6
3147 6
3148 6
3149 6
3150 6
3151 6
3152 6
3153 71
3154 84
3155 84
3156 54
3157 54
3158 28
3159 40
3160 40
3161 40
3162 40
3163 9
3164 61
3165 61
3166 61
3167 61
3168 61
3169 36
3170 46
3171 46
3172 46
3173 23
3174 23
3175 28
3176 28
3177 75
3178 75
3179 75
3180 67
3181 53
3182 59
3183 27
3184 27
3185 27
3186 27
3187 27
3188 27
3189 27
3190 76
3191 76
3192 76
3193 78
3194 78
3195 49
3196 49
3197 49
3198 49
3199 49
3200 12
3201 12
3202 82
3203 82
3204 47
3205 47
3206 47
3207 48
3208 48
3209 3
3210 27
3211 27
3212 33
3213 33
3214 33
3215 33
3216 18
3217 18
3218 18
3219 18
3220 18
3221 6
3222 6
3223 6
3224 6
3225 6
3226 6
3227 6
3228 6
3229 6
3230 80
3231 80
3232 80
3233 43
3234 43
3235 38
3236 38
3237 38
3238 30
3239 38
3240 38
3241 38
3242 30
3243 30
3244 49
3245 10
3246 10
3247 10
3248 31
3249 10
3250 6
3251 35
3252 35
3253 35
3254 35
3255 35
3256 35
3257 35
3258 32
3259 35
3260 32
3261 35
3262 35
3263 35
3264 32
3265 36
3266 12
3267 56
3268 12
3269 12
3270 52
3271 12
3272 52
3273 34
3274 65
3275 65
3276 65
3277 65
3278 65
3279 65
3280 65
3281 65
3282 30
3283 30
3284 29
3285 30
3286 30
3287 30
3288 30
3289 30
3290 30
3291 81
3292 43
3293 43
3294 43
3295 43
3296 54
3297 54
3298 54
3299 54
3300 54
3301 54
3302 1
3303 1
3304 1
3305 1
3306 1
3307 1
3308 1
3309 1
3310 1
3311 1
3312 1
3313 1
3314 1
3315 1
3316 1
3317 1
3318 5
3319 5
3320 5
3321 81
3322 44
3323 44
3324 34
3325 60
3326 60
3327 61
3328 61
3329 61
3330 61
3331 60
3332 20
3333 50
3334 61
3335 50
3336 61
3337 20
3338 60
3339 60
3340 51
3341 60
3342 83
3343 14
3344 13
3345 13
3346 13
3347 13
3348 13
3349 13
3350 13
3351 13
3352 13
3353 13
3354 13
3355 13
3356 13
3357 69
3358 58
3359 51
3360 51
3361 51
3362 51
3363 36
3364 78
3365 78
3366 78
3367 78
3368 78
3369 78
3370 78
3371 78
3372 78
3373 78
3374 56
3375 56
3376 8
3377 29
3378 29
3379 29
3380 29
3381 29
3382 29
3383 29
3384 29
3385 29
3386 15
3387 15
3388 15
3389 34
3390 34
3391 75
3392 75
3393 75
3394 75
3395 75
3396 75
3397 57
3398 57
3399 57
3400 57
3401 57
3402 57
3403 57
3404 57
3405 57
3406 57
3407 57
3408 57
3409 57
3410 42
3411 73
3412 73
3413 38
3414 38
3415 31
3416 31
3417 31
3418 31
3419 31
3420 11
3421 11
3422 56
3423 56
3424 17
3425 17
3426 17
3427 7
3428 7
3429 7
3430 35
3431 74
3432 74
3433 74
3434 56
3435 56
3436 0
3437 62
3438 61
3439 61
3440 26
3441 62
3442 62
3443 58
3444 58
3445 58
3446 43
3447 20
3448 41
3449 41
3450 41
3451 51
3452 69
3453 69
3454 69
3455 13
3456 14
3457 13
3458 13
3459 14
3460 13
3461 13
3462 13
3463 13
3464 13
3465 13
3466 13
3467 13
3468 13
3469 13
3470 13
3471 13
3472 13
3473 13
3474 13
3475 13
3476 13
3477 13
3478 13
3479 14
3480 13
3481 13
3482 13
3483 13
3484 14
3485 14
3486 66
3487 66
3488 66
3489 18
3490 18
3491 48
3492 48
3493 48
3494 48
3495 36
3496 36
3497 36
3498 36
3499 11
3500 68
3501 78
3502 78
3503 78
3504 44
3505 78
3506 78
3507 78
3508 78
3509 23
3510 23
3511 23
3512 23
3513 23
3514 23
3515 23
3516 23
3517 30
3518 30
3519 30
3520 30
3521 30
3522 30
3523 30
3524 30
3525 30
3526 30
3527 30
3528 30
3529 30
3530 30
3531 30
3532 30
3533 30
3534 30
3535 30
3536 30
3537 30
3538 30
3539 30
3540 69
3541 69
3542 69
3543 51
3544 20
3545 20
3546 20
3547 20
3548 62
3549 62
3550 16
3551 31
3552 31
3553 31
3554 7
3555 7
3556 7
3557 31
3558 31
3559 66
3560 24
3561 24
3562 24
3563 24
3564 62
3565 61
3566 61
3567 61
3568 61
3569 34
3570 34
3571 34
3572 69
3573 68
3574 68
3575 32
3576 32
3577 32
3578 32
3579 32
3580 32
3581 32
3582 32
3583 32
3584 32
3585 32
3586 32
3587 3
3588 9
3589 33
3590 59
3591 59
3592 41
3593 73
3594 55
3595 55
3596 82
3597 64
3598 37
3599 47
3600 47
3601 52
3602 52
3603 75
3604 75
3605 68
3606 68
3607 68
3608 68
3609 68
3610 35
3611 8
3612 7
3613 49
3614 49
3615 49
3616 49
3617 76
3618 76
3619 41
3620 41
3621 76
3622 76
3623 76
3624 16
3625 16
3626 16
3627 16
3628 16
3629 16
3630 29
3631 29
3632 29
3633 29
3634 29
3635 29
3636 29
3637 29
3638 0
3639 0
3640 18
3641 18
3642 18
3643 14
3644 14
3645 14
3646 14
3647 14
3648 14
3649 14
3650 14
3651 14
3652 14
3653 32
3654 32
3655 32
3656 45
3657 43
3658 48
3659 48
3660 48
3661 48
3662 48
3663 48
3664 48
3665 48
3666 48
3667 48
3668 48
3669 48
3670 48
3671 48
3672 48
3673 48
3674 48
3675 48
3676 48
3677 48
3678 48
3679 48
3680 48
3681 48
3682 48
3683 48
3684 48
3685 48
3686 48
3687 48
3688 48
3689 48
3690 48
3691 48
3692 63
3693 63
3694 63
3695 23
3696 30
3697 40
3698 28
3699 28
3700 28
3701 28
3702 43
3703 80
3704 51
3705 51
3706 51
3707 63
3708 79
3709 79
3710 36
3711 36
3712 36
3713 37
3714 37
3715 12
3716 12
3717 12
3718 12
3719 12
3720 25
3721 49
3722 49
3723 49
3724 49
3725 23
3726 36
3727 36
3728 36
3729 66
3730 3
3731 3
3732 35
3733 64
3734 29
3735 29
3736 29
3737 29
3738 28
3739 24
3740 24
3741 24
3742 24
3743 24
3744 50
3745 50
3746 50
3747 50
3748 50
3749 50
3750 50
3751 50
3752 50
3753 50
3754 50
3755 50
3756 0
3757 0
3758 47
3759 47
3760 47
3761 51
3762 31
3763 22
3764 22
3765 54
3766 54
3767 54
3768 52
3769 52
3770 52
3771 52
3772 7
3773 65
3774 65
3775 29
3776 29
3777 29
3778 29
3779 29
3780 29
3781 81
3782 48
3783 48
3784 12
3785 12
3786 12
3787 12
3788 12
3789 21
3790 21
3791 21
3792 63
3793 63
3794 32
3795 32
3796 32
3797 14
3798 14
3799 14
3800 37
3801 37
3802 37
3803 80
3804 13
3805 52
3806 6
3807 4
3808 65
3809 68
3810 68
3811 68
3812 68
3813 68
3814 68
3815 27
3816 41
3817 26
3818 20
3819 59
3820 59
3821 59
3822 59
3823 59
3824 59
3825 59
3826 59
3827 36
3828 36
3829 80
3830 80
3831 48
3832 48
3833 78
3834 8
3835 8
3836 3
3837 76
3838 76
3839 43
3840 42
3841 42
3842 42
3843 42
3844 42
3845 42
3846 0
3847 0
3848 0
3849 40
3850 76
3851 76
3852 38
3853 36
3854 81
3855 72
3856 12
3857 12
3858 12
3859 39
3860 39
3861 39
3862 39
3863 30
3864 30
3865 30
3866 23
3867 29
3868 29
3869 29
3870 29
3871 29
3872 29
3873 19
3874 47
3875 47
3876 47
3877 47
3878 47
3879 47
3880 47
3881 47
3882 47
3883 47
3884 54
3885 75
3886 75
3887 75
3888 75
3889 75
3890 73
3891 10
3892 10
3893 35
3894 56
3895 56
3896 56
3897 56
3898 56
3899 69
3900 33
3901 33
3902 33
3903 33
3904 33
3905 33
3906 33
3907 33
3908 50
3909 50
3910 50
3911 50
3912 63
3913 63
3914 65
3915 65
3916 21
3917 21
3918 21
3919 21
3920 21
3921 21
3922 21
3923 21
3924 21
3925 11
3926 11
3927 11
3928 83
3929 83
3930 83
3931 83
3932 83
3933 54
3934 22
3935 22
3936 22
3937 79
3938 79
3939 79
3940 79
3941 79
3942 79
3943 79
3944 33
3945 25
3946 8
3947 52
3948 52
3949 52
3950 41
3951 56
3952 23
3953 78
3954 80
3955 29
3956 9
3957 9
3958 9
3959 9
3960 9
3961 72
3962 72
3963 12
3964 43
3965 38
3966 45
3967 75
3968 63
3969 63
3970 63
3971 63
3972 53
3973 53
3974 53
3975 53
3976 53
3977 53
3978 53
3979 53
3980 53
3981 53
3982 53
3983 53
3984 53
3985 53
3986 53
3987 66
3988 82
3989 82
3990 82
3991 20
3992 68
3993 68
3994 68
3995 43
3996 54
3997 54
3998 79
3999 79
4000 79
4001 50
4002 50
4003 50
4004 40
4005 37
4006 37
4007 14
4008 14
4009 14
4010 14
4011 14
4012 18
4013 81
4014 80
4015 5
4016 1
4017 64
4018 75
4019 8
4020 8
4021 8
4022 53
4023 47
4024 47
4025 47
4026 8
4027 65
4028 12
4029 12
4030 12
4031 75
4032 75
4033 75
4034 28
4035 5
4036 70
4037 39
4038 39
4039 76
4040 76
4041 76
4042 76
4043 76
4044 49
4045 49
4046 17
4047 17
4048 1
4049 5
4050 5
4051 25
4052 12
4053 65
4054 65
4055 27
4056 27
4057 27
4058 56
4059 5
4060 5
4061 5
4062 38
4063 13
4064 13
4065 70
4066 22
4067 65
4068 22
4069 16
4070 57
4071 57
4072 57
4073 57
4074 57
4075 57
4076 57
4077 57
4078 57
4079 57
4080 57
4081 57
4082 57
4083 57
4084 57
4085 11
4086 11
4087 51
4088 51
4089 74
4090 4
4091 4
4092 79
4093 79
4094 79
4095 66
4096 72
4097 72
4098 72
4099 25
4100 36
4101 36
4102 8
4103 26
4104 26
4105 73
4106 73
4107 73
4108 56
4109 63
4110 47
4111 47
4112 47
4113 14
4114 36
4115 81
4116 16
4117 16
4118 45
4119 42
4120 42
4121 42
4122 42
4123 42
4124 42
4125 42
4126 42
4127 24
4128 24
4129 13
4130 13
4131 13
4132 13
4133 40
4134 40
4135 54
4136 33
4137 14
4138 36
4139 25
4140 25
4141 8
4142 8
4143 8
4144 59
4145 48
4146 48
4147 48
4148 78
4149 78
4150 19
4151 22
4152 72
4153 79
4154 26
4155 37
4156 84
4157 4
