0 1 3
0 2 18
0 3 9
0 4 12
0 5 4
0 6 6
0 7 13
0 8 16
0 9 23
0 10 11
0 11 14
0 12 22
0 13 24
0 14 7
0 15 20
0 16 19
0 17 2
0 18 1
0 19 5
0 20 21
0 21 10
0 22 17
0 23 15
0 24 8
1 1 14
1 2 18
1 3 4
1 4 8
1 5 24
1 6 13
1 7 2
1 8 7
1 9 16
1 10 20
1 11 9
1 12 3
1 13 15
1 14 22
1 15 21
1 16 5
1 17 0
1 18 12
1 19 6
1 20 19
1 21 23
1 22 10
1 23 17
1 24 11
2 1 7
2 2 20
2 3 0
2 4 18
2 5 22
2 6 19
2 7 3
2 8 4
2 9 16
2 10 17
2 11 6
2 12 24
2 13 8
2 14 12
2 15 5
2 16 21
2 17 10
2 18 15
2 19 13
2 20 1
2 21 11
2 22 23
2 23 9
2 24 14
3 1 22
3 2 11
3 3 20
3 4 13
3 5 1
3 6 12
3 7 19
3 8 23
3 9 15
3 10 21
3 11 14
3 12 17
3 13 18
3 14 7
3 15 2
3 16 9
3 17 24
3 18 10
3 19 5
3 20 8
3 21 16
3 22 4
3 23 0
3 24 6
4 1 1
4 2 13
4 3 12
4 4 20
4 5 3
4 6 22
4 7 21
4 8 7
4 9 5
4 10 11
4 11 6
4 12 17
4 13 19
4 14 8
4 15 16
4 16 23
4 17 0
4 18 2
4 19 15
4 20 10
4 21 9
4 22 24
4 23 14
4 24 18
5 1 11
5 2 9
5 3 22
5 4 24
5 5 23
5 6 7
5 7 13
5 8 12
5 9 3
5 10 18
5 11 15
5 12 1
5 13 6
5 14 14
5 15 19
5 16 17
5 17 10
5 18 8
5 19 0
5 20 16
5 21 20
5 22 21
5 23 4
5 24 2
6 1 15
6 2 8
6 3 2
6 4 14
6 5 3
6 6 17
6 7 1
6 8 10
6 9 7
6 10 18
6 11 19
6 12 22
6 13 9
6 14 16
6 15 24
6 16 23
6 17 4
6 18 0
6 19 20
6 20 13
6 21 5
6 22 12
6 23 21
6 24 11
7 1 1
7 2 11
7 3 21
7 4 2
7 5 4
7 6 17
7 7 24
7 8 6
7 9 15
7 10 18
7 11 8
7 12 22
7 13 14
7 14 9
7 15 13
7 16 0
7 17 23
7 18 19
7 19 10
7 20 20
7 21 16
7 22 12
7 23 5
7 24 3
8 1 22
8 2 1
8 3 14
8 4 6
8 5 4
8 6 20
8 7 17
8 8 7
8 9 0
8 10 2
8 11 12
8 12 3
8 13 24
8 14 21
8 15 11
8 16 16
8 17 13
8 18 18
8 19 10
8 20 15
8 21 19
8 22 23
8 23 9
8 24 5
9 1 10
9 2 12
9 3 11
9 4 8
9 5 2
9 6 14
9 7 22
9 8 7
9 9 16
9 10 24
9 11 3
9 12 0
9 13 1
9 14 21
9 15 20
9 16 4
9 17 18
9 18 6
9 19 17
9 20 13
9 21 15
9 22 23
9 23 19
9 24 5
10 1 9
10 2 21
10 3 7
10 4 1
10 5 14
10 6 3
10 7 17
10 8 20
10 9 4
10 10 23
10 11 11
10 12 18
10 13 12
10 14 6
10 15 15
10 16 13
10 17 24
10 18 16
10 19 5
10 20 0
10 21 8
10 22 2
10 23 22
10 24 19
11 1 19
11 2 9
11 3 2
11 4 6
11 5 10
11 6 7
11 7 14
11 8 24
11 9 21
11 10 18
11 11 20
11 12 0
11 13 22
11 14 12
11 15 8
11 16 1
11 17 15
11 18 23
11 19 3
11 20 13
11 21 16
11 22 4
11 23 5
11 24 17
12 1 24
12 2 2
12 3 1
12 4 3
12 5 10
12 6 17
12 7 11
12 8 5
12 9 15
12 10 13
12 11 20
12 12 8
12 13 4
12 14 9
12 15 22
12 16 23
12 17 18
12 18 21
12 19 0
12 20 6
12 21 16
12 22 19
12 23 7
12 24 14
13 1 6
13 2 7
13 3 18
13 4 11
13 5 5
13 6 12
13 7 23
13 8 15
13 9 2
13 10 22
13 11 17
13 12 14
13 13 3
13 14 19
13 15 21
13 16 0
13 17 4
13 18 10
13 19 24
13 20 1
13 21 9
13 22 8
13 23 20
13 24 16
14 1 20
14 2 16
14 3 9
14 4 7
14 5 8
14 6 19
14 7 23
14 8 2
14 9 0
14 10 21
14 11 1
14 12 18
14 13 6
14 14 15
14 15 4
14 16 11
14 17 22
14 18 17
14 19 13
14 20 3
14 21 10
14 22 5
14 23 12
14 24 24
15 1 24
15 2 2
15 3 4
15 4 7
15 5 23
15 6 14
15 7 17
15 8 9
15 9 16
15 10 19
15 11 6
15 12 10
15 13 18
15 14 13
15 15 0
15 16 5
15 17 1
15 18 12
15 19 8
15 20 22
15 21 11
15 22 21
15 23 3
15 24 20
16 1 5
16 2 9
16 3 8
16 4 7
16 5 23
16 6 2
16 7 15
16 8 17
16 9 6
16 10 19
16 11 11
16 12 1
16 13 22
16 14 21
16 15 12
16 16 3
16 17 14
16 18 24
16 19 20
16 20 10
16 21 13
16 22 18
16 23 0
16 24 4
17 1 23
17 2 12
17 3 14
17 4 1
17 5 16
17 6 13
17 7 10
17 8 7
17 9 8
17 10 9
17 11 15
17 12 4
17 13 22
17 14 24
17 15 11
17 16 0
17 17 18
17 18 6
17 19 21
17 20 2
17 21 20
17 22 5
17 23 19
17 24 3
18 1 20
18 2 10
18 3 4
18 4 19
18 5 7
18 6 1
18 7 6
18 8 17
18 9 15
18 10 2
18 11 24
18 12 5
18 13 9
18 14 21
18 15 13
18 16 0
18 17 14
18 18 8
18 19 11
18 20 3
18 21 22
18 22 23
18 23 16
18 24 12
19 1 3
19 2 14
19 3 10
19 4 13
19 5 17
19 6 23
19 7 16
19 8 11
19 9 8
19 10 24
19 11 4
19 12 9
19 13 15
19 14 12
19 15 22
19 16 6
19 17 20
19 18 7
19 19 18
19 20 21
19 21 1
19 22 0
19 23 2
19 24 5
20 1 24
20 2 11
20 3 1
20 4 3
20 5 19
20 6 18
20 7 23
20 8 22
20 9 13
20 10 4
20 11 14
20 12 0
20 13 21
20 14 5
20 15 2
20 16 7
20 17 17
20 18 8
20 19 15
20 20 9
20 21 16
20 22 10
20 23 12
20 24 6
21 1 23
21 2 24
21 3 12
21 4 18
21 5 15
21 6 3
21 7 20
21 8 8
21 9 17
21 10 7
21 11 22
21 12 5
21 13 10
21 14 14
21 15 11
21 16 6
21 17 0
21 18 2
21 19 16
21 20 13
21 21 4
21 22 9
21 23 19
21 24 1
22 1 13
22 2 16
22 3 5
22 4 24
22 5 12
22 6 1
22 7 17
22 8 7
22 9 11
22 10 15
22 11 4
22 12 9
22 13 10
22 14 8
22 15 18
22 16 19
22 17 0
22 18 20
22 19 21
22 20 3
22 21 2
22 22 6
22 23 14
22 24 23
23 1 20
23 2 13
23 3 6
23 4 0
23 5 15
23 6 8
23 7 24
23 8 5
23 9 3
23 10 2
23 11 12
23 12 21
23 13 7
23 14 1
23 15 18
23 16 17
23 17 19
23 18 14
23 19 4
23 20 9
23 21 11
23 22 16
23 23 10
23 24 22
24 1 23
24 2 2
24 3 22
24 4 14
24 5 7
24 6 6
24 7 16
24 8 5
24 9 21
24 10 19
24 11 4
24 12 20
24 13 1
24 14 8
24 15 3
24 16 12
24 17 11
24 18 9
24 19 13
24 20 17
24 21 10
24 22 15
24 23 18
24 24 0