0 1
1 1
2 3
3 1
4 3
5 1
6 21
7 1
8 1
9 17
10 3
11 3
12 12
13 11
14 3
15 3
16 23
17 15
18 3
19 14
20 17
21 4
22 23
23 24
24 2
25 23
26 17
27 17
28 17
29 5
30 17
31 17
32 24
33 24
34 17
35 17
36 4
37 17
38 17
39 17
40 19
41 23
42 8
43 24
44 2
45 14
46 17
47 19
48 22
49 23
50 9
51 17
52 17
53 3
54 17
55 12
56 17
57 17
58 17
59 17
60 12
61 17
62 17
63 17
64 17
65 17
66 8
67 23
68 23
69 23
70 23
71 23
72 22
73 23
74 21
75 23
76 21
77 22
78 20
79 23
80 21
81 22
82 21
83 21
84 21
85 23
86 23
87 23
88 20
89 23
90 23
91 22
92 22
93 22
94 21
95 21
96 19
97 22
98 19
99 21
100 22
101 22
102 22
103 22
104 22
105 21
106 18
107 18
108 23
109 24
110 18
111 12
112 17
113 18
114 18
115 18
116 18
117 8
118 18
119 16
120 17
121 19
122 17
123 18
124 18
125 18
126 4
127 18
128 12
129 18
130 0
131 18
132 18
133 2
134 18
135 17
136 18
137 20
138 6
139 18
140 18
141 7
142 18
143 3
144 20
145 20
146 0
147 0
148 0
149 0
150 0
151 0
152 22
153 0
154 20
155 0
156 0
157 22
158 20
159 0
160 0
161 0
162 0
163 5
164 20
165 19
166 19
167 19
168 19
169 19
170 19
171 19
172 19
173 19
174 23
175 19
176 19
177 19
178 19
179 9
180 19
181 19
182 19
183 19
184 4
185 4
186 6
187 4
188 4
189 4
190 4
191 4
192 4
193 4
194 4
195 4
196 4
197 4
198 4
199 12
200 12
201 4
202 5
203 4
204 4
205 10
206 4
207 4
208 4
209 3
210 4
211 3
212 1
213 10
214 12
215 4
216 4
217 4
218 4
219 5
220 0
221 4
222 9
223 2
224 4
225 14
226 2
227 2
228 5
229 14
230 1
231 13
232 13
233 13
234 13
235 13
236 13
237 13
238 23
239 22
240 23
241 23
242 23
243 23
244 19
245 23
246 23
247 23
248 23
249 23
250 23
251 23
252 23
253 23
254 23
255 23
256 22
257 22
258 22
259 22
260 22
261 22
262 22
263 22
264 22
265 22
266 22
267 22
268 22
269 22
270 22
271 22
272 22
273 22
274 22
275 22
276 22
277 22
278 22
279 24
280 22
281 22
282 22
283 22
284 22
285 11
286 22
287 22
288 22
289 22
290 22
291 22
292 22
293 22
294 22
295 22
296 7
297 22
298 22
299 22
300 22
301 22
302 23
303 23
304 23
305 23
306 23
307 23
308 23
309 23
310 23
311 23
312 23
313 18
314 23
315 23
316 13
317 23
318 13
319 13
320 13
321 23
322 23
323 23
324 23
325 23
326 23
327 23
328 23
329 20
330 23
331 0
332 23
333 4
334 23
335 23
336 23
337 23
338 23
339 23
340 23
341 13
342 3
343 3
344 13
345 23
346 23
347 5
348 5
349 5
350 5
351 5
352 5
353 5
354 11
355 5
356 5
357 5
358 8
359 5
360 5
361 5
362 5
363 1
364 5
365 5
366 10
367 11
368 15
369 15
370 1
371 16
372 10
373 0
374 3
375 20
376 20
377 20
378 20
379 20
380 20
381 20
382 3
383 3
384 3
385 3
386 3
387 3
388 3
389 3
390 3
391 3
392 4
393 3
394 7
395 3
396 5
397 3
398 24
399 3
400 14
401 3
402 3
403 3
404 3
405 3
406 3
407 3
408 3
409 3
410 0
411 3
412 3
413 3
414 0
415 0
416 0
417 0
418 0
419 0
420 0
421 0
422 0
423 1
424 0
425 0
426 0
427 0
428 1
429 0
430 0
431 0
432 0
433 21
434 0
435 0
436 0
437 0
438 0
439 0
440 0
441 0
442 0
443 0
444 16
445 16
446 16
447 16
448 16
449 16
450 16
451 16
452 16
453 16
454 16
455 16
456 16
457 16
458 16
459 16
460 16
461 16
462 16
463 16
464 16
465 16
466 16
467 16
468 16
469 16
470 16
471 16
472 16
473 16
474 16
475 2
476 2
477 16
478 20
479 20
480 20
481 20
482 20
483 20
484 20
485 11
486 20
487 23
488 23
489 23
490 23
491 19
492 23
493 9
494 23
495 22
496 23
497 23
498 1
499 16
500 23
501 23
502 23
503 23
504 0
505 21
506 23
507 23
508 23
509 7
510 5
511 23
512 13
513 23
514 23
515 9
516 23
517 20
518 24
519 22
520 22
521 22
522 22
523 22
524 22
525 22
526 22
527 22
528 22
529 22
530 22
531 22
532 22
533 9
534 22
535 22
536 22
537 22
538 14
539 16
540 22
541 22
542 22
543 22
544 22
545 22
546 22
547 22
548 15
549 23
550 23
551 15
552 23
553 13
554 23
555 22
556 23
557 23
558 23
559 23
560 22
561 18
562 18
563 3
564 17
565 3
566 20
567 3
568 3
569 3
570 3
571 3
572 13
573 8
574 3
575 3
576 3
577 24
578 3
579 3
580 3
581 4
582 4
583 4
584 4
585 4
586 4
587 4
588 12
589 12
590 12
591 12
592 12
593 12
594 21
595 21
596 21
597 21
598 21
599 21
600 21
601 20
602 21
603 21
604 22
605 22
606 22
607 22
608 22
609 22
610 22
611 22
612 22
613 22
614 22
615 21
616 24
617 22
618 22
619 7
620 7
621 7
622 7
623 5
624 1
625 7
626 7
627 7
628 23
629 7
630 7
631 20
632 15
633 0
634 20
635 20
636 18
637 18
638 18
639 18
640 18
641 18
642 18
643 18
644 18
645 17
646 18
647 18
648 18
649 18
650 1
651 18
652 18
653 18
654 18
655 18
656 14
657 15
658 0
659 0
660 15
661 15
662 15
663 19
664 19
665 24
666 18
667 23
668 23
669 18
670 23
671 18
672 13
673 23
674 23
675 20
676 2
677 5
678 8
679 4
680 2
681 2
682 2
683 2
684 2
685 2
686 4
687 2
688 24
689 5
690 24
691 5
692 2
693 0
694 0
695 0
696 0
697 5
698 0
699 0
700 1
701 1
702 0
703 4
704 20
705 0
706 0
707 0
708 6
709 6
710 6
711 6
712 6
713 6
714 6
715 6
716 6
717 6
718 6
719 6
720 4
721 6
722 6
723 6
724 22
725 22
726 22
727 22
728 23
729 16
730 16
731 16
732 16
733 17
734 18
735 16
736 16
737 10
738 16
739 16
740 16
741 10
742 21
743 16
744 16
745 16
746 0
747 0
748 0
749 0
750 0
751 0
752 21
753 0
754 0
755 0
756 0
757 0
758 0
759 0
760 0
761 0
762 13
763 6
764 13
765 6
766 13
767 13
768 13
769 13
770 13
771 13
772 13
773 13
774 13
775 13
776 5
777 5
778 5
779 5
780 5
781 5
782 5
783 0
784 0
785 0
786 0
787 0
788 0
789 0
790 0
791 0
792 21
793 18
794 21
795 7
796 21
797 15
798 15
799 15
800 15
801 15
802 15
803 16
804 15
805 15
806 2
807 2
808 2
809 2
810 2
811 2
812 1
813 1
814 11
815 1
816 11
817 17
818 17
819 17
820 17
821 17
822 17
823 17
824 17
825 17
826 17
827 17
828 1
829 1
830 1
831 1
832 22
833 22
834 20
835 20
836 20
837 20
838 20
839 20
840 20
841 20
842 20
843 20
844 14
845 14
846 14
847 20
848 20
849 20
850 19
851 20
852 20
853 3
854 3
855 3
856 18
857 3
858 3
859 0
860 0
861 24
862 24
863 24
864 13
865 13
866 13
867 13
868 13
869 13
870 13
871 14
872 13
873 13
874 13
875 13
876 13
877 22
878 22
879 22
880 22
881 22
882 22
883 22
884 21
885 21
886 21
887 21
888 4
889 4
890 4
891 4
892 4
893 2
894 2
895 4
896 4
897 2
898 2
899 2
900 2
901 2
902 2
903 2
904 2
905 2
906 2
907 2
908 2
909 2
910 1
911 3
912 1
913 1
914 2
915 3
916 1
917 3
918 1
919 1
920 1
921 3
922 1
923 1
924 1
925 3
926 3
927 5
928 8
929 2
930 4
931 7
932 3
933 3
934 13
935 3
936 3
937 3
938 3
939 13
940 0
941 3
942 3
943 1
944 10
945 10
946 10
947 9
948 15
949 10
950 10
951 10
952 10
953 10
954 10
955 10
956 10
957 10
958 10
959 10
960 10
961 10
962 10
963 11
964 10
965 11
966 11
967 11
968 11
969 10
970 11
971 11
972 10
973 19
974 11
975 19
976 24
977 19
978 24
979 17
980 17
981 17
982 17
983 17
984 17
985 17
986 7
987 17
988 17
989 17
990 17
991 17
992 17
993 7
994 7
995 7
996 18
997 7
998 7
999 7
1000 7
1001 7
1002 7
1003 7
1004 1
1005 7
1006 7
1007 7
1008 1
1009 7
1010 7
1011 7
1012 7
1013 7
1014 9
1015 9
1016 9
1017 8
1018 9
1019 9
1020 9
1021 24
1022 11
1023 9
1024 13
1025 11
1026 9
1027 17
1028 17
1029 17
1030 17
1031 17
1032 17
1033 17
1034 0
1035 0
1036 0
1037 0
1038 0
1039 0
1040 0
1041 12
1042 7
1043 7
1044 7
1045 9
1046 11
1047 7
1048 18
1049 18
1050 18
1051 20
1052 21
1053 20
1054 20
1055 21
1056 20
1057 20
1058 21
1059 20
1060 12
1061 20
1062 21
1063 20
1064 18
1065 19
1066 20
1067 11
1068 20
1069 20
1070 19
1071 19
1072 19
1073 19
1074 11
1075 11
1076 11
1077 11
1078 11
1079 11
1080 11
1081 11
1082 11
1083 11
1084 11
1085 11
1086 18
1087 18
1088 12
1089 12
1090 12
1091 12
1092 12
1093 12
1094 12
1095 12
1096 15
1097 12
1098 12
1099 12
1100 23
1101 23
1102 10
1103 10
1104 10
1105 10
1106 10
1107 10
1108 10
1109 10
1110 10
1111 10
1112 10
1113 10
1114 10
1115 10
1116 10
1117 6
1118 10
1119 10
1120 12
1121 10
1122 10
1123 17
1124 17
1125 17
1126 17
1127 17
1128 17
1129 13
1130 17
1131 17
1132 17
1133 15
1134 15
1135 15
1136 15
1137 15
1138 15
1139 15
1140 17
1141 17
1142 17
1143 17
1144 17
1145 17
1146 17
1147 17
1148 15
1149 17
1150 17
1151 17
1152 17
1153 17
1154 17
1155 17
1156 11
1157 11
1158 11
1159 11
1160 11
1161 11
1162 11
1163 11
1164 11
1165 3
1166 3
1167 4
1168 11
1169 11
1170 11
1171 11
1172 11
1173 11
1174 11
1175 11
1176 11
1177 24
1178 17
1179 17
1180 17
1181 17
1182 17
1183 17
1184 17
1185 17
1186 10
1187 10
1188 10
1189 10
1190 10
1191 10
1192 7
1193 7
1194 7
1195 7
1196 7
1197 7
1198 7
1199 7
1200 7
1201 7
1202 7
1203 8
1204 8
1205 8
1206 8
1207 8
1208 8
1209 8
1210 8
1211 8
1212 8
1213 8
1214 8
1215 8
1216 8
1217 19
1218 12
1219 19
1220 19
1221 19
1222 19
1223 19
1224 19
1225 19
1226 19
1227 19
1228 19
1229 20
1230 20
1231 20
1232 9
1233 20
1234 20
1235 20
1236 4
1237 4
1238 5
1239 5
1240 5
1241 5
1242 5
1243 5
1244 5
1245 5
1246 5
1247 5
1248 5
1249 5
1250 5
1251 5
1252 5
1253 5
1254 5
1255 5
1256 5
1257 5
1258 5
1259 5
1260 5
1261 5
1262 5
1263 5
1264 5
1265 5
1266 5
1267 5
1268 5
1269 5
1270 5
1271 5
1272 5
1273 5
1274 5
1275 5
1276 5
1277 5
1278 5
1279 0
1280 0
1281 0
1282 24
1283 24
1284 24
1285 24
1286 24
1287 5
1288 15
1289 15
1290 5
1291 5
1292 5
1293 5
1294 5
1295 5
1296 5
1297 5
1298 12
1299 12
1300 12
1301 12
1302 12
1303 12
1304 12
1305 12
1306 12
1307 12
1308 12
1309 12
1310 12
1311 2
1312 12
1313 12
1314 12
1315 12
1316 12
1317 2
1318 12
1319 12
1320 12
1321 12
1322 12
1323 12
1324 11
1325 11
1326 11
1327 11
1328 11
1329 11
1330 14
1331 14
1332 12
1333 12
1334 22
1335 12
1336 12
1337 12
1338 12
1339 12
1340 12
1341 13
1342 9
1343 12
1344 13
1345 19
1346 19
1347 19
1348 19
1349 19
1350 19
1351 19
1352 19
1353 19
1354 18
1355 18
1356 18
1357 18
1358 18
1359 18
1360 18
1361 18
1362 18
1363 18
1364 18
1365 18
1366 18
1367 9
1368 7
1369 7
1370 11
1371 7
1372 11
1373 5
1374 5
1375 5
1376 5
1377 5
1378 5
1379 5
1380 5
1381 19
1382 9
1383 9
1384 9
1385 9
1386 9
1387 9
1388 9
1389 9
1390 8
1391 9
1392 9
1393 9
1394 9
1395 9
1396 22
1397 11
1398 8
1399 11
1400 11
1401 11
1402 11
1403 0
1404 19
1405 19
1406 19
1407 21
1408 21
1409 21
1410 21
1411 21
1412 21
1413 21
1414 21
1415 1
1416 1
1417 1
1418 1
1419 1
1420 1
1421 1
1422 7
1423 10
1424 7
1425 10
1426 10
1427 10
1428 10
1429 10
1430 10
1431 10
1432 20
1433 20
1434 20
1435 20
1436 20
1437 20
1438 20
1439 5
1440 5
1441 5
1442 5
1443 6
1444 11
1445 4
1446 11
1447 11
1448 16
1449 15
1450 15
1451 15
1452 15
1453 15
1454 4
1455 15
1456 15
1457 15
1458 15
1459 15
1460 16
1461 16
1462 16
1463 16
1464 16
1465 16
1466 16
1467 16
1468 16
1469 16
1470 16
1471 16
1472 16
1473 16
1474 9
1475 9
1476 9
1477 9
1478 2
1479 9
1480 3
1481 3
1482 3
1483 3
1484 4
1485 14
1486 3
1487 3
1488 3
1489 10
1490 10
1491 8
1492 8
1493 8
1494 6
1495 8
1496 8
1497 8
1498 8
1499 8
1500 8
1501 8
1502 8
1503 0
1504 8
1505 8
1506 8
1507 8
1508 8
1509 8
1510 8
1511 9
1512 9
1513 9
1514 9
1515 14
1516 14
1517 14
1518 14
1519 14
1520 13
1521 4
1522 14
1523 14
1524 4
1525 13
1526 13
1527 13
1528 13
1529 13
1530 13
1531 13
1532 13
1533 12
1534 13
1535 13
1536 13
1537 13
1538 13
1539 13
1540 7
1541 13
1542 13
1543 13
1544 13
1545 13
1546 13
1547 13
1548 13
1549 13
1550 13
1551 13
1552 13
1553 7
1554 13
1555 13
1556 13
1557 18
1558 20
1559 17
1560 20
1561 23
1562 21
1563 19
1564 19
1565 6
1566 6
1567 19
1568 19
1569 21
1570 21
1571 21
1572 24
1573 24
1574 24
1575 24
1576 4
1577 24
1578 24
1579 24
1580 24
1581 24
1582 24
1583 3
1584 3
1585 3
1586 3
1587 2
1588 2
1589 2
1590 2
1591 2
1592 4
1593 14
1594 1
1595 1
1596 1
1597 1
1598 12
1599 2
1600 2
1601 2
1602 2
1603 2
1604 2
1605 2
1606 2
1607 2
1608 2
1609 2
1610 2
1611 2
1612 2
1613 2
1614 2
1615 2
1616 2
1617 2
1618 3
1619 3
1620 19
1621 7
1622 1
1623 12
1624 12
1625 12
1626 12
1627 10
1628 10
1629 10
1630 10
1631 10
1632 10
1633 2
1634 2
1635 4
1636 4
1637 4
1638 4
1639 4
1640 4
1641 4
1642 4
1643 17
1644 17
1645 17
1646 17
1647 19
1648 19
1649 19
1650 19
1651 19
1652 19
1653 19
1654 19
1655 19
1656 19
1657 19
1658 19
1659 19
1660 19
1661 3
1662 3
1663 3
1664 3
1665 3
1666 18
1667 16
1668 20
1669 18
1670 7
1671 5
1672 18
1673 18
1674 5
1675 1
1676 23
1677 1
1678 1
1679 5
1680 1
1681 1
1682 1
1683 1
1684 1
1685 3
1686 19
1687 19
1688 13
1689 12
1690 7
1691 7
1692 11
1693 5
1694 9
1695 4
1696 4
1697 4
1698 22
1699 22
1700 22
1701 1
1702 3
1703 3
1704 3
1705 12
1706 12
1707 12
1708 12
1709 12
1710 0
1711 11
1712 0
1713 0
1714 0
1715 0
1716 9
1717 9
1718 4
1719 4
1720 4
1721 4
1722 4
1723 4
1724 4
1725 4
1726 4
1727 19
1728 17
1729 8
1730 14
1731 13
1732 13
1733 13
1734 14
1735 14
1736 14
1737 14
1738 14
1739 14
1740 13
1741 14
1742 14
1743 14
1744 14
1745 21
1746 21
1747 16
1748 21
1749 7
1750 21
1751 21
1752 21
1753 21
1754 21
1755 16
1756 20
1757 21
1758 19
1759 2
1760 20
1761 19
1762 20
1763 7
1764 19
1765 19
1766 4
1767 3
1768 1
1769 7
1770 13
1771 21
1772 13
1773 13
1774 13
1775 13
1776 13
1777 4
1778 4
1779 4
1780 24
1781 24
1782 24
1783 19
1784 24
1785 24
1786 24
1787 24
1788 24
1789 24
1790 24
1791 24
1792 24
1793 14
1794 14
1795 14
1796 14
1797 14
1798 14
1799 14
1800 13
1801 13
1802 14
1803 13
1804 13
1805 13
1806 13
1807 13
1808 12
1809 14
1810 14
1811 14
1812 14
1813 14
1814 1
1815 14
1816 14
1817 14
1818 14
1819 7
1820 7
1821 7
1822 7
1823 7
1824 7
1825 7
1826 7
1827 7
1828 7
1829 7
1830 13
1831 13
1832 13
1833 13
1834 13
1835 13
1836 13
1837 17
1838 17
1839 10
1840 10
1841 10
1842 9
1843 9
1844 10
1845 10
1846 10
1847 4
1848 4
1849 4
1850 9
1851 6
1852 9
1853 9
1854 21
1855 6
1856 9
1857 10
1858 11
1859 10
1860 10
1861 10
1862 10
1863 10
1864 15
1865 10
1866 10
1867 10
1868 10
1869 10
1870 10
1871 18
1872 18
1873 18
1874 18
1875 18
1876 18
1877 18
1878 18
1879 18
1880 18
1881 18
1882 18
1883 18
1884 18
1885 18
1886 18
1887 18
1888 18
1889 18
1890 18
1891 18
1892 18
1893 18
1894 18
1895 18
1896 18
1897 18
1898 18
1899 18
1900 18
1901 18
1902 18
1903 18
1904 18
1905 7
1906 3
1907 6
1908 6
1909 6
1910 6
1911 6
1912 3
1913 20
1914 20
1915 20
1916 18
1917 17
1918 20
1919 20
1920 17
1921 17
1922 17
1923 17
1924 13
1925 13
1926 14
1927 14
1928 20
1929 20
1930 16
1931 16
1932 16
1933 16
1934 16
1935 16
1936 24
1937 24
1938 18
1939 18
1940 18
1941 18
1942 18
1943 18
1944 9
1945 9
1946 9
1947 9
1948 9
1949 11
1950 1
1951 1
1952 1
1953 1
1954 1
1955 1
1956 1
1957 1
1958 1
1959 1
1960 2
1961 2
1962 2
1963 2
1964 2
1965 2
1966 14
1967 2
1968 2
1969 2
1970 14
1971 2
1972 2
1973 2
1974 2
1975 2
1976 2
1977 2
1978 2
1979 2
1980 2
1981 2
1982 2
1983 12
1984 12
1985 12
1986 24
1987 24
1988 7
1989 7
1990 8
1991 1
1992 24
1993 7
1994 3
1995 3
1996 3
1997 6
1998 17
1999 17
2000 17
2001 17
2002 13
2003 13
2004 13
2005 16
2006 21
2007 1
2008 21
2009 21
2010 4
2011 1
2012 1
2013 1
2014 1
2015 1
2016 1
2017 9
2018 9
2019 9
2020 9
2021 9
2022 15
2023 15
2024 15
2025 15
2026 15
2027 13
2028 13
2029 13
2030 7
2031 1
2032 15
2033 7
2034 19
2035 20
2036 20
2037 20
2038 8
2039 13
2040 13
2041 13
2042 4
2043 4
2044 4
2045 4
2046 4
2047 14
2048 14
2049 14
2050 14
2051 1
2052 14
2053 14
2054 9
2055 14
2056 14
2057 14
2058 14
2059 5
2060 5
2061 20
2062 20
2063 20
2064 20
2065 20
2066 6
2067 7
2068 6
2069 6
2070 6
2071 16
2072 6
2073 8
2074 6
2075 15
2076 15
2077 10
2078 15
2079 15
2080 15
2081 15
2082 9
2083 9
2084 9
2085 9
2086 9
2087 9
2088 19
2089 22
2090 19
2091 19
2092 19
2093 10
2094 10
2095 10
2096 11
2097 11
2098 11
2099 11
2100 11
2101 11
2102 11
2103 17
2104 17
2105 17
2106 24
2107 24
2108 24
2109 0
2110 0
2111 0
2112 0
2113 11
2114 5
2115 11
2116 5
2117 18
2118 14
2119 18
2120 18
2121 18
2122 18
2123 18
2124 7
2125 7
2126 7
2127 7
2128 7
2129 7
2130 7
2131 12
2132 12
2133 12
2134 17
2135 17
2136 17
2137 17
2138 16
2139 16
2140 16
2141 9
2142 6
2143 3
2144 3
2145 3
2146 3
2147 22
2148 16
2149 16
2150 1
2151 1
2152 16
2153 16
2154 18
2155 21
2156 21
2157 21
2158 21
2159 21
2160 18
2161 24
2162 5
2163 13
2164 13
2165 13
2166 13
2167 13
2168 13
2169 13
2170 13
2171 13
2172 15
2173 13
2174 13
2175 13
2176 2
2177 2
2178 2
2179 2
2180 2
2181 2
2182 2
2183 4
2184 4
2185 16
2186 11
2187 11
2188 22
2189 22
2190 22
2191 10
2192 10
2193 10
2194 10
2195 10
2196 10
2197 9
2198 23
2199 23
2200 16
2201 16
2202 24
2203 11
2204 10
2205 10
2206 4
2207 17
2208 17
2209 10
2210 10
2211 9
2212 9
2213 18
2214 19
2215 19
2216 19
2217 19
2218 12
2219 12
2220 12
2221 18
2222 7
2223 7
2224 7
2225 7
2226 19
2227 6
2228 6
2229 6
2230 6
2231 6
2232 6
2233 9
2234 9
2235 6
2236 6
2237 6
2238 6
2239 6
2240 6
2241 6
2242 6
2243 6
2244 5
2245 23
2246 23
2247 23
2248 23
2249 23
2250 17
2251 5
2252 5
2253 5
2254 5
2255 5
2256 5
2257 5
2258 5
2259 5
2260 5
2261 5
2262 5
2263 21
2264 2
2265 2
2266 1
2267 2
2268 2
2269 2
2270 2
2271 1
2272 1
2273 1
2274 1
2275 1
2276 1
2277 1
2278 1
2279 4
2280 4
2281 4
2282 7
2283 4
2284 24
2285 11
2286 11
2287 10
2288 24
2289 24
2290 24
2291 24
2292 24
2293 24
2294 0
2295 1
2296 1
2297 1
2298 1
2299 1
2300 1
2301 19
2302 19
2303 19
2304 19
2305 19
2306 24
2307 19
2308 19
2309 19
2310 7
2311 19
2312 1
2313 9
2314 4
2315 3
2316 3
2317 3
2318 3
2319 1
2320 1
2321 21
2322 1
2323 1
2324 1
2325 1
2326 11
2327 9
2328 11
2329 9
2330 16
2331 7
2332 1
2333 1
2334 1
2335 1
2336 1
2337 2
2338 9
2339 4
2340 4
2341 4
2342 4
2343 5
2344 23
2345 1
2346 5
2347 5
2348 5
2349 5
2350 1
2351 1
2352 1
2353 1
2354 4
2355 19
2356 19
2357 19
2358 19
2359 19
2360 19
2361 11
2362 7
2363 7
2364 11
2365 7
2366 11
2367 11
2368 11
2369 11
2370 11
2371 11
2372 11
2373 11
2374 9
2375 11
2376 11
2377 11
2378 6
2379 11
2380 11
2381 6
2382 6
2383 6
2384 6
2385 6
2386 18
2387 18
2388 3
2389 3
2390 17
2391 17
2392 17
2393 17
2394 17
2395 17
2396 17
2397 17
2398 20
2399 20
2400 20
2401 20
2402 20
2403 19
2404 19
2405 19
2406 19
2407 19
2408 23
2409 23
2410 23
2411 23
2412 23
2413 24
2414 23
2415 18
2416 1
2417 7
2418 7
2419 7
2420 7
2421 7
2422 7
2423 2
2424 9
2425 7
2426 13
2427 13
2428 12
2429 12
2430 12
2431 12
2432 0
2433 0
2434 13
2435 22
2436 22
2437 22
2438 22
2439 23
2440 22
2441 22
2442 22
2443 22
2444 22
2445 9
2446 22
2447 22
2448 22
2449 22
2450 22
2451 9
2452 23
2453 22
2454 22
2455 22
2456 22
2457 13
2458 13
2459 11
2460 11
2461 11
2462 17
2463 11
2464 11
2465 11
2466 8
2467 11
2468 9
2469 9
2470 9
2471 9
2472 11
2473 0
2474 0
2475 21
2476 9
2477 9
2478 9
2479 9
2480 20
2481 4
2482 20
2483 20
2484 20
2485 20
2486 20
2487 20
2488 20
2489 19
2490 20
2491 20
2492 20
2493 17
2494 17
2495 17
2496 17
2497 17
2498 20
2499 20
2500 20
2501 22
2502 22
2503 22
2504 22
2505 22
2506 22
2507 3
2508 3
2509 3
2510 3
2511 3
2512 3
2513 3
2514 14
2515 4
2516 21
2517 1
2518 15
2519 23
2520 15
2521 15
2522 15
2523 1
2524 3
2525 0
2526 0
2527 0
2528 0
2529 0
2530 0
2531 0
2532 9
2533 9
2534 8
2535 8
2536 8
2537 8
2538 10
2539 8
2540 8
2541 8
2542 8
2543 8
2544 8
2545 8
2546 8
2547 8
2548 8
2549 8
2550 8
2551 8
2552 8
2553 23
2554 23
2555 1
2556 18
2557 2
2558 2
2559 2
2560 2
2561 2
2562 2
2563 2
2564 23
2565 23
2566 23
2567 23
2568 23
2569 12
2570 12
2571 12
2572 12
2573 12
2574 12
2575 12
2576 12
2577 12
2578 12
2579 12
2580 6
2581 6
2582 7
2583 4
2584 4
2585 4
2586 4
2587 8
2588 8
2589 8
2590 6
2591 6
2592 8
2593 6
2594 6
2595 6
2596 8
2597 15
2598 15
2599 7
2600 7
2601 7
2602 18
2603 18
2604 6
2605 20
2606 20
2607 20
2608 20
2609 20
2610 20
2611 24
2612 1
2613 1
2614 1
2615 1
2616 1
2617 15
2618 15
2619 15
2620 15
2621 15
2622 15
2623 3
2624 6
2625 6
2626 24
2627 24
2628 21
2629 24
2630 24
2631 24
2632 24
2633 24
2634 24
2635 24
2636 21
2637 13
2638 13
2639 21
2640 7
2641 0
2642 0
2643 0
2644 0
2645 15
2646 15
2647 16
2648 15
2649 15
2650 15
2651 4
2652 21
2653 3
2654 3
2655 15
2656 6
2657 6
2658 6
2659 6
2660 6
2661 6
2662 6
2663 6
2664 6
2665 6
2666 2
2667 6
2668 6
2669 6
2670 6
2671 8
2672 8
2673 8
2674 8
2675 8
2676 8
2677 15
2678 15
2679 3
2680 3
2681 3
2682 2
2683 3
2684 3
2685 14
2686 14
2687 14
2688 14
2689 14
2690 14
2691 14
2692 14
2693 14
2694 12
2695 12
2696 12
2697 12
2698 12
2699 12
2700 12
2701 12
2702 12
2703 12
2704 7
2705 7
2706 7
2707 7
2708 7
2709 7
2710 7
2711 4
2712 4
2713 4
2714 4
2715 4
2716 4
2717 4
2718 20
2719 20
2720 20
2721 10
2722 10
2723 10
2724 10
2725 10
2726 10
2727 10
2728 10
2729 10
2730 10
2731 10
2732 10
2733 10
2734 10
2735 10
2736 10
2737 11
2738 11
2739 11
2740 11
2741 11
2742 11
2743 11
2744 11
2745 16
2746 11
2747 16
2748 4
2749 4
2750 4
2751 4
2752 4
2753 4
2754 4
2755 4
2756 2
2757 15
2758 15
2759 10
2760 10
2761 10
2762 10
2763 10
2764 10
2765 4
2766 10
2767 10
2768 10
2769 21
2770 21
2771 21
2772 21
2773 21
2774 24
2775 21
2776 24
2777 22
2778 22
2779 22
2780 22
2781 21
2782 21
2783 12
2784 14
2785 4
2786 9
2787 9
2788 2
2789 2
2790 2
2791 2
2792 2
2793 21
2794 0
2795 13
2796 13
2797 13
2798 13
2799 13
2800 13
2801 21
2802 21
2803 21
2804 21
2805 21
2806 20
2807 4
2808 19
2809 16
2810 16
2811 16
2812 16
2813 19
2814 19
2815 19
2816 19
2817 19
2818 19
2819 19
2820 11
2821 9
2822 7
2823 22
2824 10
2825 10
2826 10
2827 19
2828 19
2829 0
2830 0
2831 0
2832 0
2833 0
2834 0
2835 0
2836 0
2837 17
2838 2
2839 17
2840 12
2841 12
2842 12
2843 13
2844 13
2845 17
2846 17
2847 23
2848 24
2849 9
2850 9
2851 9
2852 9
2853 21
2854 21
2855 21
2856 21
2857 21
2858 21
2859 21
2860 3
2861 3
2862 3
2863 16
2864 24
2865 24
2866 24
2867 24
2868 8
2869 5
2870 5
2871 5
2872 5
2873 5
2874 5
2875 5
2876 5
2877 5
2878 5
2879 2
2880 5
2881 11
2882 5
2883 5
2884 5
2885 5
2886 4
2887 10
2888 10
2889 19
2890 21
2891 19
2892 19
2893 19
2894 19
2895 19
2896 19
2897 17
2898 17
2899 24
2900 24
2901 22
2902 22
2903 8
2904 8
2905 8
2906 8
2907 4
2908 0
2909 0
2910 0
2911 0
2912 2
2913 2
2914 15
2915 15
2916 2
2917 2
2918 3
2919 8
2920 24
2921 24
2922 24
2923 24
2924 24
2925 24
2926 24
2927 24
2928 24
2929 24
2930 24
2931 24
2932 15
2933 17
2934 23
2935 11
2936 11
2937 11
2938 11
2939 11
2940 11
2941 11
2942 11
2943 11
2944 11
2945 11
2946 11
2947 11
2948 11
2949 11
2950 19
2951 19
2952 1
2953 21
2954 20
2955 21
2956 14
2957 20
2958 20
2959 20
2960 20
2961 20
2962 21
2963 2
2964 2
2965 2
2966 11
2967 11
2968 9
2969 11
2970 11
2971 24
2972 24
2973 24
2974 24
2975 24
2976 24
2977 24
2978 24
2979 24
2980 2
2981 2
2982 2
2983 2
2984 2
2985 2
2986 2
2987 2
2988 1
2989 1
2990 0
2991 0
2992 0
2993 0
2994 2
2995 2
2996 5
2997 5
2998 23
2999 16
3000 16
3001 16
3002 16
3003 16
3004 16
3005 16
3006 23
3007 23
3008 23
3009 23
3010 23
3011 5
3012 16
3013 16
3014 16
3015 16
3016 16
3017 16
3018 16
3019 16
3020 4
3021 4
3022 4
3023 4
3024 4
3025 4
3026 4
3027 4
3028 4
3029 4
3030 22
3031 9
3032 7
3033 7
3034 4
3035 10
3036 16
3037 16
3038 16
3039 16
3040 16
3041 16
3042 16
3043 16
3044 16
3045 16
3046 16
3047 18
3048 18
3049 18
3050 2
3051 2
3052 2
3053 2
3054 12
3055 12
3056 12
3057 12
3058 12
3059 12
3060 12
3061 8
3062 17
3063 2
3064 2
3065 2
3066 10
3067 11
3068 11
3069 11
3070 11
3071 20
3072 12
3073 12
3074 12
3075 12
3076 12
3077 21
3078 21
3079 21
3080 21
3081 21
3082 2
3083 2
3084 7
3085 8
3086 8
3087 8
3088 8
3089 15
3090 15
3091 11
3092 11
3093 11
3094 0
3095 8
3096 8
3097 8
3098 24
3099 10
3100 18
3101 18
3102 6
3103 14
3104 23
3105 15
3106 15
3107 7
3108 7
3109 7
3110 7
3111 16
3112 9
3113 9
3114 9
3115 9
3116 13
3117 13
3118 13
3119 16
3120 16
3121 11
3122 16
3123 16
3124 13
3125 13
3126 13
3127 13
3128 3
3129 19
3130 19
3131 7
3132 7
3133 10
3134 13
3135 13
3136 13
3137 13
3138 13
3139 13
3140 13
3141 13
3142 13
3143 0
3144 0
3145 0
3146 1
3147 0
3148 0
3149 0
3150 0
3151 1
3152 0
3153 17
3154 12
3155 12
3156 4
3157 4
3158 21
3159 8
3160 8
3161 8
3162 8
3163 1
3164 10
3165 10
3166 10
3167 10
3168 10
3169 9
3170 14
3171 14
3172 14
3173 11
3174 11
3175 16
3176 16
3177 6
3178 6
3179 6
3180 0
3181 24
3182 19
3183 16
3184 16
3185 16
3186 16
3187 16
3188 16
3189 16
3190 15
3191 15
3192 15
3193 18
3194 18
3195 6
3196 6
3197 6
3198 6
3199 6
3200 8
3201 8
3202 19
3203 19
3204 20
3205 20
3206 20
3207 20
3208 20
3209 1
3210 1
3211 1
3212 10
3213 10
3214 10
3215 10
3216 7
3217 7
3218 7
3219 7
3220 7
3221 0
3222 0
3223 0
3224 0
3225 0
3226 0
3227 0
3228 0
3229 0
3230 19
3231 19
3232 19
3233 18
3234 11
3235 8
3236 11
3237 11
3238 9
3239 11
3240 11
3241 11
3242 9
3243 9
3244 19
3245 4
3246 4
3247 4
3248 7
3249 4
3250 0
3251 9
3252 9
3253 9
3254 9
3255 9
3256 9
3257 9
3258 9
3259 9
3260 9
3261 9
3262 15
3263 9
3264 10
3265 9
3266 6
3267 5
3268 6
3269 6
3270 9
3271 6
3272 9
3273 10
3274 14
3275 14
3276 14
3277 14
3278 14
3279 14
3280 14
3281 14
3282 9
3283 9
3284 6
3285 9
3286 9
3287 9
3288 9
3289 9
3290 9
3291 20
3292 14
3293 14
3294 14
3295 14
3296 23
3297 23
3298 23
3299 23
3300 23
3301 23
3302 14
3303 14
3304 14
3305 14
3306 14
3307 14
3308 14
3309 14
3310 14
3311 14
3312 14
3313 14
3314 14
3315 14
3316 14
3317 14
3318 1
3319 1
3320 1
3321 20
3322 13
3323 13
3324 10
3325 12
3326 12
3327 14
3328 14
3329 14
3330 14
3331 12
3332 5
3333 14
3334 14
3335 14
3336 14
3337 5
3338 17
3339 17
3340 17
3341 17
3342 21
3343 8
3344 8
3345 8
3346 8
3347 8
3348 8
3349 8
3350 8
3351 8
3352 8
3353 8
3354 8
3355 8
3356 8
3357 17
3358 22
3359 9
3360 9
3361 9
3362 9
3363 9
3364 15
3365 15
3366 15
3367 15
3368 15
3369 15
3370 15
3371 15
3372 15
3373 15
3374 23
3375 23
3376 1
3377 6
3378 6
3379 6
3380 6
3381 6
3382 6
3383 6
3384 6
3385 6
3386 7
3387 7
3388 7
3389 10
3390 10
3391 19
3392 19
3393 19
3394 19
3395 19
3396 19
3397 21
3398 21
3399 21
3400 21
3401 21
3402 21
3403 21
3404 21
3405 21
3406 21
3407 21
3408 21
3409 21
3410 13
3411 17
3412 17
3413 10
3414 10
3415 7
3416 7
3417 7
3418 7
3419 7
3420 4
3421 4
3422 5
3423 5
3424 2
3425 2
3426 2
3427 3
3428 3
3429 3
3430 9
3431 6
3432 6
3433 6
3434 23
3435 23
3436 7
3437 22
3438 22
3439 22
3440 19
3441 22
3442 22
3443 21
3444 21
3445 21
3446 21
3447 1
3448 8
3449 8
3450 8
3451 17
3452 17
3453 17
3454 17
3455 8
3456 8
3457 8
3458 8
3459 8
3460 8
3461 8
3462 8
3463 8
3464 8
3465 8
3466 8
3467 8
3468 8
3469 8
3470 8
3471 8
3472 8
3473 8
3474 8
3475 8
3476 8
3477 8
3478 8
3479 8
3480 8
3481 8
3482 8
3483 8
3484 8
3485 8
3486 0
3487 0
3488 0
3489 3
3490 3
3491 20
3492 20
3493 20
3494 20
3495 9
3496 9
3497 9
3498 9
3499 4
3500 0
3501 6
3502 6
3503 6
3504 13
3505 6
3506 6
3507 6
3508 6
3509 2
3510 2
3511 2
3512 2
3513 2
3514 2
3515 2
3516 2
3517 18
3518 18
3519 18
3520 18
3521 18
3522 18
3523 18
3524 18
3525 18
3526 18
3527 18
3528 18
3529 18
3530 18
3531 18
3532 18
3533 18
3534 18
3535 18
3536 18
3537 18
3538 18
3539 18
3540 20
3541 20
3542 20
3543 17
3544 16
3545 16
3546 16
3547 16
3548 22
3549 22
3550 4
3551 6
3552 6
3553 6
3554 5
3555 5
3556 5
3557 7
3558 7
3559 21
3560 16
3561 16
3562 16
3563 16
3564 22
3565 22
3566 22
3567 22
3568 22
3569 10
3570 10
3571 10
3572 3
3573 24
3574 24
3575 15
3576 15
3577 15
3578 15
3579 15
3580 15
3581 15
3582 15
3583 15
3584 15
3585 9
3586 15
3587 14
3588 22
3589 10
3590 22
3591 21
3592 8
3593 20
3594 23
3595 23
3596 20
3597 12
3598 11
3599 21
3600 11
3601 24
3602 8
3603 6
3604 19
3605 0
3606 0
3607 0
3608 0
3609 0
3610 10
3611 1
3612 1
3613 19
3614 19
3615 19
3616 19
3617 20
3618 20
3619 9
3620 9
3621 24
3622 24
3623 24
3624 3
3625 3
3626 3
3627 3
3628 3
3629 3
3630 1
3631 6
3632 6
3633 6
3634 6
3635 6
3636 6
3637 6
3638 7
3639 7
3640 7
3641 7
3642 7
3643 24
3644 24
3645 24
3646 24
3647 24
3648 24
3649 24
3650 24
3651 24
3652 24
3653 10
3654 10
3655 10
3656 13
3657 11
3658 14
3659 14
3660 14
3661 14
3662 14
3663 14
3664 14
3665 14
3666 14
3667 14
3668 14
3669 14
3670 14
3671 14
3672 14
3673 14
3674 14
3675 14
3676 14
3677 14
3678 14
3679 14
3680 14
3681 14
3682 14
3683 14
3684 14
3685 14
3686 14
3687 14
3688 14
3689 14
3690 14
3691 14
3692 12
3693 12
3694 12
3695 2
3696 9
3697 8
3698 15
3699 15
3700 15
3701 15
3702 14
3703 19
3704 19
3705 19
3706 19
3707 12
3708 12
3709 12
3710 9
3711 9
3712 9
3713 11
3714 11
3715 8
3716 8
3717 8
3718 8
3719 8
3720 16
3721 6
3722 6
3723 6
3724 6
3725 2
3726 9
3727 9
3728 9
3729 4
3730 2
3731 2
3732 15
3733 12
3734 24
3735 24
3736 24
3737 24
3738 15
3739 16
3740 16
3741 16
3742 16
3743 16
3744 15
3745 15
3746 15
3747 15
3748 15
3749 15
3750 15
3751 15
3752 15
3753 15
3754 15
3755 15
3756 7
3757 7
3758 21
3759 21
3760 21
3761 19
3762 10
3763 7
3764 7
3765 23
3766 23
3767 23
3768 9
3769 9
3770 9
3771 9
3772 1
3773 14
3774 14
3775 6
3776 6
3777 6
3778 6
3779 6
3780 24
3781 20
3782 20
3783 20
3784 6
3785 6
3786 6
3787 6
3788 6
3789 15
3790 15
3791 15
3792 12
3793 12
3794 9
3795 9
3796 9
3797 24
3798 24
3799 24
3800 11
3801 11
3802 11
3803 19
3804 8
3805 8
3806 21
3807 2
3808 14
3809 24
3810 24
3811 24
3812 24
3813 24
3814 24
3815 1
3816 10
3817 12
3818 5
3819 21
3820 21
3821 21
3822 21
3823 21
3824 21
3825 21
3826 21
3827 9
3828 9
3829 19
3830 19
3831 14
3832 14
3833 6
3834 1
3835 1
3836 2
3837 20
3838 20
3839 11
3840 12
3841 12
3842 12
3843 12
3844 12
3845 12
3846 7
3847 7
3848 7
3849 8
3850 20
3851 20
3852 11
3853 9
3854 20
3855 17
3856 6
3857 6
3858 6
3859 5
3860 5
3861 5
3862 5
3863 7
3864 7
3865 7
3866 2
3867 16
3868 16
3869 16
3870 16
3871 16
3872 16
3873 5
3874 1
3875 1
3876 1
3877 1
3878 1
3879 1
3880 1
3881 1
3882 1
3883 1
3884 23
3885 6
3886 6
3887 6
3888 6
3889 6
3890 17
3891 11
3892 11
3893 9
3894 23
3895 23
3896 23
3897 23
3898 23
3899 1
3900 10
3901 10
3902 10
3903 10
3904 10
3905 10
3906 10
3907 10
3908 15
3909 15
3910 15
3911 15
3912 12
3913 12
3914 4
3915 4
3916 15
3917 15
3918 15
3919 15
3920 15
3921 15
3922 15
3923 15
3924 15
3925 15
3926 15
3927 15
3928 20
3929 20
3930 20
3931 20
3932 20
3933 23
3934 15
3935 15
3936 15
3937 4
3938 4
3939 4
3940 4
3941 5
3942 5
3943 5
3944 7
3945 16
3946 1
3947 9
3948 9
3949 9
3950 8
3951 23
3952 2
3953 18
3954 19
3955 6
3956 3
3957 3
3958 3
3959 3
3960 3
3961 17
3962 17
3963 6
3964 11
3965 10
3966 13
3967 6
3968 12
3969 12
3970 12
3971 12
3972 24
3973 24
3974 24
3975 24
3976 24
3977 24
3978 24
3979 24
3980 24
3981 24
3982 24
3983 24
3984 24
3985 24
3986 24
3987 0
3988 20
3989 20
3990 20
3991 1
3992 24
3993 24
3994 24
3995 18
3996 23
3997 23
3998 5
3999 5
4000 5
4001 15
4002 15
4003 15
4004 8
4005 11
4006 11
4007 24
4008 24
4009 24
4010 24
4011 24
4012 3
4013 20
4014 19
4015 1
4016 14
4017 12
4018 6
4019 3
4020 3
4021 3
4022 23
4023 21
4024 21
4025 21
4026 1
4027 3
4028 12
4029 12
4030 12
4031 6
4032 6
4033 6
4034 7
4035 3
4036 3
4037 23
4038 23
4039 15
4040 15
4041 15
4042 15
4043 15
4044 6
4045 6
4046 5
4047 5
4048 14
4049 1
4050 1
4051 16
4052 6
4053 14
4054 14
4055 1
4056 1
4057 1
4058 5
4059 3
4060 3
4061 3
4062 8
4063 8
4064 8
4065 3
4066 15
4067 4
4068 15
4069 3
4070 21
4071 21
4072 21
4073 21
4074 21
4075 21
4076 21
4077 21
4078 21
4079 21
4080 21
4081 21
4082 21
4083 21
4084 21
4085 4
4086 4
4087 17
4088 17
4089 6
4090 2
4091 2
4092 12
4093 12
4094 12
4095 0
4096 17
4097 17
4098 17
4099 16
4100 9
4101 9
4102 1
4103 15
4104 15
4105 17
4106 17
4107 17
4108 23
4109 12
4110 21
4111 21
4112 21
4113 5
4114 9
4115 20
4116 3
4117 3
4118 13
4119 13
4120 13
4121 13
4122 13
4123 13
4124 13
4125 13
4126 13
4127 16
4128 16
4129 8
4130 8
4131 8
4132 8
4133 8
4134 8
4135 4
4136 10
4137 24
4138 9
4139 16
4140 16
4141 3
4142 3
4143 3
4144 18
4145 14
4146 14
4147 14
4148 18
4149 18
4150 5
4151 15
4152 17
4153 4
4154 15
4155 11
4156 21
4157 2
