0 1 47
0 2 14
0 3 12
0 4 21
0 5 37
0 6 43
0 7 41
0 8 27
0 9 17
0 10 38
0 11 32
0 12 31
0 13 45
0 14 22
0 15 16
0 16 34
0 17 49
0 18 10
0 19 39
0 20 24
0 21 19
0 22 7
0 23 48
0 24 36
0 25 5
0 26 1
0 27 26
0 28 20
0 29 8
0 30 23
0 31 3
0 32 6
0 33 29
0 34 46
0 35 42
0 36 25
0 37 40
0 38 11
0 39 44
0 40 15
0 41 9
0 42 28
0 43 4
0 44 33
0 45 35
0 46 13
0 47 2
0 48 18
0 49 30
1 1 47
1 2 24
1 3 20
1 4 46
1 5 13
1 6 17
1 7 18
1 8 3
1 9 42
1 10 19
1 11 11
1 12 49
1 13 40
1 14 31
1 15 2
1 16 33
1 17 26
1 18 25
1 19 35
1 20 29
1 21 23
1 22 6
1 23 22
1 24 30
1 25 37
1 26 28
1 27 45
1 28 38
1 29 36
1 30 10
1 31 44
1 32 14
1 33 16
1 34 15
1 35 12
1 36 43
1 37 5
1 38 34
1 39 32
1 40 8
1 41 4
1 42 41
1 43 27
1 44 39
1 45 0
1 46 21
1 47 9
1 48 7
1 49 48
2 1 40
2 2 5
2 3 24
2 4 22
2 5 20
2 6 26
2 7 7
2 8 43
2 9 30
2 10 17
2 11 25
2 12 39
2 13 29
2 14 11
2 15 9
2 16 36
2 17 34
2 18 10
2 19 41
2 20 45
2 21 18
2 22 19
2 23 38
2 24 4
2 25 28
2 26 49
2 27 1
2 28 44
2 29 48
2 30 16
2 31 37
2 32 42
2 33 6
2 34 13
2 35 31
2 36 15
2 37 27
2 38 0
2 39 32
2 40 14
2 41 21
2 42 33
2 43 47
2 44 12
2 45 46
2 46 8
2 47 23
2 48 35
2 49 3
3 1 33
3 2 7
3 3 19
3 4 36
3 5 15
3 6 21
3 7 49
3 8 35
3 9 39
3 10 27
3 11 25
3 12 28
3 13 40
3 14 20
3 15 8
3 16 10
3 17 42
3 18 38
3 19 6
3 20 41
3 21 2
3 22 24
3 23 0
3 24 17
3 25 9
3 26 37
3 27 34
3 28 14
3 29 16
3 30 29
3 31 44
3 32 13
3 33 47
3 34 4
3 35 48
3 36 23
3 37 46
3 38 31
3 39 1
3 40 18
3 41 30
3 42 5
3 43 12
3 44 22
3 45 11
3 46 26
3 47 45
3 48 32
3 49 43
4 1 35
4 2 47
4 3 48
4 4 7
4 5 3
4 6 6
4 7 29
4 8 20
4 9 36
4 10 46
4 11 13
4 12 39
4 13 0
4 14 33
4 15 11
4 16 44
4 17 40
4 18 21
4 19 18
4 20 16
4 21 8
4 22 15
4 23 12
4 24 19
4 25 22
4 26 31
4 27 34
4 28 42
4 29 10
4 30 38
4 31 32
4 32 24
4 33 14
4 34 2
4 35 43
4 36 5
4 37 28
4 38 1
4 39 27
4 40 45
4 41 41
4 42 9
4 43 17
4 44 25
4 45 26
4 46 49
4 47 37
4 48 30
4 49 23
5 1 41
5 2 36
5 3 28
5 4 37
5 5 40
5 6 29
5 7 11
5 8 7
5 9 12
5 10 44
5 11 16
5 12 25
5 13 31
5 14 23
5 15 9
5 16 19
5 17 14
5 18 38
5 19 10
5 20 35
5 21 27
5 22 4
5 23 39
5 24 49
5 25 6
5 26 34
5 27 48
5 28 22
5 29 2
5 30 3
5 31 30
5 32 17
5 33 42
5 34 47
5 35 13
5 36 0
5 37 32
5 38 8
5 39 45
5 40 21
5 41 46
5 42 1
5 43 18
5 44 15
5 45 43
5 46 33
5 47 26
5 48 20
5 49 24
6 1 39
6 2 17
6 3 28
6 4 0
6 5 38
6 6 8
6 7 14
6 8 2
6 9 19
6 10 12
6 11 47
6 12 22
6 13 20
6 14 44
6 15 32
6 16 9
6 17 3
6 18 26
6 19 33
6 20 46
6 21 4
6 22 24
6 23 34
6 24 48
6 25 11
6 26 18
6 27 10
6 28 45
6 29 29
6 30 37
6 31 42
6 32 49
6 33 16
6 34 31
6 35 15
6 36 41
6 37 23
6 38 13
6 39 35
6 40 36
6 41 5
6 42 21
6 43 40
6 44 7
6 45 30
6 46 27
6 47 43
6 48 1
6 49 25
7 1 14
7 2 3
7 3 39
7 4 33
7 5 11
7 6 29
7 7 9
7 8 12
7 9 34
7 10 26
7 11 36
7 12 4
7 13 42
7 14 13
7 15 10
7 16 38
7 17 40
7 18 28
7 19 27
7 20 17
7 21 1
7 22 5
7 23 41
7 24 43
7 25 0
7 26 32
7 27 6
7 28 24
7 29 21
7 30 48
7 31 30
7 32 47
7 33 19
7 34 22
7 35 23
7 36 44
7 37 8
7 38 2
7 39 15
7 40 16
7 41 46
7 42 25
7 43 20
7 44 31
7 45 49
7 46 45
7 47 37
7 48 18
7 49 35
8 1 32
8 2 18
8 3 6
8 4 38
8 5 19
8 6 25
8 7 36
8 8 30
8 9 37
8 10 28
8 11 3
8 12 0
8 13 1
8 14 5
8 15 44
8 16 46
8 17 21
8 18 20
8 19 29
8 20 15
8 21 31
8 22 27
8 23 12
8 24 2
8 25 7
8 26 42
8 27 43
8 28 4
8 29 16
8 30 24
8 31 47
8 32 14
8 33 34
8 34 33
8 35 49
8 36 35
8 37 17
8 38 22
8 39 9
8 40 11
8 41 45
8 42 40
8 43 10
8 44 41
8 45 26
8 46 13
8 47 23
8 48 39
8 49 48
9 1 30
9 2 32
9 3 0
9 4 37
9 5 26
9 6 27
9 7 41
9 8 46
9 9 43
9 10 35
9 11 15
9 12 13
9 13 20
9 14 49
9 15 17
9 16 34
9 17 24
9 18 29
9 19 4
9 20 36
9 21 22
9 22 10
9 23 8
9 24 38
9 25 5
9 26 47
9 27 23
9 28 16
9 29 40
9 30 3
9 31 21
9 32 14
9 33 6
9 34 31
9 35 45
9 36 19
9 37 18
9 38 1
9 39 11
9 40 44
9 41 2
9 42 12
9 43 25
9 44 28
9 45 33
9 46 7
9 47 48
9 48 39
9 49 42
10 1 40
10 2 4
10 3 42
10 4 13
10 5 3
10 6 18
10 7 33
10 8 29
10 9 39
10 10 2
10 11 1
10 12 11
10 13 49
10 14 44
10 15 36
10 16 15
10 17 17
10 18 47
10 19 37
10 20 26
10 21 8
10 22 46
10 23 19
10 24 24
10 25 27
10 26 45
10 27 34
10 28 31
10 29 23
10 30 0
10 31 16
10 32 48
10 33 41
10 34 21
10 35 25
10 36 22
10 37 35
10 38 32
10 39 7
10 40 9
10 41 20
10 42 6
10 43 12
10 44 14
10 45 5
10 46 30
10 47 43
10 48 38
10 49 28
11 1 30
11 2 23
11 3 36
11 4 42
11 5 33
11 6 5
11 7 48
11 8 19
11 9 13
11 10 29
11 11 16
11 12 46
11 13 8
11 14 4
11 15 17
11 16 43
11 17 32
11 18 40
11 19 1
11 20 21
11 21 18
11 22 47
11 23 22
11 24 20
11 25 12
11 26 34
11 27 0
11 28 44
11 29 15
11 30 49
11 31 28
11 32 24
11 33 38
11 34 14
11 35 26
11 36 9
11 37 45
11 38 31
11 39 25
11 40 37
11 41 2
11 42 27
11 43 7
11 44 35
11 45 3
11 46 39
11 47 10
11 48 41
11 49 6
12 1 3
12 2 13
12 3 35
12 4 30
12 5 24
12 6 42
12 7 33
12 8 43
12 9 5
12 10 23
12 11 25
12 12 15
12 13 39
12 14 26
12 15 47
12 16 40
12 17 32
12 18 20
12 19 7
12 20 8
12 21 27
12 22 4
12 23 28
12 24 34
12 25 31
12 26 41
12 27 21
12 28 10
12 29 6
12 30 14
12 31 29
12 32 37
12 33 38
12 34 44
12 35 36
12 36 22
12 37 16
12 38 45
12 39 49
12 40 9
12 41 46
12 42 11
12 43 2
12 44 17
12 45 0
12 46 19
12 47 48
12 48 18
12 49 1
13 1 43
13 2 34
13 3 9
13 4 4
13 5 7
13 6 16
13 7 2
13 8 33
13 9 10
13 10 8
13 11 28
13 12 42
13 13 49
13 14 0
13 15 18
13 16 38
13 17 26
13 18 40
13 19 31
13 20 48
13 21 29
13 22 14
13 23 35
13 24 5
13 25 20
13 26 21
13 27 25
13 28 41
13 29 12
13 30 47
13 31 22
13 32 27
13 33 1
13 34 30
13 35 39
13 36 23
13 37 11
13 38 17
13 39 44
13 40 45
13 41 32
13 42 6
13 43 37
13 44 15
13 45 3
13 46 46
13 47 24
13 48 19
13 49 36
14 1 47
14 2 10
14 3 16
14 4 5
14 5 27
14 6 41
14 7 45
14 8 28
14 9 6
14 10 25
14 11 15
14 12 1
14 13 34
14 14 18
14 15 23
14 16 31
14 17 35
14 18 33
14 19 17
14 20 7
14 21 38
14 22 9
14 23 44
14 24 46
14 25 30
14 26 8
14 27 26
14 28 40
14 29 21
14 30 22
14 31 11
14 32 39
14 33 24
14 34 32
14 35 3
14 36 19
14 37 13
14 38 2
14 39 0
14 40 49
14 41 48
14 42 4
14 43 29
14 44 42
14 45 43
14 46 20
14 47 36
14 48 37
14 49 12
15 1 21
15 2 10
15 3 23
15 4 47
15 5 34
15 6 44
15 7 40
15 8 37
15 9 31
15 10 19
15 11 16
15 12 18
15 13 26
15 14 5
15 15 25
15 16 24
15 17 46
15 18 36
15 19 14
15 20 8
15 21 4
15 22 27
15 23 6
15 24 28
15 25 49
15 26 11
15 27 3
15 28 2
15 29 17
15 30 20
15 31 30
15 32 48
15 33 45
15 34 1
15 35 38
15 36 33
15 37 29
15 38 43
15 39 41
15 40 22
15 41 7
15 42 9
15 43 35
15 44 42
15 45 0
15 46 13
15 47 12
15 48 39
15 49 32
16 1 44
16 2 37
16 3 29
16 4 8
16 5 9
16 6 36
16 7 12
16 8 28
16 9 35
16 10 3
16 11 40
16 12 20
16 13 24
16 14 1
16 15 22
16 16 26
16 17 14
16 18 23
16 19 13
16 20 27
16 21 41
16 22 34
16 23 18
16 24 19
16 25 47
16 26 46
16 27 49
16 28 4
16 29 38
16 30 15
16 31 5
16 32 11
16 33 30
16 34 25
16 35 17
16 36 10
16 37 32
16 38 2
16 39 0
16 40 21
16 41 31
16 42 45
16 43 39
16 44 6
16 45 43
16 46 7
16 47 48
16 48 33
16 49 42
17 1 35
17 2 2
17 3 46
17 4 44
17 5 25
17 6 8
17 7 43
17 8 39
17 9 29
17 10 31
17 11 48
17 12 13
17 13 21
17 14 11
17 15 27
17 16 20
17 17 1
17 18 28
17 19 37
17 20 34
17 21 0
17 22 45
17 23 42
17 24 4
17 25 7
17 26 26
17 27 6
17 28 47
17 29 49
17 30 18
17 31 33
17 32 16
17 33 38
17 34 24
17 35 10
17 36 15
17 37 3
17 38 22
17 39 5
17 40 19
17 41 23
17 42 40
17 43 14
17 44 32
17 45 30
17 46 9
17 47 36
17 48 41
17 49 12
18 1 34
18 2 29
18 3 41
18 4 30
18 5 8
18 6 16
18 7 49
18 8 37
18 9 39
18 10 7
18 11 48
18 12 11
18 13 19
18 14 36
18 15 13
18 16 24
18 17 0
18 18 42
18 19 32
18 20 22
18 21 5
18 22 25
18 23 47
18 24 40
18 25 15
18 26 4
18 27 26
18 28 20
18 29 43
18 30 44
18 31 21
18 32 33
18 33 6
18 34 10
18 35 9
18 36 27
18 37 17
18 38 38
18 39 23
18 40 2
18 41 35
18 42 28
18 43 12
18 44 3
18 45 1
18 46 14
18 47 46
18 48 31
18 49 45
19 1 22
19 2 7
19 3 43
19 4 13
19 5 0
19 6 29
19 7 32
19 8 2
19 9 8
19 10 17
19 11 40
19 12 25
19 13 18
19 14 41
19 15 37
19 16 42
19 17 34
19 18 48
19 19 16
19 20 23
19 21 31
19 22 49
19 23 24
19 24 11
19 25 38
19 26 6
19 27 26
19 28 9
19 29 47
19 30 21
19 31 36
19 32 46
19 33 10
19 34 30
19 35 20
19 36 12
19 37 5
19 38 3
19 39 4
19 40 14
19 41 1
19 42 39
19 43 44
19 44 35
19 45 28
19 46 15
19 47 45
19 48 33
19 49 27
20 1 15
20 2 28
20 3 10
20 4 27
20 5 33
20 6 35
20 7 9
20 8 40
20 9 24
20 10 37
20 11 17
20 12 26
20 13 14
20 14 7
20 15 42
20 16 43
20 17 41
20 18 23
20 19 21
20 20 22
20 21 8
20 22 38
20 23 16
20 24 12
20 25 34
20 26 19
20 27 36
20 28 6
20 29 32
20 30 1
20 31 29
20 32 25
20 33 2
20 34 5
20 35 31
20 36 44
20 37 3
20 38 11
20 39 45
20 40 4
20 41 0
20 42 18
20 43 49
20 44 46
20 45 39
20 46 47
20 47 48
20 48 30
20 49 13
21 1 9
21 2 11
21 3 7
21 4 8
21 5 27
21 6 43
21 7 32
21 8 35
21 9 41
21 10 42
21 11 47
21 12 26
21 13 13
21 14 33
21 15 19
21 16 14
21 17 25
21 18 3
21 19 15
21 20 40
21 21 34
21 22 0
21 23 29
21 24 45
21 25 44
21 26 2
21 27 20
21 28 39
21 29 22
21 30 24
21 31 49
21 32 5
21 33 46
21 34 48
21 35 1
21 36 18
21 37 4
21 38 28
21 39 16
21 40 23
21 41 37
21 42 6
21 43 36
21 44 12
21 45 31
21 46 38
21 47 17
21 48 10
21 49 30
22 1 36
22 2 27
22 3 48
22 4 28
22 5 44
22 6 42
22 7 32
22 8 47
22 9 24
22 10 18
22 11 13
22 12 16
22 13 39
22 14 9
22 15 6
22 16 33
22 17 46
22 18 41
22 19 40
22 20 15
22 21 10
22 22 14
22 23 0
22 24 29
22 25 19
22 26 35
22 27 7
22 28 49
22 29 11
22 30 2
22 31 31
22 32 8
22 33 17
22 34 30
22 35 45
22 36 21
22 37 25
22 38 23
22 39 12
22 40 37
22 41 5
22 42 3
22 43 38
22 44 1
22 45 4
22 46 43
22 47 20
22 48 26
22 49 34
23 1 47
23 2 21
23 3 20
23 4 36
23 5 30
23 6 17
23 7 11
23 8 10
23 9 28
23 10 48
23 11 24
23 12 27
23 13 1
23 14 40
23 15 32
23 16 5
23 17 39
23 18 34
23 19 43
23 20 2
23 21 45
23 22 25
23 23 37
23 24 0
23 25 16
23 26 29
23 27 26
23 28 31
23 29 6
23 30 41
23 31 7
23 32 15
23 33 44
23 34 18
23 35 8
23 36 12
23 37 9
23 38 19
23 39 33
23 40 14
23 41 3
23 42 13
23 43 49
23 44 46
23 45 22
23 46 4
23 47 35
23 48 38
23 49 42
24 1 10
24 2 45
24 3 20
24 4 22
24 5 21
24 6 9
24 7 33
24 8 43
24 9 1
24 10 48
24 11 6
24 12 29
24 13 40
24 14 38
24 15 0
24 16 37
24 17 16
24 18 13
24 19 35
24 20 27
24 21 28
24 22 23
24 23 8
24 24 42
24 25 36
24 26 19
24 27 2
24 28 47
24 29 41
24 30 26
24 31 39
24 32 18
24 33 46
24 34 32
24 35 49
24 36 5
24 37 34
24 38 31
24 39 15
24 40 17
24 41 4
24 42 7
24 43 25
24 44 3
24 45 44
24 46 11
24 47 30
24 48 14
24 49 12
25 1 11
25 2 37
25 3 18
25 4 34
25 5 20
25 6 12
25 7 1
25 8 49
25 9 7
25 10 33
25 11 35
25 12 22
25 13 19
25 14 41
25 15 5
25 16 29
25 17 9
25 18 40
25 19 45
25 20 32
25 21 21
25 22 44
25 23 38
25 24 31
25 25 14
25 26 43
25 27 8
25 28 0
25 29 36
25 30 39
25 31 47
25 32 3
25 33 13
25 34 23
25 35 48
25 36 46
25 37 17
25 38 27
25 39 10
25 40 4
25 41 42
25 42 28
25 43 26
25 44 2
25 45 6
25 46 30
25 47 16
25 48 24
25 49 15
26 1 25
26 2 46
26 3 27
26 4 12
26 5 35
26 6 48
26 7 21
26 8 38
26 9 31
26 10 43
26 11 44
26 12 24
26 13 2
26 14 34
26 15 11
26 16 30
26 17 49
26 18 9
26 19 23
26 20 13
26 21 45
26 22 5
26 23 1
26 24 22
26 25 41
26 26 33
26 27 20
26 28 39
26 29 36
26 30 29
26 31 47
26 32 17
26 33 8
26 34 0
26 35 37
26 36 42
26 37 28
26 38 3
26 39 14
26 40 40
26 41 18
26 42 32
26 43 4
26 44 6
26 45 16
26 46 15
26 47 10
26 48 19
26 49 7
27 1 0
27 2 5
27 3 16
27 4 14
27 5 22
27 6 37
27 7 26
27 8 20
27 9 28
27 10 25
27 11 21
27 12 6
27 13 35
27 14 42
27 15 18
27 16 17
27 17 49
27 18 30
27 19 40
27 20 46
27 21 4
27 22 24
27 23 3
27 24 2
27 25 9
27 26 11
27 27 34
27 28 1
27 29 47
27 30 32
27 31 44
27 32 15
27 33 39
27 34 12
27 35 8
27 36 23
27 37 29
27 38 45
27 39 33
27 40 7
27 41 31
27 42 36
27 43 48
27 44 41
27 45 10
27 46 19
27 47 13
27 48 38
27 49 43
28 1 6
28 2 19
28 3 32
28 4 2
28 5 35
28 6 44
28 7 5
28 8 36
28 9 11
28 10 38
28 11 8
28 12 33
28 13 47
28 14 12
28 15 24
28 16 20
28 17 14
28 18 23
28 19 30
28 20 43
28 21 10
28 22 34
28 23 16
28 24 21
28 25 3
28 26 46
28 27 18
28 28 4
28 29 48
28 30 37
28 31 22
28 32 15
28 33 1
28 34 49
28 35 9
28 36 7
28 37 26
28 38 40
28 39 13
28 40 42
28 41 17
28 42 29
28 43 25
28 44 39
28 45 0
28 46 45
28 47 31
28 48 41
28 49 27
29 1 40
29 2 8
29 3 18
29 4 21
29 5 32
29 6 19
29 7 30
29 8 24
29 9 11
29 10 2
29 11 28
29 12 31
29 13 38
29 14 1
29 15 49
29 16 5
29 17 12
29 18 4
29 19 17
29 20 45
29 21 34
29 22 20
29 23 6
29 24 48
29 25 44
29 26 9
29 27 36
29 28 13
29 29 15
29 30 39
29 31 46
29 32 41
29 33 26
29 34 37
29 35 23
29 36 27
29 37 47
29 38 16
29 39 3
29 40 35
29 41 42
29 42 14
29 43 25
29 44 33
29 45 10
29 46 43
29 47 22
29 48 7
29 49 0
30 1 41
30 2 48
30 3 12
30 4 10
30 5 11
30 6 6
30 7 36
30 8 39
30 9 13
30 10 9
30 11 28
30 12 26
30 13 18
30 14 4
30 15 42
30 16 3
30 17 25
30 18 16
30 19 2
30 20 8
30 21 34
30 22 22
30 23 24
30 24 38
30 25 14
30 26 29
30 27 43
30 28 40
30 29 15
30 30 49
30 31 46
30 32 17
30 33 1
30 34 37
30 35 47
30 36 32
30 37 5
30 38 0
30 39 31
30 40 27
30 41 45
30 42 23
30 43 21
30 44 44
30 45 33
30 46 20
30 47 7
30 48 19
30 49 35
31 1 14
31 2 27
31 3 13
31 4 44
31 5 0
31 6 38
31 7 11
31 8 5
31 9 47
31 10 39
31 11 7
31 12 8
31 13 17
31 14 26
31 15 23
31 16 24
31 17 10
31 18 19
31 19 21
31 20 49
31 21 40
31 22 42
31 23 48
31 24 2
31 25 15
31 26 22
31 27 18
31 28 45
31 29 37
31 30 35
31 31 6
31 32 33
31 33 36
31 34 25
31 35 34
31 36 20
31 37 29
31 38 43
31 39 9
31 40 4
31 41 28
31 42 32
31 43 1
31 44 16
31 45 3
31 46 41
31 47 46
31 48 30
31 49 12
32 1 14
32 2 34
32 3 17
32 4 43
32 5 47
32 6 39
32 7 30
32 8 33
32 9 5
32 10 22
32 11 8
32 12 16
32 13 24
32 14 3
32 15 31
32 16 13
32 17 10
32 18 42
32 19 48
32 20 1
32 21 11
32 22 29
32 23 26
32 24 12
32 25 45
32 26 2
32 27 7
32 28 35
32 29 37
32 30 18
32 31 21
32 32 44
32 33 0
32 34 15
32 35 27
32 36 25
32 37 46
32 38 23
32 39 20
32 40 36
32 41 4
32 42 9
32 43 41
32 44 19
32 45 40
32 46 49
32 47 28
32 48 38
32 49 6
33 1 17
33 2 9
33 3 7
33 4 20
33 5 3
33 6 10
33 7 37
33 8 43
33 9 5
33 10 24
33 11 1
33 12 14
33 13 36
33 14 39
33 15 31
33 16 25
33 17 2
33 18 49
33 19 35
33 20 11
33 21 40
33 22 4
33 23 12
33 24 18
33 25 0
33 26 26
33 27 45
33 28 15
33 29 48
33 30 19
33 31 8
33 32 6
33 33 29
33 34 27
33 35 28
33 36 46
33 37 47
33 38 41
33 39 34
33 40 30
33 41 44
33 42 23
33 43 42
33 44 22
33 45 38
33 46 16
33 47 13
33 48 21
33 49 32
34 1 46
34 2 6
34 3 1
34 4 25
34 5 11
34 6 18
34 7 5
34 8 3
34 9 33
34 10 38
34 11 19
34 12 39
34 13 42
34 14 44
34 15 0
34 16 43
34 17 29
34 18 14
34 19 22
34 20 15
34 21 30
34 22 31
34 23 2
34 24 32
34 25 13
34 26 45
34 27 4
34 28 10
34 29 27
34 30 28
34 31 36
34 32 40
34 33 16
34 34 37
34 35 12
34 36 20
34 37 47
34 38 41
34 39 21
34 40 26
34 41 23
34 42 9
34 43 8
34 44 17
34 45 48
34 46 7
34 47 35
34 48 24
34 49 49
35 1 38
35 2 28
35 3 37
35 4 4
35 5 9
35 6 7
35 7 39
35 8 47
35 9 29
35 10 5
35 11 13
35 12 2
35 13 22
35 14 20
35 15 48
35 16 3
35 17 41
35 18 45
35 19 10
35 20 49
35 21 32
35 22 43
35 23 42
35 24 19
35 25 0
35 26 16
35 27 8
35 28 27
35 29 36
35 30 14
35 31 44
35 32 34
35 33 23
35 34 18
35 35 24
35 36 31
35 37 21
35 38 1
35 39 26
35 40 30
35 41 17
35 42 15
35 43 25
35 44 6
35 45 46
35 46 12
35 47 33
35 48 40
35 49 11
36 1 35
36 2 48
36 3 45
36 4 33
36 5 37
36 6 44
36 7 6
36 8 0
36 9 10
36 10 2
36 11 42
36 12 28
36 13 18
36 14 26
36 15 16
36 16 20
36 17 11
36 18 49
36 19 13
36 20 4
36 21 41
36 22 24
36 23 38
36 24 25
36 25 30
36 26 40
36 27 27
36 28 21
36 29 29
36 30 15
36 31 3
36 32 22
36 33 46
36 34 14
36 35 31
36 36 7
36 37 39
36 38 12
36 39 9
36 40 1
36 41 8
36 42 32
36 43 5
36 44 34
36 45 17
36 46 47
36 47 43
36 48 23
36 49 19
37 1 14
37 2 42
37 3 4
37 4 24
37 5 38
37 6 15
37 7 2
37 8 12
37 9 22
37 10 34
37 11 27
37 12 41
37 13 43
37 14 8
37 15 49
37 16 11
37 17 19
37 18 39
37 19 20
37 20 16
37 21 48
37 22 17
37 23 44
37 24 29
37 25 32
37 26 7
37 27 31
37 28 3
37 29 46
37 30 26
37 31 9
37 32 30
37 33 35
37 34 0
37 35 36
37 36 18
37 37 33
37 38 45
37 39 21
37 40 23
37 41 25
37 42 6
37 43 10
37 44 5
37 45 1
37 46 28
37 47 13
37 48 47
37 49 40
38 1 16
38 2 12
38 3 31
38 4 27
38 5 48
38 6 49
38 7 20
38 8 28
38 9 4
38 10 7
38 11 45
38 12 0
38 13 19
38 14 33
38 15 8
38 16 43
38 17 11
38 18 18
38 19 37
38 20 17
38 21 32
38 22 14
38 23 30
38 24 44
38 25 46
38 26 1
38 27 26
38 28 13
38 29 40
38 30 23
38 31 36
38 32 3
38 33 24
38 34 21
38 35 15
38 36 9
38 37 29
38 38 39
38 39 5
38 40 42
38 41 25
38 42 35
38 43 34
38 44 2
38 45 41
38 46 47
38 47 6
38 48 10
38 49 22
39 1 14
39 2 15
39 3 8
39 4 40
39 5 32
39 6 25
39 7 37
39 8 13
39 9 5
39 10 45
39 11 49
39 12 12
39 13 36
39 14 4
39 15 41
39 16 34
39 17 3
39 18 35
39 19 31
39 20 48
39 21 19
39 22 29
39 23 20
39 24 28
39 25 1
39 26 23
39 27 16
39 28 21
39 29 26
39 30 9
39 31 38
39 32 46
39 33 7
39 34 2
39 35 43
39 36 27
39 37 10
39 38 0
39 39 17
39 40 47
39 41 44
39 42 6
39 43 24
39 44 22
39 45 18
39 46 11
39 47 33
39 48 30
39 49 42
40 1 25
40 2 33
40 3 1
40 4 9
40 5 19
40 6 49
40 7 0
40 8 18
40 9 47
40 10 34
40 11 30
40 12 22
40 13 5
40 14 31
40 15 3
40 16 4
40 17 48
40 18 46
40 19 42
40 20 45
40 21 11
40 22 24
40 23 29
40 24 23
40 25 21
40 26 36
40 27 41
40 28 20
40 29 38
40 30 7
40 31 43
40 32 17
40 33 28
40 34 6
40 35 35
40 36 8
40 37 37
40 38 27
40 39 44
40 40 12
40 41 39
40 42 16
40 43 2
40 44 10
40 45 32
40 46 26
40 47 14
40 48 15
40 49 13
41 1 16
41 2 44
41 3 40
41 4 21
41 5 5
41 6 26
41 7 28
41 8 36
41 9 45
41 10 32
41 11 31
41 12 0
41 13 27
41 14 18
41 15 24
41 16 1
41 17 29
41 18 48
41 19 14
41 20 30
41 21 2
41 22 17
41 23 8
41 24 3
41 25 23
41 26 42
41 27 13
41 28 49
41 29 43
41 30 46
41 31 11
41 32 33
41 33 9
41 34 12
41 35 20
41 36 39
41 37 22
41 38 37
41 39 35
41 40 6
41 41 19
41 42 7
41 43 15
41 44 25
41 45 34
41 46 47
41 47 10
41 48 4
41 49 38
42 1 35
42 2 49
42 3 41
42 4 25
42 5 30
42 6 11
42 7 17
42 8 2
42 9 31
42 10 12
42 11 26
42 12 15
42 13 14
42 14 29
42 15 44
42 16 39
42 17 19
42 18 46
42 19 34
42 20 8
42 21 22
42 22 24
42 23 9
42 24 3
42 25 38
42 26 18
42 27 36
42 28 32
42 29 27
42 30 7
42 31 4
42 32 20
42 33 33
42 34 5
42 35 1
42 36 16
42 37 37
42 38 10
42 39 43
42 40 21
42 41 0
42 42 48
42 43 47
42 44 6
42 45 13
42 46 28
42 47 40
42 48 45
42 49 23
43 1 47
43 2 35
43 3 32
43 4 17
43 5 10
43 6 15
43 7 25
43 8 7
43 9 20
43 10 11
43 11 44
43 12 34
43 13 26
43 14 2
43 15 12
43 16 46
43 17 31
43 18 33
43 19 48
43 20 39
43 21 6
43 22 0
43 23 4
43 24 36
43 25 42
43 26 45
43 27 49
43 28 16
43 29 18
43 30 24
43 31 30
43 32 27
43 33 3
43 34 21
43 35 22
43 36 9
43 37 28
43 38 8
43 39 29
43 40 38
43 41 41
43 42 37
43 43 1
43 44 14
43 45 19
43 46 40
43 47 5
43 48 13
43 49 23
44 1 17
44 2 37
44 3 7
44 4 11
44 5 33
44 6 28
44 7 47
44 8 10
44 9 31
44 10 4
44 11 35
44 12 8
44 13 20
44 14 29
44 15 46
44 16 14
44 17 12
44 18 3
44 19 32
44 20 5
44 21 40
44 22 36
44 23 45
44 24 2
44 25 38
44 26 23
44 27 27
44 28 6
44 29 48
44 30 13
44 31 19
44 32 9
44 33 16
44 34 30
44 35 39
44 36 26
44 37 42
44 38 25
44 39 22
44 40 0
44 41 1
44 42 21
44 43 18
44 44 49
44 45 34
44 46 41
44 47 43
44 48 24
44 49 15
45 1 29
45 2 1
45 3 17
45 4 0
45 5 22
45 6 24
45 7 48
45 8 19
45 9 2
45 10 21
45 11 30
45 12 41
45 13 43
45 14 5
45 15 35
45 16 4
45 17 38
45 18 10
45 19 13
45 20 18
45 21 6
45 22 37
45 23 20
45 24 31
45 25 28
45 26 36
45 27 42
45 28 32
45 29 7
45 30 3
45 31 44
45 32 23
45 33 49
45 34 39
45 35 34
45 36 15
45 37 9
45 38 12
45 39 25
45 40 8
45 41 33
45 42 16
45 43 11
45 44 40
45 45 14
45 46 47
45 47 27
45 48 26
45 49 46
46 1 10
46 2 34
46 3 21
46 4 22
46 5 45
46 6 49
46 7 8
46 8 9
46 9 41
46 10 29
46 11 5
46 12 42
46 13 1
46 14 32
46 15 18
46 16 11
46 17 13
46 18 15
46 19 3
46 20 36
46 21 40
46 22 31
46 23 30
46 24 0
46 25 17
46 26 47
46 27 28
46 28 26
46 29 43
46 30 7
46 31 12
46 32 23
46 33 44
46 34 37
46 35 24
46 36 20
46 37 38
46 38 19
46 39 48
46 40 25
46 41 4
46 42 14
46 43 33
46 44 35
46 45 6
46 46 16
46 47 27
46 48 39
46 49 2
47 1 26
47 2 17
47 3 15
47 4 44
47 5 30
47 6 21
47 7 22
47 8 43
47 9 36
47 10 39
47 11 33
47 12 16
47 13 3
47 14 32
47 15 10
47 16 31
47 17 5
47 18 0
47 19 34
47 20 49
47 21 4
47 22 20
47 23 7
47 24 13
47 25 41
47 26 35
47 27 46
47 28 38
47 29 23
47 30 48
47 31 37
47 32 9
47 33 27
47 34 14
47 35 29
47 36 25
47 37 19
47 38 2
47 39 40
47 40 6
47 41 45
47 42 28
47 43 24
47 44 42
47 45 1
47 46 11
47 47 8
47 48 18
47 49 12
48 1 25
48 2 22
48 3 20
48 4 21
48 5 32
48 6 36
48 7 33
48 8 28
48 9 40
48 10 18
48 11 3
48 12 38
48 13 5
48 14 10
48 15 47
48 16 42
48 17 14
48 18 29
48 19 37
48 20 49
48 21 34
48 22 16
48 23 26
48 24 9
48 25 44
48 26 11
48 27 41
48 28 31
48 29 1
48 30 35
48 31 27
48 32 30
48 33 13
48 34 39
48 35 0
48 36 8
48 37 45
48 38 19
48 39 17
48 40 23
48 41 46
48 42 24
48 43 7
48 44 4
48 45 15
48 46 12
48 47 6
48 48 43
48 49 2
49 1 36
49 2 34
49 3 28
49 4 44
49 5 30
49 6 0
49 7 23
49 8 29
49 9 27
49 10 24
49 11 21
49 12 20
49 13 40
49 14 38
49 15 3
49 16 33
49 17 39
49 18 35
49 19 26
49 20 7
49 21 2
49 22 12
49 23 9
49 24 19
49 25 46
49 26 8
49 27 31
49 28 6
49 29 32
49 30 47
49 31 22
49 32 17
49 33 5
49 34 16
49 35 10
49 36 15
49 37 25
49 38 37
49 39 48
49 40 45
49 41 18
49 42 42
49 43 13
49 44 11
49 45 14
49 46 43
49 47 41
49 48 4
49 49 1