0 1 1
0 2 7
0 3 20
0 4 10
0 5 4
0 6 9
0 7 15
0 8 21
0 9 8
0 10 23
0 11 6
0 12 19
0 13 17
0 14 14
0 15 13
0 16 22
0 17 18
0 18 5
0 19 16
0 20 3
0 21 24
0 22 2
0 23 12
0 24 11
1 1 17
1 2 14
1 3 8
1 4 19
1 5 9
1 6 13
1 7 5
1 8 24
1 9 3
1 10 0
1 11 7
1 12 21
1 13 6
1 14 2
1 15 11
1 16 23
1 17 10
1 18 16
1 19 12
1 20 22
1 21 18
1 22 4
1 23 20
1 24 15
2 1 22
2 2 10
2 3 6
2 4 13
2 5 19
2 6 14
2 7 23
2 8 4
2 9 3
2 10 17
2 11 0
2 12 16
2 13 7
2 14 8
2 15 21
2 16 1
2 17 5
2 18 20
2 19 18
2 20 15
2 21 24
2 22 12
2 23 11
2 24 9
3 1 0
3 2 19
3 3 17
3 4 8
3 5 14
3 6 11
3 7 16
3 8 5
3 9 9
3 10 7
3 11 15
3 12 18
3 13 20
3 14 21
3 15 24
3 16 12
3 17 22
3 18 10
3 19 2
3 20 1
3 21 4
3 22 13
3 23 6
3 24 23
4 1 20
4 2 3
4 3 19
4 4 18
4 5 21
4 6 11
4 7 6
4 8 10
4 9 1
4 10 0
4 11 22
4 12 7
4 13 8
4 14 16
4 15 24
4 16 12
4 17 14
4 18 15
4 19 23
4 20 13
4 21 17
4 22 2
4 23 9
4 24 5
5 1 0
5 2 17
5 3 1
5 4 12
5 5 15
5 6 2
5 7 22
5 8 3
5 9 24
5 10 11
5 11 10
5 12 14
5 13 6
5 14 4
5 15 13
5 16 18
5 17 20
5 18 9
5 19 16
5 20 21
5 21 19
5 22 7
5 23 23
5 24 8
6 1 12
6 2 14
6 3 7
6 4 8
6 5 10
6 6 3
6 7 15
6 8 13
6 9 17
6 10 4
6 11 9
6 12 1
6 13 20
6 14 24
6 15 16
6 16 11
6 17 0
6 18 23
6 19 18
6 20 5
6 21 2
6 22 22
6 23 21
6 24 19
7 1 14
7 2 20
7 3 2
7 4 13
7 5 6
7 6 23
7 7 24
7 8 10
7 9 22
7 10 12
7 11 16
7 12 19
7 13 5
7 14 0
7 15 4
7 16 11
7 17 3
7 18 18
7 19 1
7 20 8
7 21 9
7 22 21
7 23 17
7 24 15
8 1 10
8 2 18
8 3 5
8 4 6
8 5 14
8 6 21
8 7 23
8 8 12
8 9 22
8 10 4
8 11 13
8 12 19
8 13 2
8 14 7
8 15 15
8 16 20
8 17 9
8 18 16
8 19 3
8 20 17
8 21 11
8 22 0
8 23 24
8 24 1
9 1 20
9 2 13
9 3 22
9 4 21
9 5 16
9 6 6
9 7 1
9 8 0
9 9 4
9 10 18
9 11 19
9 12 24
9 13 5
9 14 11
9 15 12
9 16 14
9 17 17
9 18 10
9 19 15
9 20 8
9 21 23
9 22 3
9 23 2
9 24 7
10 1 17
10 2 3
10 3 5
10 4 1
10 5 9
10 6 7
10 7 8
10 8 14
10 9 16
10 10 13
10 11 20
10 12 2
10 13 23
10 14 22
10 15 6
10 16 24
10 17 12
10 18 0
10 19 18
10 20 15
10 21 4
10 22 11
10 23 19
10 24 21
11 1 4
11 2 13
11 3 10
11 4 6
11 5 20
11 6 5
11 7 15
11 8 14
11 9 2
11 10 7
11 11 21
11 12 23
11 13 17
11 14 22
11 15 18
11 16 1
11 17 19
11 18 12
11 19 3
11 20 9
11 21 8
11 22 24
11 23 0
11 24 16
12 1 5
12 2 22
12 3 21
12 4 19
12 5 4
12 6 18
12 7 3
12 8 8
12 9 16
12 10 6
12 11 20
12 12 7
12 13 10
12 14 15
12 15 14
12 16 1
12 17 9
12 18 17
12 19 13
12 20 23
12 21 11
12 22 24
12 23 2
12 24 0
13 1 3
13 2 17
13 3 1
13 4 2
13 5 8
13 6 6
13 7 14
13 8 0
13 9 19
13 10 4
13 11 15
13 12 9
13 13 21
13 14 7
13 15 23
13 16 5
13 17 20
13 18 11
13 19 12
13 20 24
13 21 16
13 22 22
13 23 10
13 24 18
14 1 21
14 2 11
14 3 10
14 4 9
14 5 4
14 6 15
14 7 1
14 8 23
14 9 6
14 10 8
14 11 2
14 12 24
14 13 19
14 14 12
14 15 7
14 16 18
14 17 17
14 18 0
14 19 13
14 20 16
14 21 20
14 22 5
14 23 3
14 24 22
15 1 1
15 2 4
15 3 20
15 4 10
15 5 23
15 6 24
15 7 19
15 8 2
15 9 6
15 10 22
15 11 5
15 12 17
15 13 12
15 14 18
15 15 3
15 16 0
15 17 14
15 18 9
15 19 8
15 20 11
15 21 13
15 22 16
15 23 7
15 24 21
16 1 7
16 2 10
16 3 9
16 4 14
16 5 4
16 6 5
16 7 18
16 8 8
16 9 2
16 10 15
16 11 19
16 12 20
16 13 6
16 14 12
16 15 11
16 16 0
16 17 21
16 18 17
16 19 23
16 20 13
16 21 3
16 22 24
16 23 1
16 24 22
17 1 5
17 2 15
17 3 19
17 4 6
17 5 7
17 6 22
17 7 12
17 8 0
17 9 4
17 10 10
17 11 1
17 12 20
17 13 3
17 14 8
17 15 16
17 16 2
17 17 13
17 18 14
17 19 18
17 20 24
17 21 11
17 22 9
17 23 21
17 24 23
18 1 10
18 2 24
18 3 21
18 4 13
18 5 6
18 6 17
18 7 8
18 8 22
18 9 9
18 10 16
18 11 2
18 12 23
18 13 4
18 14 0
18 15 14
18 16 12
18 17 19
18 18 5
18 19 20
18 20 3
18 21 11
18 22 15
18 23 7
18 24 1
19 1 1
19 2 9
19 3 6
19 4 15
19 5 22
19 6 23
19 7 3
19 8 16
19 9 13
19 10 18
19 11 4
19 12 2
19 13 7
19 14 5
19 15 20
19 16 14
19 17 10
19 18 0
19 19 24
19 20 11
19 21 21
19 22 8
19 23 17
19 24 12
20 1 24
20 2 9
20 3 8
20 4 14
20 5 2
20 6 15
20 7 5
20 8 19
20 9 1
20 10 10
20 11 13
20 12 17
20 13 6
20 14 12
20 15 7
20 16 4
20 17 22
20 18 0
20 19 21
20 20 3
20 21 18
20 22 11
20 23 16
20 24 23
21 1 6
21 2 15
21 3 0
21 4 7
21 5 4
21 6 22
21 7 13
21 8 10
21 9 23
21 10 3
21 11 12
21 12 24
21 13 20
21 14 17
21 15 14
21 16 5
21 17 9
21 18 1
21 19 2
21 20 19
21 21 16
21 22 8
21 23 18
21 24 11
22 1 16
22 2 23
22 3 18
22 4 2
22 5 11
22 6 1
22 7 21
22 8 13
22 9 6
22 10 17
22 11 0
22 12 8
22 13 24
22 14 12
22 15 19
22 16 7
22 17 4
22 18 15
22 19 5
22 20 20
22 21 3
22 22 10
22 23 14
22 24 9
23 1 14
23 2 21
23 3 0
23 4 9
23 5 17
23 6 10
23 7 1
23 8 16
23 9 11
23 10 24
23 11 13
23 12 5
23 13 12
23 14 19
23 15 6
23 16 2
23 17 18
23 18 8
23 19 4
23 20 3
23 21 7
23 22 20
23 23 22
23 24 15
24 1 9
24 2 4
24 3 0
24 4 20
24 5 8
24 6 21
24 7 12
24 8 2
24 9 1
24 10 22
24 11 3
24 12 18
24 13 17
24 14 11
24 15 14
24 16 7
24 17 23
24 18 13
24 19 6
24 20 16
24 21 15
24 22 19
24 23 5
24 24 10