0 2
1 2
2 1
3 2
4 2
5 2
6 3
7 0
8 2
9 2
10 3
11 4
12 4
13 2
14 2
15 5
16 2
17 4
18 4
19 2
20 4
21 2
22 2
23 5
24 2
25 3
26 4
27 5
28 4
29 5
30 2
31 2
32 1
33 1
34 3
35 2
36 5
37 3
38 1
39 2
40 4
41 0
42 1
43 5
44 2
45 2
46 0
47 2
48 2
49 1
50 2
51 0
52 1
53 2
54 4
55 4
56 2
57 2
58 0
59 2
60 2
61 3
62 1
63 4
64 1
65 4
66 2
67 2
68 5
69 2
70 0
71 5
72 3
73 2
74 2
75 1
76 2
77 2
78 0
79 2
80 2
81 4
82 5
83 5
84 2
85 2
86 2
87 4
88 3
89 5
90 2
91 2
92 1
93 1
94 3
95 0
96 4
97 0
98 2
99 0
100 3
101 5
102 1
103 4
104 2
105 2
106 4
107 4
108 2
109 5
110 4
111 2
112 3
113 2
114 2
115 4
116 4
117 2
118 5
119 2
120 4
121 2
122 2
123 1
124 2
125 2
126 4
127 3
128 2
129 4
130 4
131 2
132 4
133 2
134 0
135 4
136 0
137 2
138 4
139 1
140 3
141 5
142 0
143 5
144 1
145 3
146 4
147 3
148 4
149 1
150 1
151 1
152 4
153 2
154 2
155 5
156 4
157 0
158 5
159 3
160 0
161 2
162 4
163 4
164 5
165 4
166 5
167 4
168 0
169 3
170 3
171 3
172 4
173 3
174 3
175 2
176 2
177 5
178 4
179 2
180 0
181 2
182 2
183 2
184 4
185 2
186 2
187 5
188 1
189 1
190 2
191 1
192 4
193 3
194 0
195 3
196 0
197 2
198 1
199 5
200 2
201 3
202 5
203 2
204 1
205 1
206 1
207 5
208 2
209 1
210 1
211 2
212 3
213 1
214 3
215 3
216 1
217 1
218 1
219 1
220 1
221 1
222 1
223 1
224 1
225 1
226 1
227 1
228 1
229 1
230 5
231 5
232 1
233 1
234 1
235 1
236 1
237 1
238 1
239 0
240 0
241 0
242 0
243 3
244 3
245 3
246 3
247 3
248 3
249 3
250 5
251 3
252 3
253 3
254 3
255 3
256 3
257 3
258 3
259 3
260 3
261 4
262 4
263 5
264 3
265 3
266 5
267 2
268 3
269 3
270 5
271 3
272 3
273 2
274 3
275 3
276 3
277 3
278 3
279 3
280 1
281 5
282 2
283 3
284 2
285 2
286 2
287 2
288 2
289 2
290 4
291 3
292 1
293 3
294 5
295 2
296 2
297 2
298 0
299 3
300 4
301 1
302 2
303 3
304 5
305 2
306 0
307 5
308 3
309 3
310 4
311 3
312 0
313 0
314 0
315 3
316 3
317 2
318 2
319 5
320 0
321 0
322 5
323 5
324 5
325 5
326 5
327 5
328 4
329 5
330 5
331 5
332 5
333 5
334 5
335 5
336 5
337 4
338 5
339 4
340 5
341 3
342 0
343 5
344 4
345 4
346 5
347 5
348 5
349 4
350 1
351 5
352 1
353 3
354 5
355 0
356 4
357 0
358 5
359 0
360 5
361 5
362 4
363 2
364 1
365 5
366 5
367 5
368 3
369 5
370 3
371 1
372 3
373 3
374 3
375 3
376 3
377 3
378 3
379 3
380 0
381 0
382 0
383 0
384 0
385 4
386 3
387 3
388 0
389 0
390 0
391 5
392 0
393 1
394 0
395 1
396 4
397 5
398 1
399 0
400 0
401 3
402 1
403 0
404 0
405 0
406 0
407 0
408 5
409 3
410 0
411 0
412 0
413 0
414 1
415 0
416 0
417 0
418 0
419 0
420 0
421 0
422 1
423 0
424 0
425 0
426 3
427 0
428 0
429 0
430 0
431 4
432 1
433 2
434 0
435 4
436 2
437 0
438 0
439 0
440 4
441 1
442 0
443 3
444 3
445 3
446 3
447 0
448 3
449 4
450 4
451 4
452 4
453 3
454 4
455 3
456 3
457 3
458 3
459 3
460 3
461 3
462 1
463 2
464 1
465 3
466 1
467 3
468 5
469 1
470 3
471 4
472 4
473 4
474 4
475 0
476 5
477 1
478 5
479 5
480 2
481 5
482 5
483 5
484 0
485 5
486 4
487 4
488 4
489 4
490 4
491 4
492 4
493 4
494 5
495 5
496 5
497 5
498 5
499 5
500 5
501 5
502 2
503 2
504 2
505 2
506 2
507 2
508 2
509 2
510 1
511 1
512 1
513 1
514 1
515 1
516 1
517 1
518 1
519 1
520 1
521 1
522 1
523 1
524 1
525 1
526 1
527 1
528 2
529 2
530 2
531 2
532 2
533 2
534 2
535 4
536 1
537 4
538 4
539 4
540 4
541 1
542 2
543 1
544 3
545 2
546 3
547 3
548 0
549 4
550 3
551 4
552 4
553 4
554 4
555 4
556 4
557 1
558 0
559 0
560 1
561 0
562 1
563 1
564 0
565 2
566 3
567 3
568 5
569 1
570 5
571 5
572 5
573 5
574 5
575 5
576 3
577 2
578 0
579 4
580 0
581 4
582 5
583 4
584 4
585 5
586 5
587 5
588 5
589 5
590 3
591 3
592 3
593 3
594 5
595 1
596 0
597 0
598 0
599 0
600 2
601 1
602 4
603 4
604 4
605 4
606 4
607 4
608 4
609 3
610 3
611 5
612 1
613 0
614 0
615 0
616 0
617 3
618 0
619 0
620 1
621 1
622 4
623 1
624 4
625 0
626 5
627 0
628 0
629 4
630 3
631 1
632 5
633 0
634 4
635 0
636 1
637 0
638 0
639 0
640 0
641 0
642 0
643 0
644 2
645 0
646 0
647 3
648 3
649 5
650 5
651 4
652 1
653 0
654 2
655 1
656 3
657 5
658 2
659 2
660 0
661 2
662 4
663 1
664 1
665 1
666 5
667 5
668 1
669 1
670 4
671 2
672 4
673 5
674 1
675 4
676 4
677 4
678 4
679 0
680 4
681 0
682 4
683 4
684 4
685 4
686 4
687 4
688 4
689 5
690 0
691 0
692 1
693 2
694 2
695 3
696 0
697 0
698 2
699 3
700 1
701 4
702 5
703 5
704 5
705 5
706 5
707 1
708 1
709 4
710 0
711 1
712 4
713 0
714 3
715 5
716 4
717 3
718 3
719 5
720 1
721 4
722 4
723 0
724 0
725 3
726 3
727 4
728 0
729 0
730 5
731 1
732 5
733 1
734 5
735 0
736 5
737 1
738 0
739 5
740 2
741 3
742 2
743 5
744 0
745 2
746 4
747 3
748 0
749 0
750 0
751 3
752 4
753 0
754 0
755 1
756 1
757 2
758 5
759 4
760 4
761 5
