0 1
1 1
2 2
3 1
4 1
5 1
6 4
7 3
8 1
9 1
10 4
11 0
12 6
13 1
14 1
15 0
16 1
17 6
18 6
19 1
20 6
21 1
22 1
23 7
24 1
25 5
26 6
27 7
28 6
29 7
30 6
31 1
32 6
33 5
34 3
35 0
36 5
37 4
38 5
39 1
40 0
41 3
42 2
43 7
44 1
45 1
46 3
47 1
48 5
49 6
50 1
51 3
52 0
53 1
54 6
55 6
56 1
57 1
58 3
59 1
60 1
61 4
62 5
63 5
64 0
65 6
66 1
67 1
68 7
69 1
70 3
71 7
72 7
73 1
74 1
75 2
76 1
77 1
78 3
79 1
80 1
81 6
82 7
83 7
84 1
85 1
86 1
87 6
88 4
89 7
90 1
91 4
92 2
93 2
94 4
95 3
96 6
97 5
98 2
99 5
100 1
101 7
102 2
103 6
104 1
105 1
106 6
107 6
108 1
109 7
110 6
111 1
112 4
113 1
114 1
115 0
116 6
117 1
118 7
119 1
120 6
121 1
122 1
123 2
124 1
125 0
126 0
127 0
128 1
129 6
130 0
131 1
132 0
133 0
134 0
135 6
136 3
137 1
138 6
139 2
140 0
141 7
142 5
143 5
144 5
145 4
146 0
147 0
148 6
149 0
150 6
151 0
152 6
153 0
154 0
155 7
156 6
157 0
158 5
159 4
160 5
161 1
162 6
163 0
164 7
165 6
166 7
167 5
168 0
169 4
170 4
171 4
172 6
173 4
174 4
175 0
176 0
177 7
178 0
179 0
180 3
181 2
182 0
183 1
184 6
185 0
186 1
187 7
188 2
189 2
190 1
191 2
192 6
193 4
194 3
195 4
196 3
197 1
198 3
199 7
200 1
201 4
202 7
203 1
204 5
205 2
206 2
207 7
208 1
209 2
210 2
211 1
212 4
213 2
214 4
215 4
216 2
217 2
218 2
219 2
220 2
221 2
222 2
223 2
224 2
225 2
226 2
227 2
228 2
229 2
230 7
231 7
232 2
233 2
234 2
235 2
236 2
237 2
238 2
239 3
240 3
241 2
242 3
243 4
244 4
245 4
246 4
247 4
248 4
249 4
250 7
251 4
252 4
253 4
254 4
255 4
256 4
257 4
258 4
259 5
260 4
261 5
262 5
263 5
264 4
265 4
266 5
267 1
268 5
269 4
270 5
271 5
272 4
273 1
274 4
275 4
276 4
277 4
278 4
279 4
280 2
281 0
282 1
283 4
284 1
285 1
286 2
287 1
288 1
289 1
290 6
291 4
292 5
293 4
294 5
295 1
296 1
297 1
298 3
299 4
300 6
301 2
302 1
303 4
304 7
305 1
306 3
307 5
308 4
309 4
310 0
311 4
312 4
313 3
314 3
315 4
316 4
317 1
318 1
319 5
320 3
321 3
322 7
323 7
324 7
325 7
326 7
327 7
328 6
329 7
330 7
331 7
332 7
333 7
334 7
335 7
336 7
337 6
338 7
339 6
340 7
341 5
342 3
343 7
344 6
345 6
346 7
347 5
348 5
349 6
350 2
351 7
352 6
353 5
354 7
355 3
356 6
357 3
358 7
359 3
360 7
361 7
362 6
363 5
364 2
365 7
366 7
367 7
368 4
369 7
370 5
371 2
372 5
373 5
374 5
375 5
376 5
377 5
378 1
379 5
380 3
381 3
382 3
383 3
384 3
385 6
386 4
387 4
388 3
389 3
390 3
391 7
392 3
393 2
394 3
395 2
396 0
397 7
398 3
399 3
400 0
401 4
402 2
403 3
404 3
405 3
406 3
407 3
408 7
409 4
410 3
411 3
412 3
413 3
414 2
415 3
416 3
417 3
418 3
419 3
420 3
421 3
422 2
423 3
424 3
425 3
426 4
427 3
428 5
429 0
430 0
431 6
432 2
433 2
434 3
435 6
436 0
437 3
438 3
439 3
440 6
441 5
442 3
443 4
444 4
445 4
446 4
447 3
448 4
449 4
450 4
451 4
452 4
453 4
454 6
455 4
456 4
457 4
458 4
459 0
460 6
461 4
462 5
463 1
464 4
465 5
466 5
467 5
468 5
469 5
470 4
471 6
472 6
473 0
474 0
475 7
476 7
477 2
478 7
479 7
480 5
481 0
482 7
483 7
484 3
485 7
486 0
487 5
488 5
489 5
490 5
491 6
492 5
493 5
494 7
495 7
496 7
497 7
498 7
499 7
500 7
501 7
502 1
503 0
504 1
505 1
506 0
507 1
508 1
509 1
510 2
511 2
512 2
513 2
514 2
515 2
516 2
517 2
518 2
519 2
520 2
521 2
522 2
523 2
524 2
525 2
526 2
527 2
528 2
529 0
530 1
531 0
532 1
533 0
534 1
535 6
536 6
537 6
538 6
539 6
540 2
541 2
542 1
543 2
544 4
545 1
546 4
547 4
548 3
549 5
550 0
551 6
552 6
553 6
554 6
555 6
556 6
557 2
558 3
559 3
560 2
561 5
562 2
563 2
564 0
565 1
566 4
567 5
568 5
569 5
570 5
571 7
572 5
573 5
574 7
575 7
576 4
577 1
578 0
579 6
580 0
581 6
582 7
583 6
584 6
585 7
586 7
587 7
588 7
589 7
590 5
591 5
592 5
593 5
594 7
595 2
596 5
597 3
598 5
599 3
600 1
601 2
602 6
603 6
604 6
605 6
606 6
607 6
608 6
609 4
610 4
611 7
612 5
613 3
614 3
615 3
616 3
617 4
618 3
619 3
620 2
621 2
622 6
623 5
624 0
625 3
626 5
627 3
628 3
629 0
630 4
631 4
632 7
633 3
634 6
635 3
636 2
637 0
638 0
639 0
640 0
641 0
642 0
643 0
644 0
645 3
646 3
647 4
648 4
649 7
650 7
651 5
652 0
653 3
654 2
655 0
656 0
657 5
658 0
659 0
660 3
661 1
662 6
663 5
664 5
665 5
666 5
667 5
668 5
669 7
670 0
671 1
672 0
673 7
674 6
675 6
676 6
677 6
678 6
679 3
680 6
681 3
682 6
683 6
684 6
685 6
686 6
687 6
688 6
689 7
690 5
691 0
692 0
693 0
694 5
695 4
696 2
697 3
698 1
699 0
700 2
701 0
702 0
703 2
704 5
705 2
706 7
707 0
708 2
709 6
710 3
711 4
712 0
713 5
714 4
715 7
716 0
717 0
718 4
719 5
720 0
721 6
722 6
723 3
724 5
725 3
726 3
727 0
728 3
729 3
730 5
731 0
732 5
733 3
734 7
735 0
736 7
737 5
738 0
739 7
740 1
741 0
742 1
743 5
744 3
745 0
746 6
747 0
748 5
749 3
750 0
751 0
752 6
753 0
754 0
755 2
756 0
757 0
758 7
759 6
760 6
761 7
