0 1
1 1
2 2
3 1
4 1
5 1
6 2
7 2
8 1
9 1
10 1
11 0
12 0
13 1
14 1
15 1
16 1
17 0
18 0
19 1
20 0
21 1
22 1
23 0
24 1
25 0
26 0
27 0
28 0
29 0
30 1
31 1
32 1
33 1
34 2
35 1
36 1
37 2
38 1
39 1
40 1
41 2
42 2
43 0
44 1
45 1
46 2
47 1
48 1
49 1
50 1
51 2
52 2
53 1
54 0
55 0
56 1
57 1
58 2
59 1
60 1
61 2
62 1
63 1
64 1
65 0
66 1
67 1
68 0
69 1
70 2
71 0
72 0
73 1
74 1
75 2
76 1
77 1
78 2
79 1
80 1
81 0
82 0
83 0
84 1
85 1
86 1
87 0
88 2
89 0
90 1
91 1
92 2
93 2
94 2
95 2
96 0
97 2
98 2
99 1
100 2
101 0
102 2
103 0
104 1
105 1
106 0
107 0
108 1
109 0
110 0
111 1
112 2
113 1
114 1
115 1
116 0
117 1
118 0
119 1
120 0
121 1
122 1
123 2
124 1
125 1
126 0
127 1
128 1
129 0
130 1
131 1
132 1
133 1
134 1
135 0
136 2
137 1
138 0
139 2
140 0
141 0
142 0
143 1
144 0
145 1
146 1
147 1
148 0
149 1
150 0
151 1
152 0
153 1
154 1
155 0
156 0
157 1
158 0
159 2
160 0
161 1
162 0
163 1
164 0
165 0
166 0
167 0
168 1
169 2
170 2
171 2
172 0
173 2
174 2
175 1
176 1
177 0
178 1
179 1
180 2
181 1
182 1
183 1
184 0
185 1
186 1
187 0
188 2
189 2
190 1
191 2
192 0
193 0
194 2
195 2
196 2
197 1
198 2
199 0
200 1
201 2
202 0
203 1
204 1
205 2
206 1
207 0
208 1
209 2
210 1
211 1
212 2
213 2
214 2
215 2
216 2
217 2
218 2
219 2
220 2
221 2
222 2
223 2
224 2
225 2
226 2
227 2
228 2
229 2
230 0
231 0
232 2
233 2
234 2
235 2
236 2
237 2
238 2
239 2
240 2
241 2
242 2
243 2
244 2
245 2
246 2
247 2
248 2
249 2
250 0
251 2
252 2
253 2
254 2
255 2
256 2
257 0
258 2
259 1
260 2
261 1
262 1
263 1
264 2
265 2
266 1
267 1
268 2
269 2
270 1
271 0
272 2
273 1
274 2
275 2
276 2
277 2
278 2
279 2
280 1
281 0
282 1
283 2
284 1
285 1
286 1
287 1
288 1
289 1
290 0
291 2
292 2
293 0
294 0
295 1
296 1
297 1
298 2
299 2
300 0
301 2
302 1
303 2
304 0
305 1
306 2
307 0
308 2
309 2
310 1
311 1
312 2
313 2
314 2
315 2
316 2
317 1
318 1
319 0
320 2
321 2
322 0
323 0
324 0
325 0
326 0
327 0
328 0
329 0
330 0
331 0
332 0
333 0
334 0
335 0
336 0
337 0
338 0
339 0
340 0
341 0
342 2
343 0
344 0
345 0
346 0
347 0
348 0
349 0
350 2
351 0
352 1
353 0
354 0
355 2
356 1
357 2
358 0
359 2
360 0
361 0
362 0
363 0
364 2
365 0
366 0
367 0
368 2
369 0
370 0
371 2
372 0
373 0
374 0
375 0
376 0
377 0
378 0
379 0
380 1
381 2
382 2
383 2
384 2
385 0
386 2
387 2
388 1
389 2
390 2
391 0
392 2
393 2
394 2
395 2
396 1
397 0
398 2
399 2
400 1
401 2
402 2
403 2
404 2
405 2
406 2
407 2
408 0
409 2
410 2
411 2
412 2
413 2
414 2
415 2
416 2
417 2
418 2
419 2
420 2
421 2
422 2
423 2
424 2
425 2
426 2
427 2
428 1
429 1
430 1
431 0
432 2
433 1
434 1
435 1
436 1
437 2
438 2
439 2
440 0
441 1
442 2
443 2
444 2
445 2
446 2
447 2
448 2
449 0
450 0
451 0
452 0
453 2
454 0
455 2
456 2
457 2
458 1
459 1
460 0
461 2
462 1
463 1
464 1
465 1
466 1
467 1
468 0
469 2
470 1
471 0
472 0
473 0
474 1
475 0
476 0
477 2
478 0
479 0
480 0
481 0
482 0
483 0
484 0
485 0
486 1
487 0
488 0
489 0
490 0
491 0
492 0
493 0
494 0
495 0
496 0
497 0
498 0
499 0
500 0
501 0
502 1
503 1
504 1
505 1
506 1
507 1
508 1
509 1
510 2
511 1
512 2
513 2
514 2
515 2
516 2
517 2
518 2
519 2
520 2
521 2
522 2
523 2
524 2
525 2
526 2
527 2
528 2
529 1
530 1
531 1
532 1
533 1
534 1
535 0
536 0
537 0
538 0
539 0
540 1
541 2
542 1
543 2
544 2
545 1
546 2
547 2
548 1
549 0
550 0
551 0
552 0
553 0
554 0
555 0
556 0
557 2
558 0
559 2
560 2
561 1
562 2
563 2
564 1
565 1
566 1
567 1
568 1
569 1
570 1
571 0
572 1
573 1
574 0
575 0
576 1
577 1
578 1
579 0
580 1
581 0
582 0
583 0
584 0
585 0
586 0
587 0
588 0
589 0
590 0
591 0
592 0
593 0
594 0
595 2
596 2
597 1
598 0
599 2
600 1
601 2
602 0
603 0
604 0
605 0
606 0
607 0
608 0
609 2
610 2
611 0
612 0
613 2
614 2
615 2
616 2
617 2
618 2
619 2
620 2
621 2
622 0
623 1
624 1
625 2
626 1
627 2
628 2
629 1
630 2
631 1
632 0
633 2
634 0
635 2
636 2
637 1
638 1
639 1
640 1
641 1
642 1
643 1
644 1
645 1
646 2
647 2
648 2
649 0
650 0
651 0
652 1
653 2
654 1
655 1
656 2
657 1
658 1
659 1
660 1
661 1
662 0
663 0
664 0
665 0
666 0
667 1
668 0
669 0
670 1
671 1
672 0
673 0
674 0
675 0
676 0
677 0
678 0
679 2
680 0
681 2
682 0
683 0
684 0
685 0
686 0
687 0
688 0
689 0
690 1
691 1
692 1
693 1
694 1
695 1
696 2
697 2
698 1
699 1
700 2
701 1
702 1
703 2
704 0
705 0
706 0
707 1
708 2
709 0
710 2
711 1
712 1
713 0
714 2
715 0
716 1
717 1
718 2
719 0
720 1
721 0
722 0
723 2
724 2
725 2
726 2
727 0
728 2
729 2
730 0
731 1
732 1
733 2
734 0
735 1
736 0
737 0
738 2
739 0
740 1
741 1
742 1
743 0
744 2
745 1
746 1
747 1
748 2
749 1
750 1
751 1
752 0
753 1
754 1
755 2
756 0
757 1
758 0
759 0
760 0
761 0
