11 0
18 0
20 0
23 0
535 0
25 0
26 0
28 0
29 0
537 0
538 0
539 0
549 0
551 0
552 0
554 0
555 0
556 0
54 0
574 0
575 0
579 0
68 0
71 0
583 0
584 0
585 0
587 0
589 0
82 0
83 0
591 0
592 0
594 0
89 0
598 0
603 0
604 0
606 0
608 0
612 0
101 0
103 0
107 0
129 0
135 0
650 0
651 0
150 0
152 0
664 0
156 0
162 0
164 0
166 0
167 0
673 0
675 0
172 0
680 0
682 0
683 0
684 0
686 0
687 0
689 0
193 0
704 0
705 0
706 0
199 0
713 0
202 0
207 0
730 0
737 0
231 0
743 0
756 0
758 0
759 0
761 0
250 0
257 0
281 0
293 0
300 0
319 0
323 0
324 0
327 0
328 0
329 0
331 0
334 0
336 0
337 0
338 0
345 0
347 0
348 0
349 0
351 0
358 0
360 0
362 0
365 0
369 0
370 0
374 0
379 0
408 0
440 0
452 0
471 0
476 0
480 0
485 0
489 0
492 0
494 0
495 0
496 0
500 0
501 0
12 1
17 1
27 1
536 1
550 1
553 1
43 1
558 1
55 1
571 1
65 1
581 1
582 1
72 1
586 1
588 1
590 1
81 1
593 1
87 1
602 1
605 1
96 1
607 1
611 1
109 1
110 1
622 1
116 1
118 1
120 1
632 1
634 1
126 1
649 1
138 1
140 1
141 1
142 1
144 1
148 1
662 1
663 1
155 1
665 1
158 1
666 1
160 1
668 1
669 1
165 1
672 1
674 1
676 1
677 1
678 1
177 1
685 1
184 1
688 1
187 1
192 1
709 1
715 1
719 1
721 1
722 1
727 1
734 1
736 1
739 1
230 1
752 1
760 1
271 1
290 1
294 1
304 1
307 1
322 1
325 1
326 1
330 1
332 1
333 1
335 1
339 1
340 1
341 1
343 1
344 1
346 1
353 1
354 1
361 1
363 1
366 1
367 1
372 1
373 1
375 1
376 1
377 1
378 1
385 1
391 1
397 1
431 1
449 1
450 1
451 1
454 1
460 1
468 1
472 1
473 1
475 1
478 1
479 1
481 1
482 1
483 1
484 1
487 1
488 1
490 1
491 1
493 1
497 1
498 1
499 1