0 1 56
0 2 39
0 3 66
0 4 75
0 5 17
0 6 11
0 7 77
0 8 24
0 9 31
0 10 79
0 11 71
0 12 78
0 13 7
0 14 14
0 15 46
0 16 36
0 17 47
0 18 59
0 19 76
0 20 6
0 21 33
0 22 43
0 23 44
0 24 26
0 25 18
0 26 34
0 27 63
0 28 25
0 29 22
0 30 10
0 31 9
0 32 3
0 33 23
0 34 69
0 35 60
0 36 57
0 37 4
0 38 30
0 39 28
0 40 32
0 41 2
0 42 21
0 43 20
0 44 65
0 45 53
0 46 16
0 47 8
0 48 70
0 49 38
0 50 29
0 51 64
0 52 73
0 53 15
0 54 48
0 55 45
0 56 67
0 57 12
0 58 52
0 59 72
0 60 54
0 61 61
0 62 51
0 63 42
0 64 74
0 65 49
0 66 27
0 67 1
0 68 13
0 69 5
0 70 37
0 71 68
0 72 35
0 73 19
0 74 58
0 75 55
0 76 40
0 77 41
0 78 62
0 79 50
1 1 0
1 2 58
1 3 74
1 4 76
1 5 9
1 6 5
1 7 64
1 8 78
1 9 49
1 10 38
1 11 52
1 12 61
1 13 27
1 14 7
1 15 63
1 16 47
1 17 57
1 18 40
1 19 3
1 20 35
1 21 21
1 22 30
1 23 29
1 24 24
1 25 39
1 26 6
1 27 20
1 28 13
1 29 33
1 30 56
1 31 4
1 32 43
1 33 36
1 34 12
1 35 54
1 36 19
1 37 79
1 38 55
1 39 16
1 40 77
1 41 66
1 42 71
1 43 11
1 44 68
1 45 72
1 46 50
1 47 10
1 48 23
1 49 34
1 50 26
1 51 18
1 52 59
1 53 60
1 54 46
1 55 28
1 56 22
1 57 15
1 58 48
1 59 73
1 60 69
1 61 51
1 62 31
1 63 8
1 64 53
1 65 25
1 66 41
1 67 17
1 68 45
1 69 44
1 70 65
1 71 67
1 72 2
1 73 75
1 74 37
1 75 62
1 76 42
1 77 32
1 78 14
1 79 70
2 1 15
2 2 4
2 3 21
2 4 14
2 5 52
2 6 70
2 7 55
2 8 63
2 9 76
2 10 75
2 11 50
2 12 17
2 13 3
2 14 62
2 15 56
2 16 49
2 17 32
2 18 23
2 19 34
2 20 20
2 21 58
2 22 11
2 23 25
2 24 8
2 25 53
2 26 36
2 27 43
2 28 73
2 29 6
2 30 37
2 31 7
2 32 42
2 33 79
2 34 31
2 35 5
2 36 60
2 37 66
2 38 33
2 39 68
2 40 47
2 41 48
2 42 51
2 43 54
2 44 24
2 45 44
2 46 67
2 47 12
2 48 27
2 49 13
2 50 46
2 51 39
2 52 9
2 53 57
2 54 38
2 55 65
2 56 77
2 57 78
2 58 29
2 59 26
2 60 16
2 61 40
2 62 72
2 63 22
2 64 10
2 65 64
2 66 45
2 67 41
2 68 28
2 69 30
2 70 71
2 71 18
2 72 0
2 73 19
2 74 1
2 75 35
2 76 61
2 77 74
2 78 69
2 79 59
3 1 35
3 2 50
3 3 75
3 4 29
3 5 22
3 6 74
3 7 10
3 8 40
3 9 9
3 10 4
3 11 73
3 12 11
3 13 38
3 14 0
3 15 14
3 16 1
3 17 41
3 18 53
3 19 61
3 20 26
3 21 2
3 22 36
3 23 28
3 24 8
3 25 27
3 26 77
3 27 57
3 28 33
3 29 6
3 30 68
3 31 25
3 32 69
3 33 56
3 34 55
3 35 52
3 36 7
3 37 42
3 38 31
3 39 24
3 40 70
3 41 17
3 42 48
3 43 71
3 44 34
3 45 60
3 46 23
3 47 37
3 48 18
3 49 72
3 50 54
3 51 46
3 52 44
3 53 39
3 54 45
3 55 58
3 56 65
3 57 43
3 58 62
3 59 49
3 60 47
3 61 5
3 62 19
3 63 66
3 64 76
3 65 78
3 66 67
3 67 79
3 68 32
3 69 16
3 70 51
3 71 20
3 72 15
3 73 12
3 74 30
3 75 59
3 76 63
3 77 21
3 78 13
3 79 64
4 1 28
4 2 64
4 3 19
4 4 77
4 5 51
4 6 17
4 7 24
4 8 52
4 9 61
4 10 49
4 11 62
4 12 23
4 13 9
4 14 20
4 15 18
4 16 59
4 17 16
4 18 72
4 19 31
4 20 34
4 21 6
4 22 25
4 23 3
4 24 35
4 25 10
4 26 43
4 27 11
4 28 29
4 29 55
4 30 60
4 31 26
4 32 50
4 33 36
4 34 0
4 35 32
4 36 41
4 37 5
4 38 54
4 39 73
4 40 71
4 41 68
4 42 63
4 43 44
4 44 39
4 45 37
4 46 30
4 47 27
4 48 53
4 49 46
4 50 12
4 51 58
4 52 13
4 53 7
4 54 48
4 55 47
4 56 69
4 57 2
4 58 15
4 59 8
4 60 67
4 61 33
4 62 42
4 63 70
4 64 38
4 65 66
4 66 45
4 67 75
4 68 65
4 69 14
4 70 56
4 71 74
4 72 79
4 73 21
4 74 76
4 75 1
4 76 57
4 77 22
4 78 40
4 79 78
5 1 78
5 2 29
5 3 34
5 4 54
5 5 30
5 6 46
5 7 56
5 8 50
5 9 13
5 10 3
5 11 6
5 12 42
5 13 69
5 14 1
5 15 11
5 16 73
5 17 59
5 18 70
5 19 55
5 20 26
5 21 49
5 22 21
5 23 71
5 24 23
5 25 22
5 26 47
5 27 60
5 28 43
5 29 19
5 30 38
5 31 28
5 32 16
5 33 25
5 34 40
5 35 8
5 36 79
5 37 27
5 38 74
5 39 57
5 40 66
5 41 58
5 42 76
5 43 77
5 44 37
5 45 61
5 46 41
5 47 35
5 48 53
5 49 75
5 50 10
5 51 63
5 52 2
5 53 14
5 54 15
5 55 0
5 56 51
5 57 65
5 58 7
5 59 68
5 60 36
5 61 4
5 62 17
5 63 64
5 64 67
5 65 33
5 66 24
5 67 32
5 68 48
5 69 45
5 70 20
5 71 72
5 72 18
5 73 9
5 74 39
5 75 44
5 76 12
5 77 31
5 78 52
5 79 62
6 1 63
6 2 38
6 3 30
6 4 37
6 5 59
6 6 3
6 7 13
6 8 21
6 9 49
6 10 18
6 11 39
6 12 66
6 13 2
6 14 55
6 15 28
6 16 56
6 17 51
6 18 64
6 19 52
6 20 60
6 21 0
6 22 32
6 23 74
6 24 11
6 25 16
6 26 71
6 27 65
6 28 4
6 29 20
6 30 23
6 31 54
6 32 33
6 33 36
6 34 72
6 35 78
6 36 8
6 37 26
6 38 29
6 39 22
6 40 46
6 41 27
6 42 58
6 43 10
6 44 44
6 45 68
6 46 35
6 47 70
6 48 43
6 49 19
6 50 57
6 51 15
6 52 34
6 53 25
6 54 47
6 55 79
6 56 5
6 57 31
6 58 77
6 59 42
6 60 9
6 61 62
6 62 14
6 63 61
6 64 12
6 65 50
6 66 40
6 67 75
6 68 69
6 69 17
6 70 73
6 71 45
6 72 67
6 73 48
6 74 24
6 75 76
6 76 1
6 77 7
6 78 41
6 79 53
7 1 3
7 2 45
7 3 31
7 4 33
7 5 26
7 6 52
7 7 24
7 8 51
7 9 42
7 10 17
7 11 72
7 12 27
7 13 30
7 14 46
7 15 8
7 16 79
7 17 74
7 18 2
7 19 68
7 20 59
7 21 34
7 22 43
7 23 13
7 24 57
7 25 53
7 26 61
7 27 41
7 28 38
7 29 65
7 30 70
7 31 32
7 32 58
7 33 1
7 34 29
7 35 11
7 36 12
7 37 54
7 38 40
7 39 48
7 40 64
7 41 23
7 42 35
7 43 39
7 44 60
7 45 4
7 46 22
7 47 19
7 48 28
7 49 73
7 50 67
7 51 69
7 52 75
7 53 15
7 54 0
7 55 37
7 56 50
7 57 76
7 58 62
7 59 18
7 60 77
7 61 56
7 62 20
7 63 25
7 64 47
7 65 10
7 66 9
7 67 78
7 68 36
7 69 5
7 70 55
7 71 66
7 72 16
7 73 63
7 74 49
7 75 6
7 76 71
7 77 21
7 78 44
7 79 14
8 1 59
8 2 32
8 3 76
8 4 67
8 5 52
8 6 12
8 7 39
8 8 35
8 9 6
8 10 25
8 11 49
8 12 51
8 13 13
8 14 40
8 15 41
8 16 7
8 17 16
8 18 19
8 19 68
8 20 23
8 21 38
8 22 26
8 23 3
8 24 24
8 25 72
8 26 55
8 27 15
8 28 18
8 29 71
8 30 20
8 31 17
8 32 65
8 33 70
8 34 1
8 35 28
8 36 10
8 37 62
8 38 79
8 39 54
8 40 36
8 41 50
8 42 29
8 43 27
8 44 22
8 45 31
8 46 4
8 47 57
8 48 53
8 49 64
8 50 63
8 51 75
8 52 74
8 53 11
8 54 47
8 55 33
8 56 78
8 57 69
8 58 34
8 59 48
8 60 0
8 61 14
8 62 9
8 63 2
8 64 46
8 65 56
8 66 60
8 67 42
8 68 73
8 69 66
8 70 45
8 71 58
8 72 21
8 73 43
8 74 44
8 75 5
8 76 61
8 77 30
8 78 77
8 79 37
9 1 5
9 2 43
9 3 56
9 4 59
9 5 76
9 6 25
9 7 72
9 8 39
9 9 55
9 10 38
9 11 30
9 12 57
9 13 41
9 14 44
9 15 24
9 16 0
9 17 35
9 18 50
9 19 61
9 20 74
9 21 52
9 22 48
9 23 75
9 24 4
9 25 10
9 26 47
9 27 29
9 28 8
9 29 69
9 30 3
9 31 46
9 32 20
9 33 54
9 34 60
9 35 22
9 36 73
9 37 33
9 38 18
9 39 63
9 40 45
9 41 36
9 42 62
9 43 71
9 44 31
9 45 49
9 46 7
9 47 68
9 48 16
9 49 2
9 50 64
9 51 67
9 52 11
9 53 34
9 54 15
9 55 21
9 56 51
9 57 77
9 58 26
9 59 53
9 60 1
9 61 6
9 62 12
9 63 13
9 64 79
9 65 17
9 66 23
9 67 27
9 68 58
9 69 70
9 70 78
9 71 32
9 72 42
9 73 37
9 74 28
9 75 65
9 76 14
9 77 40
9 78 66
9 79 19
10 1 18
10 2 36
10 3 6
10 4 28
10 5 74
10 6 32
10 7 0
10 8 9
10 9 38
10 10 77
10 11 71
10 12 50
10 13 54
10 14 59
10 15 2
10 16 3
10 17 24
10 18 12
10 19 60
10 20 52
10 21 43
10 22 55
10 23 46
10 24 22
10 25 45
10 26 33
10 27 76
10 28 64
10 29 27
10 30 17
10 31 66
10 32 53
10 33 49
10 34 69
10 35 20
10 36 42
10 37 58
10 38 63
10 39 68
10 40 8
10 41 11
10 42 48
10 43 5
10 44 62
10 45 16
10 46 7
10 47 40
10 48 13
10 49 67
10 50 29
10 51 70
10 52 61
10 53 19
10 54 30
10 55 14
10 56 78
10 57 15
10 58 65
10 59 25
10 60 44
10 61 47
10 62 72
10 63 35
10 64 79
10 65 41
10 66 1
10 67 75
10 68 4
10 69 31
10 70 21
10 71 26
10 72 56
10 73 51
10 74 39
10 75 37
10 76 23
10 77 34
10 78 73
10 79 57
11 1 27
11 2 45
11 3 36
11 4 32
11 5 21
11 6 49
11 7 65
11 8 30
11 9 15
11 10 5
11 11 12
11 12 37
11 13 33
11 14 50
11 15 55
11 16 4
11 17 78
11 18 64
11 19 51
11 20 79
11 21 2
11 22 43
11 23 47
11 24 48
11 25 35
11 26 44
11 27 17
11 28 34
11 29 38
11 30 76
11 31 24
11 32 74
11 33 7
11 34 69
11 35 0
11 36 60
11 37 40
11 38 62
11 39 61
11 40 23
11 41 25
11 42 59
11 43 1
11 44 73
11 45 26
11 46 56
11 47 66
11 48 70
11 49 16
11 50 63
11 51 13
11 52 10
11 53 8
11 54 6
11 55 29
11 56 3
11 57 18
11 58 54
11 59 57
11 60 67
11 61 46
11 62 53
11 63 75
11 64 72
11 65 58
11 66 22
11 67 9
11 68 14
11 69 31
11 70 71
11 71 20
11 72 39
11 73 19
11 74 41
11 75 28
11 76 68
11 77 52
11 78 42
11 79 77
12 1 61
12 2 52
12 3 41
12 4 2
12 5 8
12 6 56
12 7 46
12 8 30
12 9 20
12 10 67
12 11 39
12 12 35
12 13 1
12 14 25
12 15 7
12 16 47
12 17 42
12 18 16
12 19 65
12 20 76
12 21 55
12 22 45
12 23 15
12 24 75
12 25 73
12 26 28
12 27 27
12 28 3
12 29 58
12 30 22
12 31 49
12 32 48
12 33 72
12 34 53
12 35 74
12 36 63
12 37 57
12 38 38
12 39 21
12 40 64
12 41 54
12 42 62
12 43 69
12 44 66
12 45 9
12 46 32
12 47 59
12 48 4
12 49 36
12 50 11
12 51 79
12 52 77
12 53 10
12 54 71
12 55 17
12 56 26
12 57 51
12 58 44
12 59 24
12 60 68
12 61 6
12 62 50
12 63 33
12 64 18
12 65 19
12 66 13
12 67 40
12 68 23
12 69 0
12 70 34
12 71 31
12 72 60
12 73 14
12 74 29
12 75 37
12 76 5
12 77 70
12 78 78
12 79 43
13 1 3
13 2 2
13 3 47
13 4 50
13 5 26
13 6 74
13 7 37
13 8 71
13 9 41
13 10 45
13 11 53
13 12 60
13 13 38
13 14 79
13 15 54
13 16 6
13 17 18
13 18 27
13 19 36
13 20 55
13 21 8
13 22 67
13 23 68
13 24 11
13 25 42
13 26 29
13 27 46
13 28 52
13 29 78
13 30 39
13 31 58
13 32 7
13 33 63
13 34 43
13 35 12
13 36 59
13 37 77
13 38 14
13 39 64
13 40 5
13 41 65
13 42 28
13 43 49
13 44 34
13 45 30
13 46 75
13 47 31
13 48 69
13 49 66
13 50 73
13 51 48
13 52 62
13 53 61
13 54 15
13 55 72
13 56 0
13 57 70
13 58 23
13 59 20
13 60 21
13 61 44
13 62 1
13 63 33
13 64 32
13 65 4
13 66 56
13 67 16
13 68 24
13 69 35
13 70 76
13 71 9
13 72 40
13 73 22
13 74 17
13 75 25
13 76 10
13 77 51
13 78 57
13 79 19
14 1 57
14 2 16
14 3 56
14 4 74
14 5 18
14 6 10
14 7 52
14 8 53
14 9 69
14 10 63
14 11 15
14 12 5
14 13 70
14 14 32
14 15 45
14 16 42
14 17 75
14 18 72
14 19 21
14 20 41
14 21 4
14 22 39
14 23 19
14 24 67
14 25 29
14 26 36
14 27 44
14 28 23
14 29 12
14 30 31
14 31 35
14 32 62
14 33 64
14 34 38
14 35 25
14 36 3
14 37 34
14 38 43
14 39 22
14 40 24
14 41 30
14 42 58
14 43 2
14 44 51
14 45 71
14 46 11
14 47 7
14 48 9
14 49 33
14 50 13
14 51 78
14 52 73
14 53 40
14 54 48
14 55 47
14 56 61
14 57 77
14 58 1
14 59 55
14 60 37
14 61 76
14 62 79
14 63 17
14 64 60
14 65 26
14 66 66
14 67 20
14 68 46
14 69 49
14 70 27
14 71 0
14 72 68
14 73 6
14 74 28
14 75 54
14 76 59
14 77 8
14 78 50
14 79 65
15 1 69
15 2 67
15 3 73
15 4 46
15 5 6
15 6 77
15 7 36
15 8 72
15 9 21
15 10 48
15 11 58
15 12 23
15 13 32
15 14 39
15 15 17
15 16 33
15 17 34
15 18 76
15 19 10
15 20 49
15 21 59
15 22 79
15 23 8
15 24 61
15 25 53
15 26 68
15 27 26
15 28 42
15 29 1
15 30 13
15 31 56
15 32 31
15 33 22
15 34 43
15 35 12
15 36 65
15 37 55
15 38 11
15 39 16
15 40 24
15 41 37
15 42 52
15 43 20
15 44 25
15 45 38
15 46 27
15 47 3
15 48 78
15 49 71
15 50 50
15 51 70
15 52 35
15 53 0
15 54 57
15 55 29
15 56 18
15 57 14
15 58 40
15 59 5
15 60 19
15 61 66
15 62 74
15 63 7
15 64 60
15 65 28
15 66 45
15 67 63
15 68 64
15 69 30
15 70 75
15 71 44
15 72 9
15 73 54
15 74 2
15 75 51
15 76 62
15 77 41
15 78 4
15 79 47
16 1 4
16 2 78
16 3 27
16 4 39
16 5 68
16 6 56
16 7 44
16 8 29
16 9 62
16 10 61
16 11 63
16 12 3
16 13 1
16 14 66
16 15 0
16 16 46
16 17 12
16 18 67
16 19 2
16 20 14
16 21 26
16 22 23
16 23 70
16 24 60
16 25 43
16 26 20
16 27 71
16 28 76
16 29 73
16 30 64
16 31 40
16 32 59
16 33 8
16 34 31
16 35 41
16 36 21
16 37 30
16 38 36
16 39 7
16 40 24
16 41 69
16 42 10
16 43 50
16 44 25
16 45 11
16 46 57
16 47 18
16 48 33
16 49 37
16 50 79
16 51 65
16 52 47
16 53 58
16 54 45
16 55 9
16 56 15
16 57 48
16 58 32
16 59 34
16 60 53
16 61 51
16 62 77
16 63 35
16 64 5
16 65 54
16 66 17
16 67 38
16 68 55
16 69 74
16 70 19
16 71 42
16 72 49
16 73 28
16 74 72
16 75 22
16 76 13
16 77 52
16 78 6
16 79 75
17 1 62
17 2 29
17 3 69
17 4 67
17 5 53
17 6 44
17 7 75
17 8 0
17 9 39
17 10 34
17 11 50
17 12 77
17 13 47
17 14 1
17 15 25
17 16 15
17 17 33
17 18 57
17 19 41
17 20 23
17 21 18
17 22 65
17 23 42
17 24 54
17 25 32
17 26 27
17 27 5
17 28 2
17 29 30
17 30 51
17 31 78
17 32 43
17 33 26
17 34 14
17 35 16
17 36 12
17 37 79
17 38 13
17 39 46
17 40 10
17 41 55
17 42 48
17 43 7
17 44 8
17 45 73
17 46 70
17 47 6
17 48 9
17 49 37
17 50 60
17 51 24
17 52 59
17 53 56
17 54 3
17 55 4
17 56 52
17 57 45
17 58 38
17 59 40
17 60 58
17 61 66
17 62 64
17 63 61
17 64 76
17 65 68
17 66 11
17 67 72
17 68 21
17 69 28
17 70 22
17 71 20
17 72 74
17 73 71
17 74 31
17 75 49
17 76 19
17 77 63
17 78 35
17 79 36
18 1 3
18 2 76
18 3 35
18 4 73
18 5 59
18 6 64
18 7 0
18 8 31
18 9 37
18 10 9
18 11 54
18 12 4
18 13 79
18 14 57
18 15 65
18 16 72
18 17 1
18 18 51
18 19 42
18 20 45
18 21 5
18 22 60
18 23 46
18 24 8
18 25 22
18 26 48
18 27 77
18 28 29
18 29 71
18 30 69
18 31 21
18 32 58
18 33 53
18 34 17
18 35 33
18 36 78
18 37 62
18 38 12
18 39 56
18 40 26
18 41 63
18 42 15
18 43 74
18 44 68
18 45 70
18 46 47
18 47 27
18 48 39
18 49 43
18 50 66
18 51 67
18 52 6
18 53 40
18 54 23
18 55 24
18 56 36
18 57 49
18 58 2
18 59 41
18 60 30
18 61 38
18 62 50
18 63 13
18 64 25
18 65 44
18 66 14
18 67 19
18 68 10
18 69 52
18 70 16
18 71 55
18 72 28
18 73 11
18 74 32
18 75 20
18 76 34
18 77 61
18 78 75
18 79 7
19 1 66
19 2 12
19 3 54
19 4 58
19 5 38
19 6 18
19 7 8
19 8 60
19 9 10
19 10 39
19 11 2
19 12 4
19 13 47
19 14 52
19 15 32
19 16 43
19 17 59
19 18 72
19 19 53
19 20 15
19 21 55
19 22 46
19 23 48
19 24 30
19 25 20
19 26 69
19 27 23
19 28 56
19 29 17
19 30 45
19 31 27
19 32 68
19 33 70
19 34 36
19 35 44
19 36 22
19 37 34
19 38 74
19 39 21
19 40 6
19 41 25
19 42 11
19 43 71
19 44 9
19 45 14
19 46 79
19 47 35
19 48 24
19 49 57
19 50 16
19 51 63
19 52 31
19 53 76
19 54 33
19 55 64
19 56 50
19 57 1
19 58 65
19 59 41
19 60 51
19 61 5
19 62 67
19 63 7
19 64 29
19 65 3
19 66 26
19 67 0
19 68 73
19 69 40
19 70 78
19 71 42
19 72 13
19 73 28
19 74 61
19 75 62
19 76 77
19 77 37
19 78 75
19 79 49
20 1 18
20 2 42
20 3 39
20 4 19
20 5 25
20 6 4
20 7 24
20 8 30
20 9 40
20 10 43
20 11 10
20 12 22
20 13 77
20 14 70
20 15 35
20 16 50
20 17 31
20 18 53
20 19 23
20 20 46
20 21 67
20 22 76
20 23 52
20 24 65
20 25 49
20 26 66
20 27 3
20 28 2
20 29 8
20 30 36
20 31 62
20 32 44
20 33 38
20 34 79
20 35 17
20 36 60
20 37 45
20 38 26
20 39 61
20 40 32
20 41 69
20 42 56
20 43 51
20 44 57
20 45 59
20 46 47
20 47 7
20 48 28
20 49 55
20 50 48
20 51 68
20 52 78
20 53 0
20 54 41
20 55 73
20 56 27
20 57 33
20 58 12
20 59 1
20 60 64
20 61 6
20 62 63
20 63 74
20 64 16
20 65 75
20 66 13
20 67 29
20 68 58
20 69 5
20 70 14
20 71 34
20 72 37
20 73 72
20 74 71
20 75 21
20 76 15
20 77 9
20 78 11
20 79 54
21 1 12
21 2 75
21 3 5
21 4 24
21 5 70
21 6 59
21 7 68
21 8 32
21 9 39
21 10 62
21 11 20
21 12 48
21 13 18
21 14 19
21 15 3
21 16 36
21 17 71
21 18 58
21 19 53
21 20 14
21 21 54
21 22 44
21 23 73
21 24 74
21 25 63
21 26 0
21 27 60
21 28 4
21 29 38
21 30 6
21 31 65
21 32 33
21 33 46
21 34 45
21 35 23
21 36 30
21 37 52
21 38 2
21 39 50
21 40 69
21 41 41
21 42 56
21 43 34
21 44 43
21 45 13
21 46 27
21 47 51
21 48 15
21 49 64
21 50 16
21 51 37
21 52 40
21 53 76
21 54 1
21 55 42
21 56 57
21 57 67
21 58 79
21 59 9
21 60 66
21 61 8
21 62 28
21 63 22
21 64 35
21 65 72
21 66 78
21 67 29
21 68 49
21 69 47
21 70 10
21 71 61
21 72 26
21 73 17
21 74 31
21 75 11
21 76 7
21 77 55
21 78 25
21 79 77
22 1 24
22 2 34
22 3 5
22 4 73
22 5 17
22 6 57
22 7 35
22 8 79
22 9 70
22 10 55
22 11 71
22 12 30
22 13 76
22 14 77
22 15 62
22 16 16
22 17 19
22 18 67
22 19 36
22 20 26
22 21 59
22 22 47
22 23 15
22 24 41
22 25 33
22 26 42
22 27 66
22 28 31
22 29 50
22 30 69
22 31 13
22 32 8
22 33 2
22 34 7
22 35 6
22 36 78
22 37 12
22 38 23
22 39 1
22 40 39
22 41 54
22 42 37
22 43 28
22 44 53
22 45 68
22 46 21
22 47 61
22 48 20
22 49 32
22 50 38
22 51 14
22 52 4
22 53 65
22 54 9
22 55 29
22 56 43
22 57 56
22 58 11
22 59 75
22 60 49
22 61 52
22 62 25
22 63 60
22 64 27
22 65 40
22 66 3
22 67 45
22 68 58
22 69 18
22 70 63
22 71 51
22 72 0
22 73 44
22 74 10
22 75 64
22 76 46
22 77 48
22 78 74
22 79 72
23 1 77
23 2 41
23 3 0
23 4 47
23 5 53
23 6 67
23 7 35
23 8 7
23 9 32
23 10 29
23 11 79
23 12 8
23 13 12
23 14 33
23 15 27
23 16 14
23 17 56
23 18 36
23 19 5
23 20 39
23 21 40
23 22 50
23 23 31
23 24 72
23 25 17
23 26 58
23 27 43
23 28 49
23 29 21
23 30 25
23 31 57
23 32 13
23 33 59
23 34 16
23 35 28
23 36 68
23 37 45
23 38 18
23 39 60
23 40 61
23 41 15
23 42 24
23 43 64
23 44 20
23 45 38
23 46 54
23 47 63
23 48 66
23 49 69
23 50 3
23 51 74
23 52 11
23 53 51
23 54 65
23 55 55
23 56 22
23 57 26
23 58 70
23 59 2
23 60 46
23 61 52
23 62 6
23 63 37
23 64 10
23 65 30
23 66 19
23 67 44
23 68 73
23 69 75
23 70 34
23 71 9
23 72 4
23 73 71
23 74 42
23 75 76
23 76 1
23 77 78
23 78 48
23 79 62
24 1 62
24 2 51
24 3 52
24 4 37
24 5 67
24 6 54
24 7 32
24 8 36
24 9 19
24 10 47
24 11 43
24 12 23
24 13 5
24 14 0
24 15 40
24 16 8
24 17 49
24 18 15
24 19 2
24 20 70
24 21 69
24 22 7
24 23 44
24 24 9
24 25 31
24 26 73
24 27 35
24 28 28
24 29 66
24 30 13
24 31 45
24 32 74
24 33 65
24 34 48
24 35 26
24 36 42
24 37 22
24 38 77
24 39 10
24 40 61
24 41 16
24 42 29
24 43 38
24 44 25
24 45 41
24 46 64
24 47 11
24 48 3
24 49 33
24 50 4
24 51 57
24 52 60
24 53 12
24 54 20
24 55 78
24 56 14
24 57 18
24 58 56
24 59 55
24 60 59
24 61 1
24 62 76
24 63 17
24 64 30
24 65 68
24 66 39
24 67 72
24 68 6
24 69 63
24 70 79
24 71 53
24 72 71
24 73 58
24 74 75
24 75 34
24 76 21
24 77 46
24 78 27
24 79 50
25 1 78
25 2 47
25 3 13
25 4 12
25 5 42
25 6 16
25 7 37
25 8 65
25 9 23
25 10 36
25 11 18
25 12 24
25 13 54
25 14 64
25 15 28
25 16 20
25 17 61
25 18 73
25 19 40
25 20 27
25 21 71
25 22 49
25 23 9
25 24 39
25 25 66
25 26 26
25 27 5
25 28 48
25 29 53
25 30 2
25 31 30
25 32 10
25 33 0
25 34 4
25 35 70
25 36 74
25 37 41
25 38 14
25 39 15
25 40 56
25 41 68
25 42 62
25 43 72
25 44 32
25 45 44
25 46 19
25 47 34
25 48 45
25 49 59
25 50 58
25 51 22
25 52 38
25 53 77
25 54 75
25 55 63
25 56 3
25 57 67
25 58 43
25 59 50
25 60 7
25 61 60
25 62 69
25 63 55
25 64 29
25 65 1
25 66 11
25 67 8
25 68 51
25 69 79
25 70 57
25 71 17
25 72 6
25 73 46
25 74 21
25 75 35
25 76 76
25 77 33
25 78 52
25 79 31
26 1 73
26 2 33
26 3 40
26 4 74
26 5 75
26 6 62
26 7 30
26 8 0
26 9 31
26 10 29
26 11 1
26 12 13
26 13 6
26 14 27
26 15 41
26 16 7
26 17 78
26 18 38
26 19 54
26 20 63
26 21 23
26 22 67
26 23 3
26 24 37
26 25 76
26 26 55
26 27 17
26 28 20
26 29 11
26 30 60
26 31 69
26 32 42
26 33 2
26 34 16
26 35 10
26 36 36
26 37 59
26 38 66
26 39 44
26 40 35
26 41 47
26 42 49
26 43 9
26 44 43
26 45 8
26 46 57
26 47 14
26 48 52
26 49 50
26 50 48
26 51 64
26 52 77
26 53 70
26 54 58
26 55 79
26 56 24
26 57 25
26 58 61
26 59 4
26 60 32
26 61 28
26 62 72
26 63 19
26 64 53
26 65 15
26 66 12
26 67 46
26 68 22
26 69 18
26 70 68
26 71 51
26 72 5
26 73 34
26 74 65
26 75 71
26 76 39
26 77 56
26 78 21
26 79 45
27 1 69
27 2 66
27 3 55
27 4 65
27 5 29
27 6 4
27 7 35
27 8 61
27 9 44
27 10 9
27 11 77
27 12 63
27 13 45
27 14 70
27 15 40
27 16 52
27 17 0
27 18 46
27 19 12
27 20 22
27 21 54
27 22 13
27 23 50
27 24 79
27 25 31
27 26 76
27 27 42
27 28 7
27 29 56
27 30 62
27 31 47
27 32 67
27 33 25
27 34 58
27 35 48
27 36 8
27 37 14
27 38 10
27 39 36
27 40 28
27 41 64
27 42 41
27 43 26
27 44 2
27 45 5
27 46 51
27 47 78
27 48 43
27 49 37
27 50 3
27 51 38
27 52 17
27 53 53
27 54 33
27 55 15
27 56 71
27 57 32
27 58 39
27 59 74
27 60 49
27 61 24
27 62 68
27 63 19
27 64 23
27 65 21
27 66 34
27 67 72
27 68 73
27 69 1
27 70 16
27 71 30
27 72 60
27 73 6
27 74 59
27 75 18
27 76 11
27 77 57
27 78 75
27 79 20
28 1 8
28 2 34
28 3 42
28 4 29
28 5 24
28 6 45
28 7 1
28 8 23
28 9 2
28 10 18
28 11 4
28 12 36
28 13 65
28 14 61
28 15 13
28 16 7
28 17 78
28 18 48
28 19 6
28 20 64
28 21 50
28 22 33
28 23 21
28 24 51
28 25 35
28 26 57
28 27 19
28 28 43
28 29 46
28 30 44
28 31 12
28 32 79
28 33 30
28 34 66
28 35 25
28 36 27
28 37 67
28 38 52
28 39 41
28 40 55
28 41 5
28 42 60
28 43 17
28 44 49
28 45 69
28 46 10
28 47 47
28 48 39
28 49 75
28 50 74
28 51 71
28 52 76
28 53 63
28 54 72
28 55 73
28 56 3
28 57 40
28 58 77
28 59 37
28 60 59
28 61 70
28 62 56
28 63 53
28 64 31
28 65 32
28 66 54
28 67 9
28 68 38
28 69 16
28 70 14
28 71 15
28 72 11
28 73 0
28 74 68
28 75 26
28 76 62
28 77 22
28 78 58
28 79 20
29 1 5
29 2 64
29 3 59
29 4 4
29 5 63
29 6 50
29 7 78
29 8 42
29 9 76
29 10 35
29 11 47
29 12 75
29 13 61
29 14 58
29 15 65
29 16 48
29 17 53
29 18 44
29 19 16
29 20 23
29 21 69
29 22 22
29 23 25
29 24 24
29 25 51
29 26 71
29 27 32
29 28 3
29 29 18
29 30 72
29 31 68
29 32 52
29 33 70
29 34 55
29 35 66
29 36 74
29 37 6
29 38 10
29 39 73
29 40 77
29 41 7
29 42 30
29 43 38
29 44 11
29 45 40
29 46 1
29 47 28
29 48 36
29 49 37
29 50 20
29 51 49
29 52 14
29 53 12
29 54 60
29 55 79
29 56 67
29 57 9
29 58 31
29 59 45
29 60 43
29 61 39
29 62 8
29 63 19
29 64 15
29 65 62
29 66 27
29 67 26
29 68 33
29 69 57
29 70 56
29 71 0
29 72 2
29 73 13
29 74 34
29 75 46
29 76 17
29 77 41
29 78 54
29 79 21
30 1 18
30 2 28
30 3 51
30 4 41
30 5 37
30 6 43
30 7 52
30 8 56
30 9 59
30 10 13
30 11 16
30 12 25
30 13 60
30 14 47
30 15 11
30 16 15
30 17 29
30 18 66
30 19 35
30 20 57
30 21 17
30 22 72
30 23 31
30 24 45
30 25 38
30 26 23
30 27 27
30 28 68
30 29 46
30 30 54
30 31 61
30 32 65
30 33 32
30 34 6
30 35 55
30 36 4
30 37 50
30 38 2
30 39 76
30 40 48
30 41 34
30 42 20
30 43 33
30 44 58
30 45 9
30 46 67
30 47 40
30 48 7
30 49 12
30 50 79
30 51 64
30 52 78
30 53 39
30 54 36
30 55 21
30 56 5
30 57 42
30 58 70
30 59 26
30 60 10
30 61 75
30 62 69
30 63 53
30 64 14
30 65 77
30 66 22
30 67 74
30 68 62
30 69 19
30 70 49
30 71 73
30 72 63
30 73 8
30 74 1
30 75 24
30 76 71
30 77 3
30 78 0
30 79 44
31 1 67
31 2 37
31 3 3
31 4 60
31 5 38
31 6 55
31 7 68
31 8 59
31 9 62
31 10 24
31 11 76
31 12 30
31 13 18
31 14 53
31 15 4
31 16 16
31 17 71
31 18 14
31 19 42
31 20 33
31 21 29
31 22 45
31 23 43
31 24 41
31 25 61
31 26 13
31 27 25
31 28 54
31 29 63
31 30 44
31 31 32
31 32 22
31 33 26
31 34 47
31 35 2
31 36 69
31 37 72
31 38 49
31 39 6
31 40 78
31 41 9
31 42 56
31 43 7
31 44 75
31 45 58
31 46 51
31 47 11
31 48 0
31 49 19
31 50 46
31 51 10
31 52 12
31 53 28
31 54 21
31 55 40
31 56 5
31 57 74
31 58 1
31 59 35
31 60 48
31 61 50
31 62 79
31 63 34
31 64 27
31 65 66
31 66 36
31 67 70
31 68 77
31 69 52
31 70 15
31 71 57
31 72 73
31 73 23
31 74 20
31 75 17
31 76 65
31 77 64
31 78 39
31 79 8
32 1 47
32 2 28
32 3 8
32 4 78
32 5 10
32 6 60
32 7 29
32 8 16
32 9 66
32 10 36
32 11 56
32 12 19
32 13 46
32 14 72
32 15 18
32 16 51
32 17 35
32 18 49
32 19 69
32 20 7
32 21 4
32 22 41
32 23 63
32 24 64
32 25 70
32 26 9
32 27 58
32 28 27
32 29 23
32 30 74
32 31 73
32 32 6
32 33 12
32 34 17
32 35 2
32 36 20
32 37 30
32 38 44
32 39 26
32 40 76
32 41 42
32 42 37
32 43 79
32 44 54
32 45 61
32 46 77
32 47 39
32 48 50
32 49 55
32 50 1
32 51 52
32 52 24
32 53 5
32 54 22
32 55 53
32 56 43
32 57 21
32 58 45
32 59 75
32 60 33
32 61 57
32 62 3
32 63 25
32 64 0
32 65 15
32 66 40
32 67 71
32 68 38
32 69 14
32 70 65
32 71 68
32 72 13
32 73 31
32 74 11
32 75 48
32 76 59
32 77 34
32 78 67
32 79 62
33 1 17
33 2 35
33 3 42
33 4 65
33 5 63
33 6 74
33 7 11
33 8 45
33 9 55
33 10 77
33 11 23
33 12 5
33 13 3
33 14 50
33 15 31
33 16 21
33 17 28
33 18 49
33 19 12
33 20 48
33 21 54
33 22 20
33 23 66
33 24 69
33 25 22
33 26 53
33 27 0
33 28 27
33 29 43
33 30 7
33 31 25
33 32 51
33 33 73
33 34 24
33 35 67
33 36 4
33 37 6
33 38 72
33 39 1
33 40 47
33 41 71
33 42 32
33 43 58
33 44 26
33 45 52
33 46 18
33 47 15
33 48 64
33 49 68
33 50 37
33 51 44
33 52 61
33 53 16
33 54 36
33 55 79
33 56 75
33 57 57
33 58 9
33 59 56
33 60 41
33 61 39
33 62 30
33 63 60
33 64 34
33 65 38
33 66 2
33 67 10
33 68 29
33 69 8
33 70 62
33 71 70
33 72 19
33 73 76
33 74 59
33 75 13
33 76 40
33 77 78
33 78 14
33 79 46
34 1 61
34 2 43
34 3 37
34 4 72
34 5 27
34 6 64
34 7 55
34 8 45
34 9 9
34 10 59
34 11 2
34 12 76
34 13 4
34 14 21
34 15 71
34 16 28
34 17 67
34 18 58
34 19 12
34 20 25
34 21 24
34 22 47
34 23 75
34 24 51
34 25 11
34 26 6
34 27 38
34 28 48
34 29 1
34 30 35
34 31 30
34 32 65
34 33 15
34 34 41
34 35 31
34 36 60
34 37 8
34 38 13
34 39 69
34 40 33
34 41 57
34 42 66
34 43 17
34 44 77
34 45 22
34 46 26
34 47 16
34 48 78
34 49 62
34 50 3
34 51 7
34 52 54
34 53 70
34 54 50
34 55 68
34 56 42
34 57 10
34 58 14
34 59 53
34 60 46
34 61 73
34 62 29
34 63 52
34 64 23
34 65 5
34 66 18
34 67 63
34 68 79
34 69 44
34 70 32
34 71 56
34 72 36
34 73 20
34 74 0
34 75 74
34 76 49
34 77 19
34 78 39
34 79 40
35 1 76
35 2 12
35 3 71
35 4 47
35 5 2
35 6 29
35 7 44
35 8 63
35 9 77
35 10 58
35 11 69
35 12 40
35 13 26
35 14 7
35 15 62
35 16 22
35 17 41
35 18 8
35 19 73
35 20 43
35 21 53
35 22 48
35 23 39
35 24 65
35 25 31
35 26 51
35 27 50
35 28 18
35 29 4
35 30 56
35 31 6
35 32 11
35 33 23
35 34 3
35 35 15
35 36 36
35 37 19
35 38 61
35 39 60
35 40 10
35 41 42
35 42 25
35 43 52
35 44 70
35 45 59
35 46 68
35 47 45
35 48 5
35 49 20
35 50 46
35 51 30
35 52 74
35 53 28
35 54 33
35 55 1
35 56 67
35 57 14
35 58 57
35 59 24
35 60 54
35 61 37
35 62 13
35 63 21
35 64 64
35 65 75
35 66 55
35 67 16
35 68 49
35 69 9
35 70 0
35 71 17
35 72 66
35 73 34
35 74 72
35 75 79
35 76 27
35 77 38
35 78 32
35 79 78
36 1 23
36 2 13
36 3 60
36 4 21
36 5 56
36 6 4
36 7 45
36 8 15
36 9 61
36 10 70
36 11 20
36 12 29
36 13 71
36 14 2
36 15 22
36 16 57
36 17 63
36 18 52
36 19 55
36 20 44
36 21 17
36 22 9
36 23 8
36 24 73
36 25 75
36 26 39
36 27 77
36 28 78
36 29 53
36 30 59
36 31 30
36 32 69
36 33 14
36 34 74
36 35 7
36 36 68
36 37 6
36 38 40
36 39 1
36 40 19
36 41 67
36 42 47
36 43 35
36 44 37
36 45 33
36 46 31
36 47 50
36 48 26
36 49 38
36 50 0
36 51 66
36 52 16
36 53 28
36 54 51
36 55 62
36 56 65
36 57 46
36 58 76
36 59 5
36 60 11
36 61 42
36 62 18
36 63 79
36 64 58
36 65 3
36 66 48
36 67 32
36 68 12
36 69 25
36 70 64
36 71 41
36 72 27
36 73 34
36 74 72
36 75 49
36 76 10
36 77 43
36 78 54
36 79 24
37 1 40
37 2 65
37 3 25
37 4 19
37 5 22
37 6 58
37 7 64
37 8 50
37 9 23
37 10 51
37 11 47
37 12 8
37 13 38
37 14 45
37 15 1
37 16 41
37 17 72
37 18 4
37 19 61
37 20 15
37 21 59
37 22 39
37 23 48
37 24 73
37 25 66
37 26 0
37 27 76
37 28 5
37 29 12
37 30 52
37 31 70
37 32 7
37 33 67
37 34 46
37 35 53
37 36 77
37 37 79
37 38 16
37 39 20
37 40 10
37 41 2
37 42 74
37 43 32
37 44 36
37 45 26
37 46 55
37 47 35
37 48 69
37 49 31
37 50 75
37 51 33
37 52 63
37 53 21
37 54 17
37 55 42
37 56 62
37 57 9
37 58 43
37 59 68
37 60 71
37 61 30
37 62 3
37 63 29
37 64 24
37 65 78
37 66 27
37 67 18
37 68 28
37 69 57
37 70 44
37 71 34
37 72 56
37 73 54
37 74 49
37 75 60
37 76 13
37 77 14
37 78 6
37 79 11
38 1 31
38 2 52
38 3 27
38 4 1
38 5 37
38 6 11
38 7 23
38 8 22
38 9 58
38 10 3
38 11 44
38 12 57
38 13 62
38 14 56
38 15 76
38 16 14
38 17 45
38 18 60
38 19 8
38 20 15
38 21 2
38 22 41
38 23 40
38 24 21
38 25 67
38 26 5
38 27 48
38 28 19
38 29 77
38 30 29
38 31 71
38 32 74
38 33 70
38 34 30
38 35 28
38 36 73
38 37 9
38 38 10
38 39 25
38 40 64
38 41 79
38 42 53
38 43 46
38 44 47
38 45 36
38 46 61
38 47 4
38 48 43
38 49 59
38 50 72
38 51 33
38 52 20
38 53 32
38 54 0
38 55 69
38 56 68
38 57 24
38 58 66
38 59 39
38 60 34
38 61 18
38 62 17
38 63 65
38 64 50
38 65 78
38 66 54
38 67 6
38 68 13
38 69 12
38 70 63
38 71 51
38 72 35
38 73 49
38 74 7
38 75 75
38 76 26
38 77 42
38 78 16
38 79 55
39 1 32
39 2 45
39 3 71
39 4 18
39 5 75
39 6 72
39 7 36
39 8 54
39 9 41
39 10 28
39 11 21
39 12 47
39 13 15
39 14 7
39 15 35
39 16 8
39 17 73
39 18 78
39 19 43
39 20 44
39 21 23
39 22 37
39 23 24
39 24 68
39 25 1
39 26 77
39 27 59
39 28 14
39 29 20
39 30 58
39 31 4
39 32 6
39 33 0
39 34 5
39 35 70
39 36 3
39 37 48
39 38 50
39 39 51
39 40 22
39 41 53
39 42 34
39 43 2
39 44 61
39 45 42
39 46 65
39 47 49
39 48 27
39 49 52
39 50 79
39 51 56
39 52 55
39 53 10
39 54 40
39 55 67
39 56 69
39 57 33
39 58 9
39 59 46
39 60 57
39 61 16
39 62 74
39 63 13
39 64 66
39 65 17
39 66 60
39 67 25
39 68 30
39 69 26
39 70 12
39 71 29
39 72 76
39 73 62
39 74 63
39 75 31
39 76 38
39 77 64
39 78 19
39 79 11
40 1 23
40 2 48
40 3 30
40 4 11
40 5 41
40 6 16
40 7 33
40 8 15
40 9 12
40 10 18
40 11 63
40 12 71
40 13 45
40 14 5
40 15 24
40 16 36
40 17 26
40 18 27
40 19 54
40 20 68
40 21 53
40 22 70
40 23 55
40 24 62
40 25 34
40 26 3
40 27 56
40 28 44
40 29 46
40 30 52
40 31 25
40 32 22
40 33 7
40 34 17
40 35 21
40 36 35
40 37 61
40 38 66
40 39 0
40 40 72
40 41 69
40 42 8
40 43 4
40 44 49
40 45 64
40 46 6
40 47 47
40 48 65
40 49 10
40 50 39
40 51 50
40 52 1
40 53 42
40 54 31
40 55 2
40 56 29
40 57 74
40 58 58
40 59 38
40 60 60
40 61 13
40 62 51
40 63 77
40 64 79
40 65 9
40 66 20
40 67 57
40 68 43
40 69 76
40 70 73
40 71 19
40 72 14
40 73 28
40 74 78
40 75 67
40 76 59
40 77 32
40 78 75
40 79 37
41 1 53
41 2 59
41 3 68
41 4 78
41 5 4
41 6 6
41 7 28
41 8 16
41 9 37
41 10 69
41 11 12
41 12 57
41 13 49
41 14 54
41 15 24
41 16 75
41 17 3
41 18 40
41 19 39
41 20 25
41 21 36
41 22 74
41 23 1
41 24 55
41 25 60
41 26 44
41 27 14
41 28 2
41 29 76
41 30 42
41 31 72
41 32 34
41 33 17
41 34 38
41 35 46
41 36 51
41 37 52
41 38 79
41 39 73
41 40 22
41 41 29
41 42 10
41 43 30
41 44 77
41 45 11
41 46 27
41 47 18
41 48 43
41 49 15
41 50 70
41 51 31
41 52 58
41 53 23
41 54 65
41 55 33
41 56 21
41 57 62
41 58 32
41 59 19
41 60 71
41 61 50
41 62 67
41 63 47
41 64 35
41 65 13
41 66 8
41 67 56
41 68 45
41 69 26
41 70 66
41 71 20
41 72 48
41 73 64
41 74 61
41 75 63
41 76 5
41 77 7
41 78 9
41 79 0
42 1 15
42 2 49
42 3 46
42 4 50
42 5 3
42 6 9
42 7 76
42 8 23
42 9 47
42 10 78
42 11 53
42 12 77
42 13 64
42 14 27
42 15 20
42 16 59
42 17 16
42 18 33
42 19 7
42 20 54
42 21 12
42 22 26
42 23 66
42 24 21
42 25 41
42 26 11
42 27 51
42 28 28
42 29 72
42 30 71
42 31 68
42 32 75
42 33 31
42 34 6
42 35 30
42 36 69
42 37 5
42 38 58
42 39 57
42 40 10
42 41 38
42 42 1
42 43 48
42 44 37
42 45 34
42 46 65
42 47 25
42 48 74
42 49 45
42 50 61
42 51 14
42 52 8
42 53 56
42 54 18
42 55 62
42 56 63
42 57 0
42 58 55
42 59 67
42 60 36
42 61 35
42 62 73
42 63 13
42 64 24
42 65 43
42 66 32
42 67 60
42 68 79
42 69 22
42 70 19
42 71 40
42 72 70
42 73 2
42 74 39
42 75 44
42 76 52
42 77 17
42 78 29
42 79 4
43 1 78
43 2 25
43 3 37
43 4 31
43 5 13
43 6 23
43 7 75
43 8 50
43 9 61
43 10 32
43 11 65
43 12 27
43 13 11
43 14 18
43 15 73
43 16 48
43 17 64
43 18 67
43 19 36
43 20 52
43 21 69
43 22 35
43 23 9
43 24 77
43 25 42
43 26 6
43 27 4
43 28 70
43 29 79
43 30 0
43 31 21
43 32 10
43 33 60
43 34 38
43 35 5
43 36 72
43 37 20
43 38 26
43 39 51
43 40 17
43 41 7
43 42 66
43 43 49
43 44 29
43 45 14
43 46 12
43 47 58
43 48 1
43 49 71
43 50 44
43 51 41
43 52 62
43 53 56
43 54 76
43 55 39
43 56 8
43 57 28
43 58 22
43 59 45
43 60 63
43 61 59
43 62 24
43 63 47
43 64 54
43 65 16
43 66 74
43 67 57
43 68 2
43 69 68
43 70 34
43 71 15
43 72 33
43 73 46
43 74 40
43 75 3
43 76 19
43 77 55
43 78 30
43 79 53
44 1 54
44 2 6
44 3 77
44 4 10
44 5 58
44 6 49
44 7 65
44 8 66
44 9 40
44 10 15
44 11 23
44 12 48
44 13 57
44 14 76
44 15 45
44 16 60
44 17 75
44 18 73
44 19 18
44 20 69
44 21 43
44 22 26
44 23 68
44 24 67
44 25 0
44 26 79
44 27 55
44 28 1
44 29 61
44 30 56
44 31 47
44 32 46
44 33 28
44 34 9
44 35 8
44 36 5
44 37 35
44 38 25
44 39 19
44 40 36
44 41 70
44 42 14
44 43 41
44 44 37
44 45 2
44 46 30
44 47 29
44 48 51
44 49 72
44 50 71
44 51 31
44 52 21
44 53 3
44 54 32
44 55 22
44 56 64
44 57 74
44 58 7
44 59 52
44 60 59
44 61 62
44 62 4
44 63 53
44 64 17
44 65 34
44 66 11
44 67 63
44 68 39
44 69 33
44 70 13
44 71 20
44 72 24
44 73 16
44 74 12
44 75 38
44 76 27
44 77 78
44 78 42
44 79 50
45 1 3
45 2 11
45 3 6
45 4 19
45 5 35
45 6 4
45 7 32
45 8 26
45 9 64
45 10 20
45 11 29
45 12 27
45 13 71
45 14 54
45 15 61
45 16 49
45 17 8
45 18 51
45 19 33
45 20 18
45 21 65
45 22 62
45 23 1
45 24 28
45 25 7
45 26 2
45 27 63
45 28 59
45 29 50
45 30 42
45 31 0
45 32 44
45 33 72
45 34 14
45 35 12
45 36 41
45 37 78
45 38 37
45 39 58
45 40 76
45 41 69
45 42 22
45 43 13
45 44 52
45 45 43
45 46 75
45 47 67
45 48 34
45 49 68
45 50 9
45 51 23
45 52 25
45 53 5
45 54 48
45 55 36
45 56 55
45 57 46
45 58 10
45 59 40
45 60 17
45 61 60
45 62 21
45 63 53
45 64 70
45 65 15
45 66 73
45 67 24
45 68 39
45 69 56
45 70 47
45 71 77
45 72 16
45 73 57
45 74 79
45 75 66
45 76 30
45 77 74
45 78 38
45 79 31
46 1 12
46 2 55
46 3 34
46 4 13
46 5 2
46 6 56
46 7 20
46 8 43
46 9 58
46 10 69
46 11 27
46 12 44
46 13 32
46 14 62
46 15 19
46 16 49
46 17 6
46 18 57
46 19 51
46 20 22
46 21 3
46 22 76
46 23 25
46 24 63
46 25 17
46 26 4
46 27 29
46 28 31
46 29 21
46 30 11
46 31 73
46 32 33
46 33 66
46 34 35
46 35 45
46 36 36
46 37 65
46 38 16
46 39 18
46 40 10
46 41 42
46 42 0
46 43 38
46 44 64
46 45 37
46 46 47
46 47 68
46 48 74
46 49 40
46 50 39
46 51 59
46 52 1
46 53 30
46 54 8
46 55 50
46 56 23
46 57 5
46 58 61
46 59 7
46 60 78
46 61 75
46 62 9
46 63 72
46 64 54
46 65 26
46 66 41
46 67 70
46 68 15
46 69 71
46 70 24
46 71 14
46 72 53
46 73 60
46 74 48
46 75 77
46 76 79
46 77 28
46 78 52
46 79 67
47 1 15
47 2 78
47 3 56
47 4 24
47 5 19
47 6 35
47 7 11
47 8 10
47 9 68
47 10 71
47 11 30
47 12 2
47 13 43
47 14 52
47 15 8
47 16 6
47 17 28
47 18 29
47 19 16
47 20 66
47 21 69
47 22 53
47 23 36
47 24 25
47 25 70
47 26 63
47 27 51
47 28 60
47 29 22
47 30 17
47 31 26
47 32 18
47 33 7
47 34 61
47 35 20
47 36 45
47 37 5
47 38 0
47 39 23
47 40 13
47 41 1
47 42 74
47 43 42
47 44 14
47 45 3
47 46 58
47 47 73
47 48 54
47 49 62
47 50 44
47 51 34
47 52 9
47 53 46
47 54 50
47 55 75
47 56 55
47 57 39
47 58 37
47 59 79
47 60 12
47 61 72
47 62 49
47 63 67
47 64 59
47 65 38
47 66 40
47 67 31
47 68 77
47 69 27
47 70 64
47 71 41
47 72 48
47 73 32
47 74 65
47 75 4
47 76 57
47 77 76
47 78 21
47 79 33
48 1 27
48 2 75
48 3 70
48 4 41
48 5 72
48 6 32
48 7 0
48 8 36
48 9 68
48 10 49
48 11 11
48 12 21
48 13 51
48 14 43
48 15 77
48 16 79
48 17 67
48 18 12
48 19 55
48 20 4
48 21 59
48 22 45
48 23 9
48 24 64
48 25 17
48 26 8
48 27 1
48 28 76
48 29 66
48 30 47
48 31 62
48 32 23
48 33 53
48 34 40
48 35 5
48 36 71
48 37 39
48 38 18
48 39 78
48 40 34
48 41 14
48 42 52
48 43 63
48 44 57
48 45 65
48 46 58
48 47 35
48 48 60
48 49 3
48 50 15
48 51 19
48 52 73
48 53 22
48 54 44
48 55 37
48 56 74
48 57 10
48 58 20
48 59 56
48 60 2
48 61 61
48 62 29
48 63 46
48 64 16
48 65 13
48 66 31
48 67 24
48 68 28
48 69 7
48 70 50
48 71 38
48 72 33
48 73 54
48 74 30
48 75 6
48 76 42
48 77 25
48 78 26
48 79 69
49 1 74
49 2 7
49 3 79
49 4 43
49 5 1
49 6 23
49 7 24
49 8 67
49 9 3
49 10 32
49 11 37
49 12 76
49 13 17
49 14 39
49 15 29
49 16 70
49 17 47
49 18 65
49 19 38
49 20 6
49 21 51
49 22 56
49 23 12
49 24 69
49 25 64
49 26 13
49 27 71
49 28 0
49 29 18
49 30 41
49 31 73
49 32 58
49 33 8
49 34 45
49 35 26
49 36 46
49 37 4
49 38 57
49 39 63
49 40 68
49 41 2
49 42 16
49 43 36
49 44 42
49 45 34
49 46 78
49 47 61
49 48 22
49 49 60
49 50 40
49 51 52
49 52 27
49 53 35
49 54 44
49 55 15
49 56 10
49 57 5
49 58 62
49 59 66
49 60 21
49 61 59
49 62 30
49 63 53
49 64 31
49 65 77
49 66 19
49 67 9
49 68 11
49 69 14
49 70 55
49 71 33
49 72 54
49 73 28
49 74 20
49 75 75
49 76 48
49 77 50
49 78 25
49 79 72
50 1 37
50 2 34
50 3 54
50 4 42
50 5 3
50 6 32
50 7 53
50 8 63
50 9 13
50 10 47
50 11 7
50 12 24
50 13 18
50 14 71
50 15 31
50 16 66
50 17 59
50 18 35
50 19 65
50 20 17
50 21 40
50 22 25
50 23 28
50 24 26
50 25 4
50 26 14
50 27 9
50 28 68
50 29 61
50 30 36
50 31 74
50 32 19
50 33 39
50 34 5
50 35 1
50 36 76
50 37 55
50 38 21
50 39 70
50 40 30
50 41 62
50 42 15
50 43 2
50 44 45
50 45 38
50 46 29
50 47 56
50 48 75
50 49 22
50 50 64
50 51 33
50 52 67
50 53 43
50 54 10
50 55 12
50 56 72
50 57 27
50 58 48
50 59 69
50 60 20
50 61 51
50 62 6
50 63 0
50 64 49
50 65 8
50 66 23
50 67 58
50 68 41
50 69 11
50 70 79
50 71 77
50 72 46
50 73 52
50 74 16
50 75 78
50 76 60
50 77 73
50 78 57
50 79 44
51 1 68
51 2 40
51 3 59
51 4 32
51 5 60
51 6 43
51 7 66
51 8 76
51 9 6
51 10 9
51 11 56
51 12 15
51 13 28
51 14 16
51 15 52
51 16 5
51 17 45
51 18 3
51 19 26
51 20 21
51 21 75
51 22 35
51 23 25
51 24 20
51 25 27
51 26 2
51 27 46
51 28 73
51 29 54
51 30 55
51 31 10
51 32 37
51 33 12
51 34 33
51 35 74
51 36 65
51 37 47
51 38 22
51 39 50
51 40 14
51 41 42
51 42 23
51 43 44
51 44 64
51 45 67
51 46 13
51 47 79
51 48 61
51 49 49
51 50 0
51 51 58
51 52 48
51 53 63
51 54 62
51 55 31
51 56 34
51 57 41
51 58 69
51 59 72
51 60 24
51 61 7
51 62 70
51 63 30
51 64 77
51 65 4
51 66 18
51 67 19
51 68 29
51 69 39
51 70 57
51 71 71
51 72 11
51 73 53
51 74 38
51 75 1
51 76 36
51 77 78
51 78 8
51 79 17
52 1 61
52 2 38
52 3 78
52 4 79
52 5 16
52 6 4
52 7 71
52 8 5
52 9 2
52 10 49
52 11 66
52 12 74
52 13 14
52 14 57
52 15 8
52 16 46
52 17 27
52 18 33
52 19 43
52 20 44
52 21 36
52 22 17
52 23 72
52 24 10
52 25 7
52 26 59
52 27 20
52 28 3
52 29 51
52 30 21
52 31 41
52 32 62
52 33 22
52 34 45
52 35 73
52 36 9
52 37 42
52 38 34
52 39 63
52 40 77
52 41 15
52 42 55
52 43 40
52 44 67
52 45 0
52 46 68
52 47 76
52 48 37
52 49 69
52 50 47
52 51 23
52 52 70
52 53 53
52 54 26
52 55 50
52 56 35
52 57 58
52 58 31
52 59 11
52 60 32
52 61 65
52 62 64
52 63 28
52 64 25
52 65 30
52 66 60
52 67 56
52 68 19
52 69 39
52 70 18
52 71 29
52 72 1
52 73 12
52 74 75
52 75 54
52 76 6
52 77 13
52 78 24
52 79 48
53 1 74
53 2 57
53 3 76
53 4 2
53 5 42
53 6 56
53 7 64
53 8 61
53 9 6
53 10 12
53 11 70
53 12 7
53 13 29
53 14 34
53 15 25
53 16 16
53 17 13
53 18 20
53 19 5
53 20 78
53 21 50
53 22 71
53 23 19
53 24 14
53 25 28
53 26 26
53 27 33
53 28 40
53 29 27
53 30 44
53 31 69
53 32 31
53 33 72
53 34 37
53 35 49
53 36 24
53 37 8
53 38 21
53 39 60
53 40 11
53 41 0
53 42 73
53 43 15
53 44 45
53 45 55
53 46 38
53 47 10
53 48 36
53 49 17
53 50 52
53 51 39
53 52 66
53 53 47
53 54 35
53 55 75
53 56 3
53 57 46
53 58 68
53 59 65
53 60 62
53 61 23
53 62 30
53 63 22
53 64 1
53 65 43
53 66 32
53 67 9
53 68 54
53 69 67
53 70 4
53 71 77
53 72 79
53 73 48
53 74 58
53 75 51
53 76 59
53 77 41
53 78 18
53 79 63
54 1 44
54 2 27
54 3 40
54 4 43
54 5 62
54 6 21
54 7 45
54 8 15
54 9 71
54 10 51
54 11 0
54 12 24
54 13 67
54 14 39
54 15 57
54 16 64
54 17 58
54 18 10
54 19 69
54 20 56
54 21 11
54 22 49
54 23 50
54 24 20
54 25 66
54 26 29
54 27 74
54 28 5
54 29 77
54 30 65
54 31 35
54 32 32
54 33 46
54 34 42
54 35 13
54 36 23
54 37 60
54 38 4
54 39 55
54 40 68
54 41 1
54 42 73
54 43 34
54 44 70
54 45 61
54 46 53
54 47 12
54 48 76
54 49 78
54 50 22
54 51 31
54 52 52
54 53 6
54 54 7
54 55 59
54 56 9
54 57 8
54 58 19
54 59 16
54 60 48
54 61 33
54 62 2
54 63 18
54 64 14
54 65 75
54 66 72
54 67 41
54 68 37
54 69 63
54 70 38
54 71 28
54 72 79
54 73 25
54 74 47
54 75 30
54 76 17
54 77 36
54 78 3
54 79 26
55 1 17
55 2 29
55 3 73
55 4 16
55 5 50
55 6 27
55 7 67
55 8 20
55 9 64
55 10 72
55 11 10
55 12 42
55 13 6
55 14 12
55 15 61
55 16 3
55 17 4
55 18 5
55 19 66
55 20 45
55 21 0
55 22 7
55 23 28
55 24 65
55 25 38
55 26 22
55 27 14
55 28 74
55 29 43
55 30 40
55 31 34
55 32 75
55 33 24
55 34 2
55 35 57
55 36 48
55 37 79
55 38 33
55 39 69
55 40 19
55 41 9
55 42 37
55 43 11
55 44 58
55 45 78
55 46 1
55 47 41
55 48 77
55 49 35
55 50 13
55 51 15
55 52 71
55 53 56
55 54 63
55 55 54
55 56 76
55 57 52
55 58 18
55 59 51
55 60 26
55 61 60
55 62 36
55 63 32
55 64 23
55 65 53
55 66 39
55 67 44
55 68 68
55 69 70
55 70 31
55 71 25
55 72 49
55 73 21
55 74 47
55 75 8
55 76 59
55 77 46
55 78 30
55 79 62
56 1 67
56 2 30
56 3 19
56 4 64
56 5 33
56 6 7
56 7 21
56 8 6
56 9 40
56 10 8
56 11 72
56 12 65
56 13 69
56 14 27
56 15 61
56 16 79
56 17 52
56 18 53
56 19 41
56 20 38
56 21 28
56 22 24
56 23 0
56 24 17
56 25 74
56 26 70
56 27 31
56 28 68
56 29 32
56 30 51
56 31 42
56 32 62
56 33 50
56 34 4
56 35 14
56 36 5
56 37 73
56 38 60
56 39 63
56 40 18
56 41 13
56 42 78
56 43 36
56 44 1
56 45 47
56 46 44
56 47 12
56 48 75
56 49 9
56 50 25
56 51 20
56 52 46
56 53 76
56 54 39
56 55 10
56 56 48
56 57 29
56 58 26
56 59 22
56 60 71
56 61 43
56 62 3
56 63 66
56 64 23
56 65 57
56 66 37
56 67 16
56 68 2
56 69 11
56 70 15
56 71 34
56 72 77
56 73 54
56 74 49
56 75 59
56 76 35
56 77 58
56 78 45
56 79 55
57 1 28
57 2 34
57 3 23
57 4 3
57 5 65
57 6 25
57 7 70
57 8 4
57 9 36
57 10 56
57 11 43
57 12 29
57 13 61
57 14 45
57 15 18
57 16 42
57 17 40
57 18 26
57 19 79
57 20 68
57 21 64
57 22 27
57 23 15
57 24 71
57 25 58
57 26 62
57 27 78
57 28 16
57 29 37
57 30 44
57 31 7
57 32 59
57 33 20
57 34 19
57 35 77
57 36 10
57 37 67
57 38 39
57 39 51
57 40 1
57 41 13
57 42 22
57 43 73
57 44 52
57 45 2
57 46 11
57 47 49
57 48 14
57 49 0
57 50 33
57 51 9
57 52 41
57 53 54
57 54 76
57 55 21
57 56 6
57 57 17
57 58 24
57 59 48
57 60 30
57 61 74
57 62 55
57 63 5
57 64 46
57 65 69
57 66 47
57 67 50
57 68 53
57 69 12
57 70 75
57 71 60
57 72 66
57 73 72
57 74 31
57 75 35
57 76 8
57 77 32
57 78 63
57 79 38
58 1 77
58 2 13
58 3 53
58 4 9
58 5 49
58 6 4
58 7 62
58 8 54
58 9 33
58 10 59
58 11 8
58 12 47
58 13 61
58 14 76
58 15 27
58 16 56
58 17 60
58 18 72
58 19 6
58 20 57
58 21 25
58 22 1
58 23 36
58 24 5
58 25 10
58 26 65
58 27 43
58 28 69
58 29 74
58 30 73
58 31 0
58 32 30
58 33 64
58 34 46
58 35 48
58 36 31
58 37 51
58 38 12
58 39 11
58 40 26
58 41 18
58 42 17
58 43 45
58 44 70
58 45 23
58 46 3
58 47 40
58 48 24
58 49 20
58 50 38
58 51 15
58 52 52
58 53 42
58 54 29
58 55 16
58 56 41
58 57 68
58 58 19
58 59 14
58 60 79
58 61 67
58 62 35
58 63 28
58 64 34
58 65 39
58 66 32
58 67 55
58 68 50
58 69 7
58 70 44
58 71 75
58 72 2
58 73 22
58 74 63
58 75 66
58 76 71
58 77 21
58 78 78
58 79 37
59 1 8
59 2 13
59 3 41
59 4 44
59 5 31
59 6 70
59 7 32
59 8 17
59 9 18
59 10 50
59 11 72
59 12 78
59 13 30
59 14 39
59 15 25
59 16 28
59 17 42
59 18 53
59 19 0
59 20 38
59 21 15
59 22 6
59 23 10
59 24 61
59 25 60
59 26 48
59 27 37
59 28 66
59 29 79
59 30 43
59 31 58
59 32 34
59 33 75
59 34 49
59 35 20
59 36 11
59 37 64
59 38 57
59 39 14
59 40 12
59 41 63
59 42 74
59 43 40
59 44 55
59 45 23
59 46 45
59 47 26
59 48 2
59 49 3
59 50 65
59 51 33
59 52 47
59 53 54
59 54 7
59 55 51
59 56 69
59 57 67
59 58 27
59 59 56
59 60 19
59 61 71
59 62 46
59 63 77
59 64 76
59 65 22
59 66 68
59 67 73
59 68 4
59 69 62
59 70 52
59 71 9
59 72 1
59 73 36
59 74 24
59 75 16
59 76 5
59 77 21
59 78 29
59 79 35
60 1 54
60 2 26
60 3 56
60 4 44
60 5 64
60 6 17
60 7 22
60 8 11
60 9 19
60 10 39
60 11 2
60 12 46
60 13 50
60 14 52
60 15 45
60 16 7
60 17 28
60 18 14
60 19 33
60 20 30
60 21 6
60 22 15
60 23 48
60 24 72
60 25 59
60 26 34
60 27 71
60 28 43
60 29 67
60 30 74
60 31 55
60 32 23
60 33 63
60 34 9
60 35 68
60 36 16
60 37 62
60 38 47
60 39 5
60 40 31
60 41 58
60 42 41
60 43 76
60 44 3
60 45 32
60 46 29
60 47 73
60 48 66
60 49 51
60 50 69
60 51 13
60 52 57
60 53 20
60 54 35
60 55 61
60 56 37
60 57 40
60 58 49
60 59 77
60 60 8
60 61 42
60 62 1
60 63 27
60 64 10
60 65 79
60 66 18
60 67 65
60 68 70
60 69 4
60 70 21
60 71 12
60 72 36
60 73 78
60 74 24
60 75 53
60 76 75
60 77 25
60 78 0
60 79 38
61 1 58
61 2 29
61 3 77
61 4 39
61 5 47
61 6 48
61 7 42
61 8 69
61 9 51
61 10 1
61 11 71
61 12 18
61 13 31
61 14 12
61 15 25
61 16 10
61 17 17
61 18 40
61 19 75
61 20 46
61 21 45
61 22 60
61 23 76
61 24 14
61 25 67
61 26 63
61 27 34
61 28 23
61 29 52
61 30 8
61 31 43
61 32 33
61 33 66
61 34 54
61 35 15
61 36 79
61 37 3
61 38 20
61 39 16
61 40 6
61 41 50
61 42 19
61 43 28
61 44 70
61 45 11
61 46 44
61 47 4
61 48 55
61 49 0
61 50 73
61 51 49
61 52 59
61 53 53
61 54 26
61 55 57
61 56 64
61 57 65
61 58 78
61 59 37
61 60 68
61 61 62
61 62 9
61 63 13
61 64 24
61 65 35
61 66 36
61 67 38
61 68 56
61 69 7
61 70 27
61 71 21
61 72 41
61 73 2
61 74 30
61 75 72
61 76 5
61 77 32
61 78 74
61 79 22
62 1 63
62 2 30
62 3 25
62 4 5
62 5 13
62 6 77
62 7 44
62 8 0
62 9 53
62 10 7
62 11 75
62 12 47
62 13 16
62 14 46
62 15 14
62 16 66
62 17 35
62 18 22
62 19 51
62 20 79
62 21 20
62 22 39
62 23 3
62 24 38
62 25 19
62 26 74
62 27 57
62 28 67
62 29 11
62 30 72
62 31 58
62 32 60
62 33 78
62 34 4
62 35 32
62 36 45
62 37 50
62 38 23
62 39 42
62 40 68
62 41 37
62 42 21
62 43 1
62 44 71
62 45 76
62 46 31
62 47 10
62 48 69
62 49 27
62 50 6
62 51 70
62 52 40
62 53 43
62 54 34
62 55 49
62 56 26
62 57 59
62 58 54
62 59 12
62 60 65
62 61 64
62 62 52
62 63 8
62 64 15
62 65 56
62 66 28
62 67 24
62 68 73
62 69 36
62 70 17
62 71 61
62 72 29
62 73 48
62 74 9
62 75 2
62 76 41
62 77 18
62 78 33
62 79 55
63 1 1
63 2 49
63 3 42
63 4 67
63 5 62
63 6 64
63 7 38
63 8 0
63 9 60
63 10 70
63 11 22
63 12 26
63 13 79
63 14 20
63 15 69
63 16 6
63 17 16
63 18 44
63 19 30
63 20 31
63 21 51
63 22 25
63 23 29
63 24 47
63 25 41
63 26 37
63 27 32
63 28 14
63 29 12
63 30 68
63 31 54
63 32 55
63 33 9
63 34 40
63 35 5
63 36 3
63 37 72
63 38 71
63 39 59
63 40 8
63 41 50
63 42 35
63 43 27
63 44 39
63 45 65
63 46 66
63 47 76
63 48 45
63 49 36
63 50 33
63 51 21
63 52 7
63 53 10
63 54 19
63 55 34
63 56 61
63 57 24
63 58 78
63 59 15
63 60 77
63 61 56
63 62 43
63 63 52
63 64 73
63 65 28
63 66 17
63 67 2
63 68 23
63 69 75
63 70 48
63 71 4
63 72 74
63 73 13
63 74 57
63 75 46
63 76 53
63 77 18
63 78 11
63 79 58
64 1 24
64 2 12
64 3 66
64 4 29
64 5 60
64 6 48
64 7 45
64 8 55
64 9 69
64 10 52
64 11 39
64 12 17
64 13 47
64 14 33
64 15 27
64 16 3
64 17 20
64 18 15
64 19 78
64 20 71
64 21 65
64 22 28
64 23 58
64 24 54
64 25 44
64 26 57
64 27 32
64 28 68
64 29 75
64 30 14
64 31 25
64 32 43
64 33 7
64 34 41
64 35 0
64 36 70
64 37 22
64 38 4
64 39 36
64 40 76
64 41 51
64 42 1
64 43 2
64 44 61
64 45 79
64 46 35
64 47 18
64 48 8
64 49 53
64 50 77
64 51 38
64 52 72
64 53 6
64 54 21
64 55 5
64 56 40
64 57 56
64 58 19
64 59 62
64 60 26
64 61 16
64 62 9
64 63 74
64 64 59
64 65 49
64 66 46
64 67 73
64 68 34
64 69 50
64 70 67
64 71 11
64 72 37
64 73 10
64 74 63
64 75 23
64 76 42
64 77 30
64 78 13
64 79 31
65 1 48
65 2 17
65 3 32
65 4 7
65 5 70
65 6 68
65 7 75
65 8 66
65 9 44
65 10 13
65 11 21
65 12 4
65 13 0
65 14 58
65 15 76
65 16 57
65 17 24
65 18 54
65 19 61
65 20 42
65 21 5
65 22 38
65 23 19
65 24 62
65 25 11
65 26 6
65 27 50
65 28 71
65 29 23
65 30 12
65 31 36
65 32 2
65 33 74
65 34 73
65 35 34
65 36 64
65 37 47
65 38 45
65 39 49
65 40 30
65 41 55
65 42 69
65 43 8
65 44 3
65 45 46
65 46 25
65 47 15
65 48 78
65 49 59
65 50 63
65 51 28
65 52 41
65 53 37
65 54 43
65 55 1
65 56 10
65 57 35
65 58 53
65 59 51
65 60 40
65 61 14
65 62 26
65 63 9
65 64 33
65 65 56
65 66 77
65 67 16
65 68 31
65 69 79
65 70 60
65 71 67
65 72 72
65 73 22
65 74 29
65 75 52
65 76 18
65 77 20
65 78 39
65 79 27
66 1 57
66 2 58
66 3 37
66 4 63
66 5 45
66 6 73
66 7 20
66 8 4
66 9 49
66 10 52
66 11 79
66 12 55
66 13 71
66 14 1
66 15 22
66 16 42
66 17 15
66 18 21
66 19 0
66 20 77
66 21 6
66 22 14
66 23 33
66 24 43
66 25 74
66 26 26
66 27 10
66 28 8
66 29 24
66 30 35
66 31 3
66 32 40
66 33 2
66 34 7
66 35 61
66 36 60
66 37 78
66 38 46
66 39 56
66 40 31
66 41 72
66 42 27
66 43 34
66 44 76
66 45 17
66 46 48
66 47 68
66 48 50
66 49 51
66 50 28
66 51 65
66 52 13
66 53 54
66 54 67
66 55 53
66 56 70
66 57 18
66 58 38
66 59 69
66 60 62
66 61 44
66 62 47
66 63 59
66 64 41
66 65 75
66 66 25
66 67 36
66 68 12
66 69 30
66 70 16
66 71 64
66 72 32
66 73 11
66 74 9
66 75 19
66 76 39
66 77 23
66 78 29
66 79 5
67 1 62
67 2 17
67 3 40
67 4 38
67 5 36
67 6 29
67 7 37
67 8 75
67 9 20
67 10 52
67 11 18
67 12 72
67 13 58
67 14 33
67 15 0
67 16 7
67 17 64
67 18 16
67 19 49
67 20 25
67 21 77
67 22 78
67 23 32
67 24 1
67 25 51
67 26 69
67 27 55
67 28 22
67 29 24
67 30 68
67 31 13
67 32 60
67 33 46
67 34 39
67 35 5
67 36 59
67 37 34
67 38 2
67 39 79
67 40 10
67 41 47
67 42 30
67 43 65
67 44 4
67 45 35
67 46 11
67 47 27
67 48 3
67 49 21
67 50 41
67 51 66
67 52 74
67 53 45
67 54 70
67 55 50
67 56 57
67 57 23
67 58 19
67 59 53
67 60 43
67 61 56
67 62 76
67 63 73
67 64 42
67 65 63
67 66 61
67 67 26
67 68 28
67 69 54
67 70 44
67 71 14
67 72 48
67 73 9
67 74 15
67 75 12
67 76 6
67 77 31
67 78 8
67 79 71
68 1 26
68 2 74
68 3 0
68 4 2
68 5 66
68 6 52
68 7 19
68 8 22
68 9 9
68 10 15
68 11 61
68 12 4
68 13 67
68 14 32
68 15 53
68 16 59
68 17 72
68 18 50
68 19 65
68 20 14
68 21 5
68 22 71
68 23 6
68 24 30
68 25 76
68 26 48
68 27 75
68 28 39
68 29 70
68 30 3
68 31 58
68 32 54
68 33 42
68 34 12
68 35 44
68 36 33
68 37 40
68 38 43
68 39 28
68 40 49
68 41 20
68 42 34
68 43 27
68 44 62
68 45 56
68 46 17
68 47 23
68 48 37
68 49 29
68 50 8
68 51 13
68 52 11
68 53 77
68 54 79
68 55 10
68 56 24
68 57 1
68 58 47
68 59 63
68 60 51
68 61 45
68 62 60
68 63 38
68 64 46
68 65 35
68 66 41
68 67 31
68 68 18
68 69 73
68 70 78
68 71 57
68 72 21
68 73 36
68 74 16
68 75 69
68 76 7
68 77 55
68 78 64
68 79 25
69 1 63
69 2 17
69 3 68
69 4 45
69 5 70
69 6 46
69 7 74
69 8 32
69 9 56
69 10 25
69 11 73
69 12 71
69 13 66
69 14 24
69 15 8
69 16 28
69 17 47
69 18 23
69 19 31
69 20 58
69 21 1
69 22 9
69 23 51
69 24 16
69 25 30
69 26 15
69 27 59
69 28 2
69 29 50
69 30 14
69 31 5
69 32 53
69 33 55
69 34 72
69 35 62
69 36 79
69 37 67
69 38 19
69 39 40
69 40 34
69 41 35
69 42 57
69 43 18
69 44 60
69 45 12
69 46 49
69 47 20
69 48 3
69 49 43
69 50 44
69 51 78
69 52 4
69 53 11
69 54 36
69 55 27
69 56 21
69 57 37
69 58 29
69 59 54
69 60 10
69 61 6
69 62 52
69 63 26
69 64 7
69 65 38
69 66 77
69 67 41
69 68 22
69 69 13
69 70 48
69 71 42
69 72 76
69 73 39
69 74 61
69 75 75
69 76 33
69 77 0
69 78 64
69 79 65
70 1 65
70 2 55
70 3 61
70 4 59
70 5 71
70 6 67
70 7 0
70 8 22
70 9 15
70 10 29
70 11 25
70 12 62
70 13 10
70 14 31
70 15 8
70 16 32
70 17 58
70 18 79
70 19 5
70 20 17
70 21 47
70 22 16
70 23 60
70 24 76
70 25 77
70 26 48
70 27 69
70 28 49
70 29 12
70 30 44
70 31 23
70 32 63
70 33 64
70 34 34
70 35 41
70 36 50
70 37 1
70 38 39
70 39 38
70 40 51
70 41 66
70 42 20
70 43 36
70 44 28
70 45 43
70 46 11
70 47 42
70 48 6
70 49 21
70 50 73
70 51 74
70 52 33
70 53 2
70 54 18
70 55 37
70 56 68
70 57 14
70 58 9
70 59 72
70 60 45
70 61 13
70 62 3
70 63 24
70 64 75
70 65 46
70 66 26
70 67 57
70 68 35
70 69 30
70 70 52
70 71 78
70 72 54
70 73 56
70 74 27
70 75 19
70 76 7
70 77 40
70 78 53
70 79 4
71 1 59
71 2 6
71 3 56
71 4 31
71 5 64
71 6 55
71 7 32
71 8 19
71 9 66
71 10 15
71 11 36
71 12 41
71 13 77
71 14 67
71 15 38
71 16 57
71 17 11
71 18 22
71 19 13
71 20 27
71 21 47
71 22 16
71 23 76
71 24 3
71 25 17
71 26 24
71 27 52
71 28 44
71 29 75
71 30 68
71 31 30
71 32 28
71 33 49
71 34 51
71 35 69
71 36 18
71 37 45
71 38 1
71 39 78
71 40 39
71 41 73
71 42 53
71 43 61
71 44 35
71 45 23
71 46 65
71 47 33
71 48 62
71 49 20
71 50 10
71 51 25
71 52 50
71 53 5
71 54 34
71 55 12
71 56 2
71 57 9
71 58 37
71 59 48
71 60 54
71 61 63
71 62 60
71 63 14
71 64 58
71 65 7
71 66 26
71 67 79
71 68 29
71 69 70
71 70 42
71 71 72
71 72 4
71 73 8
71 74 21
71 75 46
71 76 74
71 77 0
71 78 40
71 79 43
72 1 47
72 2 1
72 3 9
72 4 44
72 5 67
72 6 76
72 7 52
72 8 57
72 9 30
72 10 75
72 11 53
72 12 55
72 13 65
72 14 36
72 15 29
72 16 6
72 17 17
72 18 15
72 19 71
72 20 33
72 21 79
72 22 70
72 23 13
72 24 12
72 25 45
72 26 16
72 27 0
72 28 7
72 29 21
72 30 66
72 31 56
72 32 58
72 33 54
72 34 74
72 35 3
72 36 39
72 37 59
72 38 41
72 39 23
72 40 62
72 41 68
72 42 32
72 43 24
72 44 26
72 45 40
72 46 18
72 47 78
72 48 73
72 49 28
72 50 42
72 51 19
72 52 27
72 53 48
72 54 20
72 55 64
72 56 14
72 57 46
72 58 8
72 59 25
72 60 22
72 61 31
72 62 11
72 63 51
72 64 35
72 65 10
72 66 63
72 67 50
72 68 77
72 69 5
72 70 49
72 71 37
72 72 61
72 73 34
72 74 2
72 75 69
72 76 60
72 77 43
72 78 38
72 79 4
73 1 70
73 2 43
73 3 51
73 4 53
73 5 69
73 6 23
73 7 14
73 8 0
73 9 78
73 10 26
73 11 40
73 12 25
73 13 74
73 14 71
73 15 3
73 16 37
73 17 54
73 18 24
73 19 13
73 20 38
73 21 58
73 22 76
73 23 48
73 24 32
73 25 63
73 26 15
73 27 33
73 28 36
73 29 39
73 30 66
73 31 60
73 32 10
73 33 46
73 34 11
73 35 28
73 36 41
73 37 16
73 38 2
73 39 47
73 40 64
73 41 62
73 42 42
73 43 44
73 44 8
73 45 75
73 46 4
73 47 52
73 48 57
73 49 67
73 50 18
73 51 31
73 52 29
73 53 56
73 54 9
73 55 21
73 56 7
73 57 55
73 58 17
73 59 65
73 60 61
73 61 22
73 62 49
73 63 27
73 64 20
73 65 34
73 66 77
73 67 79
73 68 1
73 69 35
73 70 6
73 71 68
73 72 59
73 73 12
73 74 19
73 75 72
73 76 30
73 77 50
73 78 5
73 79 45
74 1 13
74 2 35
74 3 25
74 4 38
74 5 73
74 6 70
74 7 65
74 8 36
74 9 34
74 10 46
74 11 23
74 12 27
74 13 57
74 14 4
74 15 43
74 16 6
74 17 33
74 18 45
74 19 29
74 20 75
74 21 14
74 22 16
74 23 41
74 24 10
74 25 2
74 26 63
74 27 58
74 28 32
74 29 21
74 30 28
74 31 54
74 32 22
74 33 5
74 34 15
74 35 42
74 36 11
74 37 47
74 38 7
74 39 9
74 40 53
74 41 44
74 42 3
74 43 69
74 44 17
74 45 79
74 46 20
74 47 24
74 48 19
74 49 26
74 50 50
74 51 77
74 52 0
74 53 60
74 54 37
74 55 62
74 56 52
74 57 66
74 58 56
74 59 8
74 60 31
74 61 76
74 62 68
74 63 78
74 64 1
74 65 55
74 66 72
74 67 59
74 68 71
74 69 51
74 70 18
74 71 40
74 72 64
74 73 30
74 74 49
74 75 39
74 76 48
74 77 67
74 78 12
74 79 61
75 1 31
75 2 17
75 3 61
75 4 59
75 5 67
75 6 49
75 7 35
75 8 78
75 9 0
75 10 30
75 11 19
75 12 50
75 13 36
75 14 41
75 15 33
75 16 69
75 17 63
75 18 71
75 19 28
75 20 53
75 21 40
75 22 13
75 23 5
75 24 38
75 25 3
75 26 74
75 27 72
75 28 52
75 29 65
75 30 66
75 31 9
75 32 76
75 33 58
75 34 18
75 35 77
75 36 48
75 37 62
75 38 54
75 39 47
75 40 1
75 41 42
75 42 10
75 43 24
75 44 39
75 45 27
75 46 79
75 47 25
75 48 11
75 49 20
75 50 8
75 51 45
75 52 60
75 53 2
75 54 51
75 55 64
75 56 57
75 57 34
75 58 26
75 59 55
75 60 6
75 61 37
75 62 29
75 63 43
75 64 16
75 65 56
75 66 46
75 67 15
75 68 21
75 69 22
75 70 12
75 71 73
75 72 68
75 73 23
75 74 4
75 75 70
75 76 44
75 77 14
75 78 7
75 79 32
76 1 51
76 2 11
76 3 0
76 4 27
76 5 79
76 6 65
76 7 37
76 8 67
76 9 50
76 10 40
76 11 28
76 12 38
76 13 46
76 14 44
76 15 22
76 16 10
76 17 23
76 18 12
76 19 47
76 20 45
76 21 59
76 22 15
76 23 41
76 24 60
76 25 24
76 26 56
76 27 61
76 28 33
76 29 43
76 30 48
76 31 58
76 32 55
76 33 70
76 34 52
76 35 35
76 36 75
76 37 53
76 38 16
76 39 30
76 40 39
76 41 36
76 42 66
76 43 9
76 44 64
76 45 20
76 46 7
76 47 2
76 48 42
76 49 25
76 50 6
76 51 19
76 52 72
76 53 3
76 54 5
76 55 62
76 56 49
76 57 68
76 58 57
76 59 71
76 60 54
76 61 34
76 62 8
76 63 21
76 64 63
76 65 29
76 66 1
76 67 26
76 68 73
76 69 77
76 70 18
76 71 14
76 72 32
76 73 31
76 74 17
76 75 78
76 76 13
76 77 74
76 78 69
76 79 4
77 1 36
77 2 26
77 3 37
77 4 45
77 5 7
77 6 32
77 7 14
77 8 51
77 9 52
77 10 54
77 11 2
77 12 79
77 13 53
77 14 73
77 15 23
77 16 8
77 17 49
77 18 47
77 19 35
77 20 10
77 21 41
77 22 31
77 23 57
77 24 5
77 25 27
77 26 67
77 27 76
77 28 34
77 29 24
77 30 0
77 31 13
77 32 71
77 33 68
77 34 33
77 35 42
77 36 56
77 37 40
77 38 64
77 39 59
77 40 43
77 41 4
77 42 17
77 43 21
77 44 18
77 45 70
77 46 63
77 47 74
77 48 11
77 49 66
77 50 9
77 51 62
77 52 6
77 53 15
77 54 78
77 55 58
77 56 46
77 57 3
77 58 25
77 59 30
77 60 22
77 61 48
77 62 44
77 63 29
77 64 60
77 65 28
77 66 61
77 67 39
77 68 72
77 69 50
77 70 65
77 71 19
77 72 75
77 73 12
77 74 16
77 75 38
77 76 20
77 77 55
77 78 69
77 79 1
78 1 34
78 2 31
78 3 55
78 4 67
78 5 46
78 6 63
78 7 70
78 8 53
78 9 21
78 10 24
78 11 71
78 12 10
78 13 52
78 14 45
78 15 60
78 16 23
78 17 30
78 18 50
78 19 3
78 20 47
78 21 37
78 22 56
78 23 51
78 24 8
78 25 9
78 26 39
78 27 18
78 28 35
78 29 61
78 30 6
78 31 41
78 32 14
78 33 27
78 34 38
78 35 48
78 36 68
78 37 2
78 38 11
78 39 15
78 40 16
78 41 44
78 42 5
78 43 54
78 44 72
78 45 65
78 46 17
78 47 49
78 48 28
78 49 40
78 50 4
78 51 66
78 52 43
78 53 77
78 54 62
78 55 79
78 56 0
78 57 32
78 58 20
78 59 13
78 60 73
78 61 75
78 62 57
78 63 29
78 64 74
78 65 64
78 66 42
78 67 22
78 68 26
78 69 33
78 70 1
78 71 19
78 72 7
78 73 25
78 74 76
78 75 12
78 76 36
78 77 59
78 78 58
78 79 69
79 1 2
79 2 54
79 3 10
79 4 56
79 5 51
79 6 71
79 7 36
79 8 30
79 9 74
79 10 29
79 11 48
79 12 28
79 13 45
79 14 63
79 15 33
79 16 25
79 17 24
79 18 27
79 19 57
79 20 40
79 21 49
79 22 43
79 23 4
79 24 47
79 25 12
79 26 76
79 27 7
79 28 34
79 29 64
79 30 55
79 31 9
79 32 42
79 33 68
79 34 22
79 35 75
79 36 14
79 37 16
79 38 6
79 39 15
79 40 35
79 41 8
79 42 37
79 43 59
79 44 67
79 45 13
79 46 53
79 47 72
79 48 44
79 49 41
79 50 17
79 51 60
79 52 11
79 53 21
79 54 46
79 55 52
79 56 69
79 57 0
79 58 18
79 59 58
79 60 20
79 61 66
79 62 62
79 63 61
79 64 78
79 65 31
79 66 70
79 67 73
79 68 1
79 69 32
79 70 19
79 71 3
79 72 50
79 73 5
79 74 38
79 75 39
79 76 65
79 77 23
79 78 77
79 79 26