0 50
1 50
2 50
3 50
4 22
5 50
6 56
7 50
8 50
9 22
10 65
11 22
12 18
13 54
14 22
15 24
16 5
17 76
18 22
19 68
20 7
21 7
22 8
23 7
24 71
25 8
26 7
27 28
28 7
29 62
30 7
31 28
32 7
33 49
34 24
35 28
36 71
37 24
38 7
39 7
40 33
41 9
42 49
43 49
44 71
45 68
46 7
47 32
48 7
49 9
50 28
51 28
52 29
53 61
54 28
55 29
56 28
57 28
58 28
59 28
60 29
61 28
62 28
63 28
64 28
65 28
66 28
67 9
68 5
69 5
70 9
71 5
72 9
73 9
74 6
75 5
76 6
77 3
78 5
79 5
80 6
81 1
82 6
83 6
84 6
85 36
86 5
87 5
88 36
89 5
90 5
91 0
92 0
93 0
94 0
95 0
96 33
97 0
98 33
99 0
100 3
101 0
102 0
103 3
104 0
105 6
106 29
107 29
108 29
109 5
110 29
111 29
112 27
113 29
114 29
115 29
116 35
117 27
118 29
119 29
120 27
121 32
122 27
123 29
124 29
125 29
126 24
127 29
128 29
129 29
130 25
131 29
132 29
133 24
134 29
135 26
136 29
137 22
138 57
139 29
140 29
141 38
142 29
143 21
144 25
145 22
146 15
147 15
148 15
149 15
150 15
151 15
152 0
153 15
154 15
155 15
156 15
157 3
158 34
159 15
160 15
161 15
162 15
163 62
164 15
165 50
166 50
167 4
168 33
169 50
170 50
171 50
172 33
173 50
174 9
175 50
176 50
177 50
178 50
179 52
180 32
181 50
182 52
183 50
184 60
185 79
186 77
187 60
188 60
189 69
190 44
191 60
192 60
193 60
194 60
195 69
196 60
197 60
198 60
199 60
200 60
201 60
202 31
203 44
204 60
205 44
206 60
207 60
208 61
209 22
210 23
211 22
212 66
213 44
214 60
215 60
216 61
217 31
218 60
219 64
220 15
221 60
222 76
223 71
224 67
225 68
226 71
227 71
228 62
229 68
230 61
231 14
232 14
233 14
234 14
235 14
236 14
237 14
238 9
239 4
240 9
241 9
242 9
243 9
244 32
245 4
246 9
247 5
248 9
249 9
250 9
251 9
252 4
253 9
254 9
255 9
256 4
257 3
258 3
259 3
260 3
261 3
262 3
263 3
264 3
265 3
266 9
267 3
268 3
269 3
270 9
271 3
272 3
273 3
274 3
275 3
276 3
277 1
278 3
279 47
280 3
281 3
282 3
283 3
284 3
285 53
286 3
287 3
288 3
289 3
290 3
291 3
292 3
293 2
294 3
295 3
296 46
297 3
298 3
299 3
300 3
301 3
302 8
303 9
304 9
305 8
306 8
307 9
308 9
309 8
310 8
311 9
312 8
313 35
314 8
315 2
316 12
317 12
318 12
319 12
320 12
321 12
322 16
323 9
324 12
325 9
326 9
327 9
328 9
329 68
330 9
331 25
332 8
333 67
334 8
335 9
336 8
337 8
338 8
339 1
340 8
341 2
342 67
343 67
344 12
345 8
346 9
347 2
348 75
349 2
350 62
351 75
352 2
353 77
354 53
355 2
356 12
357 54
358 77
359 75
360 75
361 63
362 75
363 66
364 75
365 2
366 44
367 53
368 75
369 23
370 44
371 58
372 44
373 78
374 66
375 25
376 6
377 6
378 4
379 6
380 6
381 6
382 23
383 23
384 23
385 22
386 23
387 23
388 65
389 23
390 65
391 65
392 79
393 65
394 65
395 65
396 20
397 65
398 20
399 65
400 19
401 65
402 65
403 65
404 23
405 23
406 23
407 23
408 23
409 23
410 15
411 23
412 23
413 23
414 78
415 78
416 78
417 78
418 78
419 78
420 78
421 78
422 78
423 69
424 78
425 78
426 78
427 78
428 72
429 78
430 78
431 15
432 15
433 33
434 15
435 15
436 15
437 15
438 15
439 15
440 15
441 15
442 15
443 15
444 58
445 58
446 58
447 58
448 58
449 58
450 58
451 58
452 58
453 58
454 59
455 58
456 56
457 58
458 59
459 58
460 59
461 59
462 58
463 59
464 58
465 56
466 59
467 58
468 58
469 59
470 58
471 59
472 58
473 58
474 58
475 74
476 74
477 56
478 25
479 25
480 25
481 25
482 25
483 25
484 25
485 54
486 34
487 5
488 5
489 8
490 9
491 9
492 9
493 41
494 9
495 1
496 9
497 9
498 70
499 55
500 8
501 9
502 9
503 9
504 16
505 6
506 9
507 4
508 44
509 63
510 23
511 8
512 13
513 8
514 8
515 8
516 8
517 25
518 16
519 0
520 0
521 1
522 0
523 0
524 39
525 2
526 0
527 0
528 1
529 0
530 0
531 32
532 4
533 7
534 0
535 39
536 1
537 0
538 4
539 55
540 1
541 2
542 0
543 0
544 0
545 0
546 4
547 0
548 76
549 1
550 1
551 76
552 1
553 13
554 1
555 0
556 1
557 1
558 1
559 1
560 0
561 29
562 30
563 22
564 22
565 22
566 34
567 22
568 22
569 22
570 22
571 22
572 13
573 51
574 22
575 22
576 24
577 20
578 43
579 22
580 22
581 24
582 24
583 24
584 24
585 24
586 24
587 24
588 29
589 29
590 29
591 29
592 18
593 18
594 1
595 1
596 1
597 1
598 1
599 56
600 1
601 39
602 1
603 1
604 1
605 1
606 4
607 1
608 4
609 1
610 2
611 1
612 32
613 1
614 4
615 39
616 30
617 1
618 4
619 61
620 61
621 61
622 65
623 64
624 61
625 65
626 79
627 63
628 8
629 65
630 65
631 25
632 25
633 16
634 25
635 25
636 36
637 36
638 36
639 36
640 21
641 36
642 36
643 36
644 36
645 28
646 25
647 35
648 21
649 21
650 79
651 21
652 21
653 21
654 21
655 35
656 74
657 40
658 16
659 15
660 40
661 75
662 40
663 32
664 32
665 36
666 9
667 9
668 9
669 35
670 7
671 9
672 12
673 7
674 7
675 37
676 74
677 76
678 48
679 63
680 71
681 71
682 71
683 71
684 71
685 71
686 63
687 71
688 47
689 62
690 49
691 62
692 71
693 16
694 16
695 16
696 16
697 64
698 16
699 16
700 61
701 66
702 16
703 21
704 10
705 16
706 16
707 16
708 46
709 46
710 46
711 46
712 46
713 46
714 46
715 46
716 46
717 46
718 45
719 46
720 42
721 46
722 45
723 46
724 3
725 3
726 7
727 7
728 9
729 55
730 55
731 55
732 55
733 27
734 25
735 55
736 55
737 40
738 59
739 55
740 55
741 40
742 39
743 55
744 55
745 55
746 16
747 27
748 27
749 27
750 27
751 27
752 27
753 27
754 27
755 20
756 20
757 16
758 27
759 16
760 27
761 27
762 12
763 45
764 12
765 45
766 12
767 12
768 12
769 12
770 12
771 12
772 12
773 12
774 12
775 12
776 63
777 64
778 64
779 54
780 64
781 64
782 64
783 78
784 15
785 20
786 20
787 20
788 78
789 20
790 20
791 20
792 1
793 36
794 1
795 65
796 1
797 75
798 75
799 75
800 75
801 75
802 75
803 59
804 75
805 75
806 71
807 71
808 71
809 66
810 71
811 71
812 61
813 61
814 53
815 61
816 61
817 28
818 28
819 28
820 28
821 28
822 28
823 28
824 28
825 28
826 28
827 28
828 72
829 72
830 72
831 72
832 4
833 4
834 34
835 34
836 34
837 34
838 68
839 34
840 34
841 34
842 34
843 34
844 74
845 74
846 74
847 34
848 34
849 34
850 34
851 34
852 34
853 66
854 21
855 21
856 21
857 15
858 21
859 16
860 15
861 5
862 5
863 5
864 14
865 14
866 14
867 14
868 14
869 14
870 14
871 11
872 14
873 14
874 12
875 13
876 14
877 1
878 1
879 1
880 1
881 1
882 1
883 1
884 1
885 69
886 1
887 69
888 79
889 79
890 79
891 79
892 79
893 70
894 70
895 79
896 79
897 71
898 71
899 70
900 73
901 71
902 66
903 71
904 71
905 70
906 71
907 71
908 73
909 66
910 66
911 66
912 66
913 69
914 70
915 65
916 66
917 24
918 79
919 79
920 66
921 24
922 79
923 66
924 66
925 65
926 66
927 13
928 39
929 69
930 61
931 31
932 61
933 61
934 13
935 61
936 61
937 61
938 61
939 13
940 21
941 61
942 37
943 25
944 40
945 40
946 40
947 41
948 40
949 40
950 40
951 40
952 40
953 43
954 40
955 40
956 40
957 40
958 40
959 43
960 43
961 43
962 43
963 43
964 43
965 43
966 43
967 43
968 53
969 43
970 43
971 43
972 43
973 34
974 43
975 34
976 47
977 46
978 43
979 27
980 27
981 27
982 27
983 27
984 36
985 27
986 71
987 27
988 27
989 27
990 27
991 27
992 27
993 71
994 72
995 72
996 25
997 71
998 72
999 71
1000 71
1001 71
1002 71
1003 72
1004 72
1005 72
1006 72
1007 72
1008 72
1009 72
1010 72
1011 72
1012 72
1013 72
1014 52
1015 52
1016 57
1017 51
1018 52
1019 52
1020 52
1021 49
1022 54
1023 41
1024 13
1025 53
1026 52
1027 28
1028 28
1029 28
1030 28
1031 28
1032 28
1033 28
1034 16
1035 16
1036 16
1037 16
1038 16
1039 16
1040 16
1041 19
1042 65
1043 72
1044 65
1045 67
1046 56
1047 65
1048 21
1049 21
1050 21
1051 39
1052 30
1053 39
1054 37
1055 39
1056 39
1057 39
1058 30
1059 39
1060 38
1061 42
1062 39
1063 39
1064 35
1065 33
1066 39
1067 53
1068 39
1069 36
1070 33
1071 33
1072 33
1073 33
1074 53
1075 53
1076 53
1077 53
1078 53
1079 53
1080 0
1081 53
1082 53
1083 53
1084 53
1085 53
1086 36
1087 36
1088 18
1089 19
1090 19
1091 19
1092 19
1093 19
1094 19
1095 18
1096 76
1097 19
1098 19
1099 19
1100 36
1101 36
1102 42
1103 42
1104 42
1105 42
1106 42
1107 42
1108 42
1109 42
1110 42
1111 42
1112 42
1113 42
1114 42
1115 42
1116 42
1117 47
1118 42
1119 42
1120 38
1121 44
1122 44
1123 22
1124 22
1125 22
1126 22
1127 22
1128 22
1129 13
1130 22
1131 22
1132 22
1133 26
1134 26
1135 26
1136 26
1137 26
1138 26
1139 26
1140 26
1141 26
1142 26
1143 26
1144 26
1145 26
1146 26
1147 26
1148 26
1149 26
1150 26
1151 26
1152 26
1153 36
1154 26
1155 26
1156 56
1157 56
1158 56
1159 54
1160 56
1161 56
1162 56
1163 56
1164 56
1165 43
1166 23
1167 60
1168 56
1169 56
1170 56
1171 56
1172 56
1173 56
1174 56
1175 56
1176 56
1177 7
1178 28
1179 28
1180 28
1181 28
1182 28
1183 28
1184 28
1185 28
1186 42
1187 42
1188 42
1189 42
1190 42
1191 42
1192 47
1193 47
1194 47
1195 47
1196 47
1197 47
1198 47
1199 47
1200 47
1201 47
1202 47
1203 77
1204 77
1205 77
1206 77
1207 77
1208 49
1209 77
1210 77
1211 77
1212 77
1213 77
1214 77
1215 77
1216 77
1217 38
1218 38
1219 38
1220 38
1221 38
1222 38
1223 38
1224 38
1225 38
1226 38
1227 38
1228 38
1229 68
1230 68
1231 68
1232 68
1233 68
1234 68
1235 68
1236 31
1237 31
1238 64
1239 64
1240 64
1241 64
1242 64
1243 64
1244 64
1245 64
1246 64
1247 64
1248 64
1249 64
1250 64
1251 64
1252 64
1253 64
1254 64
1255 64
1256 64
1257 64
1258 64
1259 64
1260 64
1261 64
1262 64
1263 64
1264 64
1265 64
1266 64
1267 64
1268 64
1269 64
1270 64
1271 64
1272 64
1273 64
1274 64
1275 64
1276 64
1277 64
1278 64
1279 15
1280 15
1281 15
1282 49
1283 49
1284 49
1285 49
1286 49
1287 77
1288 75
1289 75
1290 62
1291 75
1292 62
1293 62
1294 62
1295 62
1296 62
1297 62
1298 38
1299 38
1300 38
1301 38
1302 38
1303 38
1304 38
1305 38
1306 38
1307 38
1308 38
1309 38
1310 38
1311 73
1312 38
1313 38
1314 38
1315 38
1316 38
1317 73
1318 38
1319 38
1320 38
1321 38
1322 38
1323 38
1324 54
1325 54
1326 54
1327 54
1328 54
1329 54
1330 11
1331 11
1332 30
1333 30
1334 0
1335 30
1336 30
1337 60
1338 30
1339 33
1340 60
1341 13
1342 41
1343 18
1344 13
1345 34
1346 32
1347 34
1348 34
1349 34
1350 34
1351 32
1352 34
1353 33
1354 35
1355 36
1356 35
1357 35
1358 35
1359 35
1360 35
1361 8
1362 33
1363 35
1364 36
1365 8
1366 33
1367 67
1368 53
1369 53
1370 53
1371 53
1372 53
1373 62
1374 62
1375 62
1376 62
1377 62
1378 20
1379 20
1380 62
1381 32
1382 76
1383 76
1384 76
1385 76
1386 76
1387 76
1388 76
1389 76
1390 51
1391 76
1392 76
1393 76
1394 63
1395 76
1396 4
1397 53
1398 51
1399 42
1400 53
1401 53
1402 42
1403 1
1404 4
1405 4
1406 4
1407 39
1408 39
1409 39
1410 39
1411 39
1412 39
1413 39
1414 39
1415 72
1416 72
1417 72
1418 72
1419 72
1420 72
1421 72
1422 47
1423 50
1424 47
1425 50
1426 50
1427 50
1428 50
1429 50
1430 50
1431 50
1432 39
1433 39
1434 39
1435 39
1436 39
1437 39
1438 39
1439 75
1440 75
1441 54
1442 75
1443 7
1444 53
1445 50
1446 53
1447 53
1448 58
1449 75
1450 75
1451 75
1452 75
1453 75
1454 50
1455 75
1456 75
1457 75
1458 75
1459 75
1460 59
1461 59
1462 59
1463 58
1464 57
1465 58
1466 58
1467 58
1468 58
1469 58
1470 58
1471 58
1472 58
1473 58
1474 67
1475 67
1476 67
1477 67
1478 73
1479 67
1480 67
1481 67
1482 67
1483 67
1484 69
1485 67
1486 67
1487 67
1488 67
1489 44
1490 44
1491 51
1492 51
1493 51
1494 51
1495 51
1496 51
1497 51
1498 51
1499 51
1500 27
1501 51
1502 51
1503 21
1504 51
1505 51
1506 51
1507 51
1508 51
1509 78
1510 51
1511 76
1512 76
1513 41
1514 57
1515 68
1516 68
1517 68
1518 68
1519 68
1520 12
1521 44
1522 68
1523 68
1524 69
1525 13
1526 14
1527 13
1528 13
1529 13
1530 11
1531 13
1532 13
1533 18
1534 14
1535 13
1536 14
1537 14
1538 14
1539 13
1540 13
1541 14
1542 13
1543 13
1544 13
1545 14
1546 13
1547 14
1548 14
1549 13
1550 14
1551 13
1552 13
1553 13
1554 13
1555 13
1556 13
1557 25
1558 34
1559 22
1560 25
1561 25
1562 10
1563 46
1564 46
1565 45
1566 45
1567 46
1568 37
1569 39
1570 39
1571 39
1572 30
1573 30
1574 30
1575 30
1576 61
1577 20
1578 20
1579 20
1580 20
1581 20
1582 20
1583 24
1584 24
1585 24
1586 24
1587 70
1588 70
1589 70
1590 70
1591 70
1592 69
1593 68
1594 66
1595 66
1596 66
1597 66
1598 29
1599 70
1600 70
1601 70
1602 70
1603 70
1604 70
1605 70
1606 70
1607 70
1608 70
1609 70
1610 70
1611 73
1612 70
1613 70
1614 70
1615 70
1616 70
1617 70
1618 65
1619 65
1620 38
1621 38
1622 79
1623 29
1624 29
1625 29
1626 29
1627 44
1628 44
1629 44
1630 44
1631 44
1632 44
1633 71
1634 71
1635 61
1636 61
1637 61
1638 61
1639 61
1640 61
1641 61
1642 61
1643 22
1644 22
1645 24
1646 24
1647 33
1648 33
1649 33
1650 33
1651 33
1652 33
1653 32
1654 32
1655 32
1656 32
1657 32
1658 32
1659 32
1660 32
1661 65
1662 65
1663 65
1664 66
1665 65
1666 62
1667 63
1668 37
1669 25
1670 62
1671 62
1672 25
1673 25
1674 60
1675 61
1676 8
1677 61
1678 61
1679 60
1680 61
1681 61
1682 61
1683 61
1684 61
1685 66
1686 32
1687 32
1688 18
1689 18
1690 63
1691 63
1692 23
1693 23
1694 41
1695 63
1696 63
1697 63
1698 32
1699 32
1700 1
1701 20
1702 20
1703 22
1704 22
1705 60
1706 60
1707 60
1708 60
1709 60
1710 27
1711 53
1712 25
1713 25
1714 25
1715 25
1716 67
1717 67
1718 79
1719 79
1720 79
1721 79
1722 79
1723 79
1724 79
1725 79
1726 79
1727 32
1728 27
1729 27
1730 11
1731 11
1732 11
1733 11
1734 11
1735 11
1736 11
1737 11
1738 11
1739 11
1740 11
1741 11
1742 11
1743 11
1744 11
1745 56
1746 56
1747 72
1748 56
1749 31
1750 56
1751 56
1752 56
1753 56
1754 56
1755 72
1756 33
1757 30
1758 33
1759 73
1760 10
1761 33
1762 33
1763 30
1764 33
1765 33
1766 67
1767 67
1768 67
1769 65
1770 14
1771 39
1772 13
1773 13
1774 13
1775 13
1776 12
1777 60
1778 61
1779 61
1780 30
1781 30
1782 30
1783 33
1784 30
1785 30
1786 30
1787 30
1788 30
1789 30
1790 30
1791 74
1792 30
1793 11
1794 11
1795 11
1796 11
1797 11
1798 11
1799 11
1800 14
1801 11
1802 11
1803 14
1804 14
1805 14
1806 14
1807 14
1808 38
1809 19
1810 19
1811 19
1812 19
1813 19
1814 19
1815 19
1816 19
1817 19
1818 19
1819 31
1820 31
1821 31
1822 31
1823 31
1824 31
1825 31
1826 65
1827 66
1828 65
1829 65
1830 12
1831 13
1832 13
1833 11
1834 13
1835 13
1836 13
1837 22
1838 22
1839 44
1840 44
1841 54
1842 52
1843 52
1844 44
1845 44
1846 54
1847 50
1848 50
1849 63
1850 0
1851 7
1852 0
1853 0
1854 10
1855 7
1856 0
1857 43
1858 54
1859 44
1860 44
1861 44
1862 44
1863 44
1864 76
1865 44
1866 43
1867 44
1868 44
1869 44
1870 44
1871 35
1872 35
1873 35
1874 35
1875 35
1876 35
1877 35
1878 35
1879 35
1880 35
1881 35
1882 35
1883 35
1884 35
1885 35
1886 35
1887 35
1888 35
1889 35
1890 35
1891 35
1892 35
1893 35
1894 35
1895 35
1896 35
1897 35
1898 35
1899 35
1900 35
1901 35
1902 35
1903 35
1904 35
1905 71
1906 22
1907 47
1908 47
1909 44
1910 47
1911 47
1912 37
1913 25
1914 25
1915 25
1916 20
1917 36
1918 39
1919 39
1920 36
1921 36
1922 36
1923 36
1924 13
1925 13
1926 19
1927 19
1928 34
1929 34
1930 58
1931 59
1932 59
1933 36
1934 59
1935 36
1936 7
1937 7
1938 30
1939 30
1940 2
1941 30
1942 2
1943 30
1944 67
1945 67
1946 67
1947 69
1948 67
1949 53
1950 44
1951 61
1952 69
1953 61
1954 61
1955 61
1956 69
1957 61
1958 61
1959 57
1960 73
1961 73
1962 73
1963 73
1964 73
1965 73
1966 74
1967 73
1968 73
1969 73
1970 74
1971 74
1972 73
1973 73
1974 73
1975 73
1976 73
1977 73
1978 73
1979 73
1980 74
1981 73
1982 73
1983 29
1984 18
1985 18
1986 20
1987 20
1988 79
1989 79
1990 51
1991 79
1992 74
1993 38
1994 37
1995 66
1996 66
1997 46
1998 27
1999 27
2000 27
2001 34
2002 13
2003 14
2004 14
2005 36
2006 69
2007 69
2008 69
2009 69
2010 69
2011 69
2012 69
2013 69
2014 69
2015 69
2016 69
2017 76
2018 76
2019 76
2020 76
2021 76
2022 40
2023 40
2024 40
2025 41
2026 40
2027 12
2028 12
2029 12
2030 79
2031 79
2032 79
2033 79
2034 50
2035 39
2036 39
2037 39
2038 77
2039 14
2040 14
2041 14
2042 79
2043 79
2044 79
2045 60
2046 79
2047 68
2048 68
2049 68
2050 68
2051 50
2052 68
2053 68
2054 68
2055 68
2056 68
2057 63
2058 63
2059 62
2060 62
2061 39
2062 39
2063 39
2064 39
2065 39
2066 44
2067 31
2068 44
2069 44
2070 44
2071 63
2072 44
2073 48
2074 45
2075 76
2076 76
2077 43
2078 76
2079 76
2080 76
2081 76
2082 67
2083 67
2084 67
2085 67
2086 67
2087 67
2088 32
2089 2
2090 32
2091 32
2092 32
2093 44
2094 44
2095 44
2096 50
2097 50
2098 50
2099 50
2100 50
2101 50
2102 50
2103 28
2104 28
2105 22
2106 47
2107 47
2108 47
2109 15
2110 15
2111 16
2112 15
2113 54
2114 2
2115 54
2116 54
2117 35
2118 68
2119 35
2120 35
2121 21
2122 21
2123 21
2124 31
2125 31
2126 31
2127 31
2128 31
2129 31
2130 31
2131 30
2132 30
2133 30
2134 27
2135 27
2136 27
2137 27
2138 56
2139 59
2140 72
2141 59
2142 47
2143 22
2144 22
2145 22
2146 22
2147 3
2148 58
2149 55
2150 55
2151 50
2152 55
2153 55
2154 55
2155 56
2156 56
2157 56
2158 56
2159 56
2160 2
2161 30
2162 62
2163 12
2164 12
2165 12
2166 12
2167 12
2168 12
2169 12
2170 2
2171 12
2172 30
2173 13
2174 14
2175 11
2176 73
2177 73
2178 73
2179 73
2180 73
2181 73
2182 73
2183 79
2184 79
2185 56
2186 56
2187 56
2188 2
2189 2
2190 2
2191 40
2192 40
2193 40
2194 40
2195 43
2196 40
2197 52
2198 8
2199 8
2200 58
2201 58
2202 7
2203 42
2204 44
2205 41
2206 69
2207 24
2208 24
2209 54
2210 54
2211 0
2212 0
2213 36
2214 33
2215 33
2216 33
2217 33
2218 18
2219 18
2220 18
2221 21
2222 66
2223 66
2224 66
2225 66
2226 33
2227 45
2228 45
2229 45
2230 45
2231 45
2232 45
2233 41
2234 41
2235 45
2236 45
2237 45
2238 45
2239 51
2240 45
2241 46
2242 45
2243 45
2244 31
2245 8
2246 8
2247 8
2248 8
2249 8
2250 27
2251 62
2252 62
2253 62
2254 62
2255 62
2256 62
2257 62
2258 62
2259 62
2260 62
2261 62
2262 62
2263 6
2264 73
2265 73
2266 64
2267 73
2268 73
2269 73
2270 73
2271 79
2272 79
2273 79
2274 79
2275 79
2276 79
2277 78
2278 51
2279 60
2280 60
2281 60
2282 31
2283 79
2284 54
2285 54
2286 53
2287 42
2288 47
2289 47
2290 47
2291 47
2292 47
2293 47
2294 16
2295 70
2296 70
2297 70
2298 70
2299 25
2300 70
2301 37
2302 37
2303 37
2304 37
2305 37
2306 37
2307 37
2308 37
2309 37
2310 31
2311 37
2312 66
2313 67
2314 67
2315 23
2316 23
2317 23
2318 23
2319 20
2320 78
2321 30
2322 78
2323 20
2324 20
2325 20
2326 53
2327 52
2328 43
2329 52
2330 55
2331 72
2332 72
2333 64
2334 64
2335 72
2336 72
2337 74
2338 76
2339 63
2340 63
2341 63
2342 63
2343 60
2344 8
2345 20
2346 20
2347 20
2348 20
2349 20
2350 20
2351 20
2352 20
2353 20
2354 79
2355 50
2356 50
2357 50
2358 50
2359 50
2360 50
2361 54
2362 62
2363 62
2364 54
2365 72
2366 54
2367 53
2368 53
2369 53
2370 53
2371 53
2372 53
2373 78
2374 52
2375 53
2376 54
2377 53
2378 77
2379 77
2380 30
2381 45
2382 45
2383 45
2384 45
2385 45
2386 2
2387 2
2388 65
2389 65
2390 36
2391 36
2392 36
2393 36
2394 36
2395 36
2396 36
2397 36
2398 37
2399 37
2400 37
2401 37
2402 37
2403 32
2404 32
2405 32
2406 32
2407 32
2408 7
2409 7
2410 7
2411 7
2412 7
2413 7
2414 7
2415 25
2416 25
2417 71
2418 31
2419 71
2420 30
2421 31
2422 71
2423 71
2424 0
2425 5
2426 14
2427 14
2428 18
2429 18
2430 18
2431 18
2432 16
2433 16
2434 11
2435 2
2436 2
2437 2
2438 2
2439 8
2440 2
2441 2
2442 2
2443 2
2444 2
2445 2
2446 2
2447 2
2448 2
2449 2
2450 2
2451 1
2452 8
2453 2
2454 2
2455 2
2456 2
2457 12
2458 12
2459 52
2460 52
2461 52
2462 52
2463 52
2464 52
2465 52
2466 77
2467 52
2468 52
2469 41
2470 41
2471 41
2472 13
2473 15
2474 15
2475 56
2476 59
2477 59
2478 59
2479 59
2480 37
2481 67
2482 37
2483 37
2484 37
2485 37
2486 37
2487 37
2488 37
2489 34
2490 37
2491 37
2492 37
2493 26
2494 36
2495 36
2496 36
2497 36
2498 34
2499 34
2500 4
2501 51
2502 2
2503 2
2504 2
2505 2
2506 2
2507 23
2508 23
2509 23
2510 23
2511 23
2512 23
2513 23
2514 68
2515 61
2516 10
2517 17
2518 76
2519 8
2520 75
2521 75
2522 75
2523 19
2524 20
2525 21
2526 21
2527 21
2528 21
2529 21
2530 21
2531 21
2532 52
2533 52
2534 48
2535 48
2536 48
2537 48
2538 43
2539 48
2540 48
2541 48
2542 48
2543 48
2544 48
2545 48
2546 48
2547 48
2548 48
2549 48
2550 48
2551 48
2552 48
2553 4
2554 4
2555 25
2556 36
2557 70
2558 70
2559 70
2560 70
2561 70
2562 70
2563 70
2564 62
2565 62
2566 62
2567 62
2568 62
2569 18
2570 18
2571 18
2572 18
2573 18
2574 18
2575 18
2576 4
2577 18
2578 18
2579 18
2580 46
2581 46
2582 53
2583 67
2584 67
2585 10
2586 67
2587 51
2588 51
2589 51
2590 51
2591 51
2592 51
2593 51
2594 51
2595 51
2596 39
2597 76
2598 76
2599 79
2600 79
2601 79
2602 21
2603 21
2604 57
2605 34
2606 34
2607 34
2608 34
2609 34
2610 34
2611 21
2612 20
2613 20
2614 20
2615 20
2616 20
2617 70
2618 75
2619 75
2620 70
2621 75
2622 75
2623 22
2624 57
2625 57
2626 5
2627 5
2628 5
2629 5
2630 5
2631 5
2632 5
2633 5
2634 5
2635 5
2636 10
2637 12
2638 10
2639 6
2640 63
2641 68
2642 78
2643 25
2644 78
2645 56
2646 76
2647 58
2648 76
2649 76
2650 76
2651 24
2652 56
2653 37
2654 23
2655 37
2656 45
2657 45
2658 45
2659 45
2660 45
2661 45
2662 45
2663 45
2664 45
2665 45
2666 74
2667 45
2668 45
2669 45
2670 45
2671 51
2672 27
2673 51
2674 51
2675 51
2676 51
2677 23
2678 23
2679 65
2680 24
2681 24
2682 24
2683 24
2684 24
2685 19
2686 19
2687 19
2688 19
2689 19
2690 19
2691 19
2692 19
2693 19
2694 18
2695 18
2696 18
2697 18
2698 18
2699 18
2700 18
2701 18
2702 18
2703 18
2704 65
2705 65
2706 65
2707 65
2708 65
2709 65
2710 65
2711 24
2712 24
2713 24
2714 24
2715 24
2716 24
2717 24
2718 34
2719 34
2720 34
2721 40
2722 43
2723 43
2724 43
2725 43
2726 43
2727 43
2728 43
2729 43
2730 43
2731 43
2732 43
2733 43
2734 43
2735 43
2736 43
2737 23
2738 23
2739 23
2740 23
2741 23
2742 23
2743 23
2744 23
2745 55
2746 54
2747 55
2748 69
2749 69
2750 69
2751 69
2752 69
2753 69
2754 69
2755 69
2756 73
2757 76
2758 76
2759 40
2760 40
2761 40
2762 40
2763 40
2764 44
2765 60
2766 43
2767 50
2768 50
2769 10
2770 0
2771 10
2772 10
2773 10
2774 21
2775 10
2776 21
2777 4
2778 4
2779 4
2780 4
2781 10
2782 10
2783 38
2784 68
2785 69
2786 40
2787 68
2788 73
2789 73
2790 73
2791 73
2792 73
2793 39
2794 16
2795 12
2796 12
2797 12
2798 12
2799 12
2800 12
2801 6
2802 6
2803 6
2804 6
2805 6
2806 25
2807 61
2808 10
2809 58
2810 58
2811 58
2812 58
2813 46
2814 46
2815 46
2816 46
2817 46
2818 46
2819 46
2820 42
2821 31
2822 31
2823 2
2824 44
2825 44
2826 44
2827 46
2828 46
2829 15
2830 15
2831 15
2832 15
2833 15
2834 15
2835 15
2836 15
2837 24
2838 24
2839 24
2840 18
2841 18
2842 19
2843 13
2844 14
2845 26
2846 27
2847 1
2848 30
2849 52
2850 52
2851 52
2852 52
2853 30
2854 30
2855 30
2856 30
2857 30
2858 30
2859 30
2860 23
2861 23
2862 23
2863 59
2864 7
2865 7
2866 7
2867 7
2868 77
2869 63
2870 60
2871 63
2872 63
2873 63
2874 63
2875 63
2876 63
2877 63
2878 63
2879 74
2880 31
2881 54
2882 63
2883 63
2884 13
2885 13
2886 61
2887 42
2888 42
2889 33
2890 33
2891 33
2892 33
2893 33
2894 33
2895 33
2896 33
2897 36
2898 36
2899 4
2900 10
2901 4
2902 4
2903 49
2904 49
2905 49
2906 49
2907 79
2908 78
2909 78
2910 78
2911 78
2912 70
2913 70
2914 25
2915 25
2916 71
2917 71
2918 23
2919 48
2920 49
2921 49
2922 49
2923 49
2924 54
2925 49
2926 49
2927 49
2928 10
2929 7
2930 7
2931 10
2932 4
2933 26
2934 4
2935 54
2936 54
2937 54
2938 42
2939 42
2940 42
2941 42
2942 42
2943 42
2944 42
2945 42
2946 42
2947 42
2948 42
2949 42
2950 33
2951 33
2952 66
2953 10
2954 10
2955 10
2956 17
2957 10
2958 10
2959 10
2960 10
2961 10
2962 10
2963 74
2964 74
2965 74
2966 0
2967 0
2968 0
2969 53
2970 53
2971 5
2972 5
2973 5
2974 5
2975 5
2976 5
2977 5
2978 5
2979 5
2980 73
2981 70
2982 70
2983 70
2984 70
2985 70
2986 70
2987 70
2988 72
2989 72
2990 16
2991 16
2992 16
2993 16
2994 71
2995 71
2996 71
2997 71
2998 7
2999 63
3000 63
3001 63
3002 63
3003 63
3004 59
3005 59
3006 7
3007 7
3008 7
3009 7
3010 7
3011 62
3012 74
3013 58
3014 58
3015 58
3016 58
3017 58
3018 58
3019 58
3020 69
3021 69
3022 69
3023 69
3024 69
3025 69
3026 69
3027 69
3028 69
3029 69
3030 3
3031 31
3032 31
3033 31
3034 42
3035 43
3036 59
3037 59
3038 59
3039 59
3040 59
3041 63
3042 59
3043 59
3044 59
3045 59
3046 59
3047 29
3048 29
3049 29
3050 24
3051 24
3052 24
3053 24
3054 29
3055 29
3056 29
3057 29
3058 29
3059 29
3060 29
3061 51
3062 28
3063 74
3064 74
3065 74
3066 54
3067 54
3068 43
3069 43
3070 43
3071 34
3072 18
3073 18
3074 18
3075 18
3076 18
3077 6
3078 6
3079 6
3080 6
3081 6
3082 71
3083 71
3084 65
3085 27
3086 27
3087 27
3088 27
3089 41
3090 41
3091 42
3092 42
3093 42
3094 78
3095 51
3096 51
3097 51
3098 37
3099 42
3100 36
3101 36
3102 46
3103 63
3104 2
3105 75
3106 75
3107 31
3108 31
3109 72
3110 72
3111 63
3112 0
3113 0
3114 0
3115 0
3116 11
3117 11
3118 11
3119 59
3120 59
3121 54
3122 59
3123 59
3124 12
3125 12
3126 12
3127 12
3128 24
3129 38
3130 38
3131 31
3132 31
3133 44
3134 14
3135 14
3136 14
3137 14
3138 14
3139 14
3140 14
3141 14
3142 14
3143 78
3144 78
3145 78
3146 78
3147 78
3148 78
3149 78
3150 78
3151 78
3152 78
3153 27
3154 38
3155 38
3156 60
3157 60
3158 56
3159 51
3160 51
3161 51
3162 51
3163 79
3164 2
3165 2
3166 2
3167 2
3168 2
3169 52
3170 19
3171 19
3172 19
3173 56
3174 56
3175 72
3176 72
3177 46
3178 46
3179 46
3180 15
3181 7
3182 33
3183 55
3184 55
3185 55
3186 55
3187 55
3188 55
3189 55
3190 37
3191 37
3192 37
3193 8
3194 8
3195 32
3196 32
3197 32
3198 32
3199 32
3200 77
3201 77
3202 38
3203 38
3204 10
3205 10
3206 10
3207 10
3208 10
3209 66
3210 72
3211 72
3212 40
3213 40
3214 40
3215 40
3216 72
3217 72
3218 72
3219 72
3220 72
3221 78
3222 78
3223 78
3224 78
3225 78
3226 78
3227 78
3228 78
3229 78
3230 4
3231 4
3232 4
3233 36
3234 54
3235 51
3236 54
3237 54
3238 54
3239 54
3240 54
3241 54
3242 57
3243 57
3244 32
3245 69
3246 69
3247 69
3248 69
3249 69
3250 78
3251 41
3252 41
3253 41
3254 41
3255 41
3256 41
3257 41
3258 41
3259 41
3260 41
3261 41
3262 41
3263 41
3264 41
3265 52
3266 77
3267 77
3268 77
3269 77
3270 77
3271 77
3272 77
3273 43
3274 74
3275 74
3276 74
3277 74
3278 74
3279 74
3280 74
3281 74
3282 57
3283 57
3284 57
3285 57
3286 57
3287 57
3288 57
3289 57
3290 57
3291 34
3292 11
3293 11
3294 11
3295 11
3296 8
3297 8
3298 8
3299 8
3300 8
3301 8
3302 68
3303 68
3304 68
3305 68
3306 68
3307 68
3308 68
3309 68
3310 68
3311 68
3312 68
3313 68
3314 68
3315 68
3316 68
3317 68
3318 20
3319 20
3320 20
3321 34
3322 13
3323 13
3324 43
3325 4
3326 4
3327 60
3328 4
3329 4
3330 60
3331 4
3332 60
3333 19
3334 4
3335 19
3336 4
3337 60
3338 26
3339 26
3340 26
3341 26
3342 39
3343 49
3344 49
3345 49
3346 49
3347 49
3348 49
3349 49
3350 49
3351 49
3352 49
3353 49
3354 49
3355 49
3356 49
3357 22
3358 0
3359 26
3360 26
3361 52
3362 26
3363 52
3364 25
3365 25
3366 25
3367 25
3368 25
3369 25
3370 25
3371 25
3372 25
3373 25
3374 5
3375 5
3376 66
3377 57
3378 57
3379 57
3380 57
3381 57
3382 57
3383 57
3384 21
3385 57
3386 66
3387 66
3388 66
3389 44
3390 44
3391 46
3392 46
3393 46
3394 46
3395 46
3396 46
3397 6
3398 6
3399 6
3400 6
3401 6
3402 6
3403 6
3404 6
3405 6
3406 6
3407 6
3408 6
3409 6
3410 11
3411 24
3412 24
3413 54
3414 54
3415 46
3416 46
3417 46
3418 46
3419 46
3420 61
3421 61
3422 77
3423 77
3424 71
3425 71
3426 71
3427 20
3428 20
3429 20
3430 41
3431 45
3432 45
3433 45
3434 8
3435 8
3436 31
3437 3
3438 3
3439 4
3440 50
3441 3
3442 3
3443 0
3444 0
3445 0
3446 0
3447 61
3448 27
3449 73
3450 27
3451 27
3452 22
3453 22
3454 22
3455 48
3456 48
3457 48
3458 48
3459 48
3460 49
3461 48
3462 48
3463 48
3464 48
3465 48
3466 48
3467 48
3468 48
3469 48
3470 48
3471 48
3472 48
3473 48
3474 48
3475 48
3476 48
3477 48
3478 48
3479 49
3480 48
3481 48
3482 48
3483 48
3484 49
3485 49
3486 16
3487 16
3488 16
3489 23
3490 23
3491 10
3492 10
3493 10
3494 10
3495 52
3496 52
3497 52
3498 52
3499 60
3500 21
3501 45
3502 45
3503 45
3504 13
3505 45
3506 45
3507 45
3508 45
3509 74
3510 74
3511 74
3512 74
3513 74
3514 74
3515 74
3516 74
3517 55
3518 55
3519 55
3520 55
3521 55
3522 55
3523 55
3524 55
3525 55
3526 55
3527 55
3528 55
3529 55
3530 55
3531 55
3532 55
3533 55
3534 55
3535 55
3536 55
3537 55
3538 55
3539 55
3540 34
3541 34
3542 34
3543 26
3544 63
3545 63
3546 63
3547 63
3548 3
3549 3
3550 69
3551 47
3552 47
3553 47
3554 62
3555 62
3556 62
3557 47
3558 47
3559 33
3560 59
3561 59
3562 59
3563 59
3564 3
3565 4
3566 4
3567 4
3568 4
3569 43
3570 43
3571 43
3572 61
3573 74
3574 74
3575 41
3576 41
3577 41
3578 41
3579 41
3580 41
3581 41
3582 41
3583 41
3584 41
3585 41
3586 41
3587 74
3588 4
3589 40
3590 1
3591 30
3592 27
3593 25
3594 9
3595 9
3596 33
3597 18
3598 77
3599 10
3600 30
3601 5
3602 49
3603 46
3604 46
3605 21
3606 21
3607 21
3608 21
3609 21
3610 43
3611 66
3612 66
3613 32
3614 32
3615 32
3616 32
3617 37
3618 37
3619 76
3620 76
3621 37
3622 37
3623 37
3624 67
3625 67
3626 67
3627 67
3628 67
3629 67
3630 57
3631 57
3632 57
3633 57
3634 57
3635 57
3636 57
3637 57
3638 31
3639 31
3640 62
3641 62
3642 62
3643 47
3644 47
3645 47
3646 47
3647 47
3648 47
3649 47
3650 47
3651 47
3652 47
3653 41
3654 41
3655 41
3656 13
3657 54
3658 17
3659 17
3660 17
3661 17
3662 17
3663 17
3664 17
3665 17
3666 17
3667 17
3668 17
3669 17
3670 17
3671 17
3672 17
3673 17
3674 17
3675 17
3676 17
3677 17
3678 17
3679 17
3680 17
3681 17
3682 17
3683 17
3684 17
3685 17
3686 17
3687 17
3688 17
3689 17
3690 17
3691 17
3692 19
3693 19
3694 19
3695 74
3696 57
3697 51
3698 56
3699 56
3700 56
3701 56
3702 11
3703 32
3704 10
3705 10
3706 10
3707 18
3708 33
3709 33
3710 52
3711 52
3712 52
3713 53
3714 53
3715 77
3716 77
3717 77
3718 77
3719 77
3720 63
3721 32
3722 32
3723 32
3724 32
3725 74
3726 52
3727 52
3728 52
3729 79
3730 73
3731 73
3732 41
3733 18
3734 54
3735 54
3736 54
3737 54
3738 56
3739 59
3740 59
3741 59
3742 59
3743 59
3744 26
3745 26
3746 26
3747 30
3748 26
3749 26
3750 30
3751 30
3752 26
3753 26
3754 26
3755 26
3756 31
3757 31
3758 10
3759 10
3760 10
3761 10
3762 42
3763 65
3764 65
3765 5
3766 5
3767 5
3768 1
3769 1
3770 1
3771 1
3772 20
3773 74
3774 74
3775 57
3776 57
3777 57
3778 57
3779 57
3780 54
3781 4
3782 10
3783 10
3784 77
3785 77
3786 77
3787 77
3788 77
3789 75
3790 75
3791 75
3792 29
3793 29
3794 41
3795 41
3796 41
3797 49
3798 49
3799 49
3800 53
3801 53
3802 53
3803 34
3804 49
3805 49
3806 30
3807 73
3808 74
3809 21
3810 21
3811 21
3812 21
3813 21
3814 21
3815 50
3816 50
3817 60
3818 60
3819 5
3820 5
3821 5
3822 5
3823 5
3824 5
3825 5
3826 5
3827 52
3828 52
3829 32
3830 32
3831 17
3832 17
3833 45
3834 66
3835 66
3836 73
3837 37
3838 37
3839 54
3840 19
3841 19
3842 19
3843 19
3844 19
3845 11
3846 31
3847 31
3848 31
3849 48
3850 37
3851 37
3852 23
3853 52
3854 34
3855 28
3856 77
3857 77
3858 77
3859 63
3860 63
3861 63
3862 63
3863 38
3864 38
3865 38
3866 74
3867 57
3868 57
3869 57
3870 57
3871 57
3872 57
3873 64
3874 17
3875 17
3876 17
3877 17
3878 17
3879 17
3880 17
3881 17
3882 17
3883 17
3884 8
3885 57
3886 57
3887 57
3888 57
3889 57
3890 24
3891 42
3892 42
3893 41
3894 7
3895 7
3896 7
3897 7
3898 7
3899 67
3900 40
3901 40
3902 40
3903 40
3904 40
3905 40
3906 40
3907 40
3908 26
3909 26
3910 26
3911 26
3912 18
3913 18
3914 21
3915 21
3916 75
3917 75
3918 75
3919 75
3920 75
3921 75
3922 75
3923 75
3924 75
3925 76
3926 76
3927 76
3928 39
3929 39
3930 39
3931 39
3932 39
3933 43
3934 40
3935 40
3936 40
3937 24
3938 24
3939 24
3940 24
3941 31
3942 31
3943 31
3944 31
3945 56
3946 66
3947 0
3948 0
3949 0
3950 27
3951 8
3952 74
3953 33
3954 4
3955 57
3956 66
3957 66
3958 66
3959 66
3960 66
3961 28
3962 28
3963 77
3964 54
3965 44
3966 12
3967 46
3968 19
3969 19
3970 19
3971 19
3972 16
3973 16
3974 16
3975 16
3976 16
3977 16
3978 16
3979 16
3980 16
3981 16
3982 16
3983 16
3984 16
3985 16
3986 16
3987 15
3988 33
3989 33
3990 33
3991 44
3992 21
3993 21
3994 21
3995 36
3996 8
3997 8
3998 31
3999 31
4000 31
4001 26
4002 26
4003 26
4004 51
4005 53
4006 53
4007 47
4008 47
4009 47
4010 47
4011 47
4012 23
4013 4
4014 9
4015 69
4016 68
4017 18
4018 46
4019 65
4020 65
4021 65
4022 1
4023 10
4024 10
4025 10
4026 66
4027 21
4028 77
4029 77
4030 77
4031 46
4032 46
4033 46
4034 31
4035 66
4036 22
4037 7
4038 7
4039 37
4040 37
4041 37
4042 37
4043 37
4044 32
4045 32
4046 71
4047 71
4048 68
4049 69
4050 69
4051 58
4052 77
4053 74
4054 74
4055 72
4056 72
4057 72
4058 77
4059 66
4060 66
4061 66
4062 51
4063 48
4064 48
4065 22
4066 41
4067 53
4068 41
4069 67
4070 6
4071 6
4072 6
4073 6
4074 6
4075 6
4076 6
4077 6
4078 6
4079 6
4080 6
4081 6
4082 6
4083 6
4084 6
4085 60
4086 60
4087 26
4088 26
4089 45
4090 73
4091 73
4092 60
4093 60
4094 60
4095 15
4096 28
4097 28
4098 28
4099 58
4100 52
4101 52
4102 66
4103 76
4104 76
4105 29
4106 29
4107 29
4108 7
4109 19
4110 10
4111 10
4112 10
4113 62
4114 52
4115 34
4116 67
4117 67
4118 13
4119 11
4120 11
4121 11
4122 11
4123 11
4124 11
4125 11
4126 11
4127 59
4128 59
4129 49
4130 49
4131 49
4132 49
4133 48
4134 48
4135 60
4136 40
4137 47
4138 52
4139 58
4140 58
4141 65
4142 65
4143 65
4144 36
4145 17
4146 17
4147 17
4148 35
4149 35
4150 62
4151 41
4152 28
4153 31
4154 76
4155 53
4156 30
4157 70
