1 0
514 0
3 0
4 0
5 0
6 0
7 0
515 0
9 0
517 0
519 0
523 0
14 0
16 0
17 0
530 0
533 0
22 0
26 0
27 0
28 0
29 0
538 0
543 0
32 0
36 0
549 0
550 0
552 0
44 0
556 0
557 0
558 0
48 0
49 0
560 0
52 0
53 0
54 0
564 0
567 0
59 0
571 0
61 0
573 0
66 0
68 0
580 0
72 0
584 0
586 0
76 0
77 0
79 0
80 0
594 0
595 0
86 0
600 0
89 0
601 0
602 0
92 0
604 0
94 0
605 0
97 0
98 0
610 0
612 0
102 0
104 0
107 0
619 0
109 0
623 0
112 0
625 0
628 0
117 0
119 0
121 0
122 0
123 0
633 0
634 0
635 0
638 0
128 0
639 0
640 0
641 0
132 0
134 0
647 0
136 0
648 0
138 0
139 0
140 0
650 0
654 0
143 0
144 0
656 0
657 0
148 0
660 0
150 0
662 0
152 0
153 0
154 0
155 0
665 0
667 0
670 0
671 0
165 0
678 0
167 0
680 0
172 0
173 0
175 0
687 0
693 0
184 0
696 0
187 0
699 0
189 0
190 0
192 0
195 0
709 0
712 0
715 0
717 0
206 0
208 0
721 0
212 0
726 0
735 0
224 0
736 0
226 0
227 0
739 0
232 0
234 0
235 0
237 0
749 0
750 0
751 0
753 0
243 0
244 0
756 0
246 0
759 0
765 0
766 0
255 0
259 0
260 0
261 0
262 0
265 0
266 0
270 0
273 0
277 0
282 0
290 0
294 0
295 0
296 0
297 0
299 0
300 0
303 0
304 0
309 0
310 0
313 0
314 0
317 0
324 0
326 0
327 0
332 0
336 0
340 0
345 0
349 0
350 0
357 0
359 0
362 0
367 0
368 0
370 0
371 0
375 0
378 0
379 0
383 0
387 0
390 0
392 0
398 0
412 0
416 0
419 0
423 0
425 0
426 0
427 0
428 0
431 0
432 0
434 0
435 0
444 0
445 0
448 0
453 0
454 0
455 0
457 0
458 0
459 0
460 0
464 0
467 0
468 0
469 0
474 0
475 0
478 0
479 0
483 0
487 0
490 0
491 0
493 0
494 0
495 0
496 0
500 0
501 0
513 1
2 1
516 1
518 1
521 1
522 1
12 1
525 1
526 1
527 1
528 1
531 1
534 1
23 1
537 1
541 1
30 1
544 1
545 1
546 1
547 1
548 1
39 1
40 1
41 1
42 1
553 1
554 1
46 1
561 1
50 1
563 1
565 1
57 1
58 1
569 1
572 1
574 1
63 1
64 1
65 1
575 1
67 1
579 1
69 1
70 1
71 1
581 1
582 1
583 1
75 1
585 1
587 1
78 1
588 1
591 1
81 1
82 1
83 1
592 1
85 1
597 1
87 1
88 1
598 1
91 1
603 1
93 1
96 1
608 1
609 1
99 1
100 1
614 1
616 1
617 1
108 1
624 1
113 1
114 1
626 1
627 1
118 1
630 1
120 1
127 1
131 1
643 1
646 1
135 1
146 1
658 1
659 1
149 1
661 1
151 1
666 1
669 1
672 1
161 1
162 1
674 1
164 1
675 1
676 1
677 1
679 1
681 1
171 1
685 1
174 1
686 1
688 1
177 1
178 1
179 1
691 1
182 1
183 1
695 1
185 1
186 1
698 1
194 1
707 1
196 1
197 1
198 1
199 1
708 1
201 1
202 1
710 1
711 1
205 1
716 1
207 1
718 1
722 1
215 1
727 1
217 1
729 1
221 1
733 1
223 1
737 1
229 1
741 1
744 1
745 1
747 1
748 1
239 1
241 1
245 1
758 1
761 1
762 1
253 1
767 1
768 1
263 1
264 1
268 1
269 1
272 1
274 1
276 1
279 1
280 1
283 1
286 1
287 1
291 1
292 1
302 1
305 1
308 1
311 1
312 1
320 1
325 1
330 1
331 1
333 1
337 1
338 1
339 1
342 1
343 1
344 1
351 1
352 1
354 1
355 1
363 1
364 1
369 1
373 1
374 1
376 1
377 1
384 1
388 1
389 1
391 1
395 1
396 1
400 1
401 1
402 1
403 1
404 1
405 1
407 1
408 1
410 1
411 1
414 1
415 1
417 1
418 1
422 1
424 1
429 1
433 1
436 1
439 1
441 1
443 1
446 1
447 1
449 1
461 1
466 1
470 1
471 1
472 1
476 1
477 1
480 1
481 1
485 1
486 1
488 1
492 1
497 1
499 1
502 1
504 1
506 1
509 1
510 1
512 2
8 2
520 2
10 2
11 2
524 2
15 2
529 2
18 2
19 2
20 2
21 2
532 2
535 2
536 2
24 2
25 2
539 2
540 2
542 2
31 2
33 2
34 2
37 2
38 2
551 2
43 2
555 2
45 2
47 2
559 2
562 2
51 2
566 2
55 2
56 2
568 2
570 2
60 2
62 2
576 2
577 2
578 2
73 2
589 2
590 2
593 2
84 2
596 2
599 2
90 2
606 2
95 2
607 2
611 2
101 2
613 2
103 2
615 2
105 2
618 2
620 2
621 2
110 2
111 2
622 2
115 2
116 2
629 2
631 2
632 2
636 2
637 2
124 2
125 2
126 2
129 2
130 2
642 2
644 2
133 2
645 2
137 2
649 2
651 2
652 2
141 2
142 2
653 2
655 2
145 2
663 2
664 2
156 2
157 2
158 2
159 2
160 2
668 2
673 2
163 2
166 2
168 2
170 2
682 2
683 2
684 2
176 2
689 2
690 2
180 2
181 2
692 2
694 2
697 2
188 2
700 2
701 2
191 2
702 2
193 2
703 2
704 2
705 2
706 2
200 2
713 2
714 2
203 2
204 2
719 2
720 2
209 2
210 2
211 2
723 2
213 2
214 2
724 2
216 2
725 2
218 2
219 2
220 2
728 2
222 2
730 2
731 2
225 2
732 2
734 2
228 2
738 2
230 2
231 2
740 2
233 2
742 2
743 2
236 2
746 2
238 2
240 2
752 2
242 2
754 2
755 2
757 2
247 2
248 2
249 2
250 2
251 2
252 2
760 2
254 2
763 2
256 2
257 2
258 2
764 2
769 2
267 2
271 2
275 2
278 2
281 2
284 2
285 2
288 2
289 2
293 2
298 2
301 2
306 2
307 2
315 2
316 2
318 2
319 2
321 2
322 2
323 2
328 2
329 2
334 2
335 2
341 2
346 2
347 2
348 2
353 2
356 2
358 2
360 2
361 2
365 2
366 2
372 2
380 2
381 2
382 2
385 2
386 2
393 2
394 2
397 2
399 2
406 2
409 2
413 2
420 2
421 2
430 2
438 2
440 2
442 2
450 2
451 2
452 2
456 2
462 2
463 2
465 2
473 2
482 2
484 2
489 2
498 2
503 2
505 2
507 2
508 2
511 2
