114 2
116 2
139 2
142 2
151 2
155 2
176 2
187 2
188 2
190 2
196 2
205 2
214 2
234 2
252 2
261 2
296 2
315 2
321 2
361 2
365 2
373 2
381 2
424 2
431 2
475 2
481 2
484 2
490 2
517 2
532 2
605 2
622 2
626 2
638 2
654 2
659 2
666 2
668 2
694 2
699 2
701 2
709 2
735 2
2 2
45 2
85 2
161 2
213 2
226 2
253 2
265 2
283 2
332 2
339 2
366 2
396 2
420 2
432 2
438 2
442 2
453 2
512 2
519 2
522 2
534 2
560 2
585 2
596 2
632 2
670 2
672 2
689 2
550 2
657 2
254 2
303 2
445 2
649 2
16 2
158 2
263 2
400 2
544 2
342 2
444 2
482 2
128 2
203 2
715 2
468 2
9 2
11 2
52 2
385 2
467 2
665 2
719 2
95 2
174 2
473 2
727 2
15 2
65 2
77 2
244 2
282 2
378 2
390 2
393 2
412 2
418 2
421 2
465 2
514 2
562 2
570 2
590 2
688 2
747 2
17 2
27 2
47 2
113 2
191 2
204 2
260 2
333 2
380 2
391 2
399 2
419 2
461 2
472 2
567 2
588 2
624 2
644 2
678 2
722 2
724 2
736 2
764 2
50 2
104 2
110 2
367 2
388 2
409 2
427 2
639 2
54 2
117 2
307 2
318 2
411 2
509 2
530 2
573 2
637 2
757 2
21 2
122 2
124 2
131 2
470 2
497 2
37 2
24 2
51 2
751 2
58 2
634 2
720 2
46 2
112 2
164 2
179 2
215 2
384 2
446 2
491 2
521 2
600 2
614 2
658 2
696 2
733 2
28 2
185 2
351 2
548 2
607 2
675 2
690 2
29 2
143 2
216 2
230 2
239 2
294 2
439 2
766 2
137 2
289 2
33 2
458 2
510 2
593 2
611 2
369 2
40 2
48 2
41 2
105 2
304 2
347 2
368 2
274 2
286 2
612 2
710 2
758 2
466 2
247 2
295 2
518 2
386 2
387 2
219 2
449 2
698 2
721 2
49 2
287 2
447 2
677 2
765 2
87 2
316 2
583 2
599 2
177 2
370 2
558 2
184 2
486 2
325 2
441 2
547 2
648 2
660 2
728 2
451 2
636 2
119 2
403 2
642 2
67 2
76 2
293 2
374 2
121 2
80 2
327 2
402 2
474 2
527 2
629 2
92 2
627 2
681 2
760 2
723 2
91 2
94 2
98 2
99 2
564 2
111 2
397 2
553 2
617 2
753 2
572 2
138 2
382 2
392 2
426 2
464 2
618 2
663 2
725 2
734 2
349 2
542 2
288 2
680 2
221 2
172 2
148 2
269 2
575 2
674 2
410 2
507 2
290 2
181 2
662 2
206 2
501 2
523 2
566 2
693 2
264 2
428 2
337 2
749 2
456 2
401 2
743 2
540 2
394 2
744 2
712 2
581 2
533 2
536 2
713 2
5 3
1 3
36 3
39 3
43 3
61 3
90 3
96 3
101 3
120 3
132 3
140 3
146 3
153 3
154 3
165 3
197 3
198 3
224 3
236 3
243 3
249 3
266 3
268 3
279 3
284 3
298 3
309 3
312 3
330 3
335 3
336 3
341 3
344 3
352 3
353 3
375 3
377 3
413 3
436 3
455 3
479 3
483 3
487 3
503 3
511 3
520 3
535 3
552 3
589 3
641 3
652 3
676 3
682 3
685 3
692 3
732 3
738 3
754 3
769 3
30 3
79 3
170 3
280 3
359 3
383 3
406 3
457 3
460 3
537 3
3 3
371 3
416 3
130 3
4 3
162 3
582 3
606 3
625 3
669 3
12 3
81 3
180 3
199 3
232 3
259 3
273 3
301 3
478 3
489 3
543 3
571 3
598 3
602 3
687 3
767 3
7 3
302 3
14 3
8 3
25 3
59 3
157 3
168 3
202 3
502 3
601 3
679 3
700 3
705 3
718 3
746 3
748 3
44 3
10 3
102 3
126 3
160 3
225 3
228 3
308 3
322 3
362 3
529 3
569 3
616 3
646 3
655 3
731 3
740 3
72 3
83 3
118 3
217 3
229 3
240 3
343 3
376 3
423 3
448 3
459 3
499 3
525 3
559 3
595 3
702 3
745 3
149 3
150 3
262 3
310 3
348 3
364 3
404 3
405 3
429 3
433 3
462 3
742 3
621 3
19 3
136 3
166 3
237 3
546 3
613 3
650 3
759 3
737 3
276 3
711 3
762 3
22 3
194 3
508 3
706 3
23 3
193 3
258 3
556 3
667 3
683 3
38 3
233 3
328 3
541 3
561 3
587 3
610 3
707 3
26 3
71 3
171 3
292 3
395 3
580 3
653 3
493 3
60 3
107 3
218 3
311 3
356 3
407 3
454 3
469 3
173 3
628 3
643 3
32 3
271 3
346 3
354 3
357 3
568 3
34 3
178 3
248 3
695 3
752 3
141 3
603 3
703 3
313 3
729 3
108 3
586 3
89 3
125 3
208 3
277 3
450 3
506 3
739 3
417 3
504 3
55 3
209 3
340 3
212 3
299 3
331 3
488 3
66 3
68 3
480 3
485 3
604 3
741 3
73 3
75 3
231 3
358 3
135 3
281 3
408 3
88 3
496 3
109 3
134 3
430 3
577 3
661 3
684 3
686 3
704 3
97 3
189 3
513 3
545 3
594 3
100 3
129 3
435 3
123 3
238 3
297 3
222 3
761 3
565 3
329 3
492 3
635 3
608 3
159 3
163 3
360 3
182 3
551 3
201 3
207 3
414 3
372 3
398 3
246 3
363 3
673 3
350 3
708 3
272 3
326 3
300 3
306 3
471 3
317 3
324 3
505 3
597 3
579 3
633 3
531 3
