9770 0
8197 0
11 0
12 0
13 0
17 0
8212 0
22 0
8213 0
8216 0
8220 0
8222 0
8225 0
47 0
8241 0
51 0
54 0
55 0
67 0
69 0
71 0
74 0
76 0
82 0
8276 0
86 0
87 0
95 0
8286 0
99 0
109 0
111 0
112 0
113 0
114 0
115 0
118 0
119 0
120 0
121 0
127 0
128 0
129 0
131 0
133 0
134 0
8342 0
8343 0
8344 0
8345 0
155 0
8347 0
8354 0
165 0
8369 0
8370 0
8376 0
8377 0
192 0
8392 0
8393 0
8394 0
8395 0
8396 0
8404 0
8405 0
223 0
8415 0
8427 0
8428 0
8429 0
8449 0
264 0
266 0
267 0
272 0
273 0
8464 0
275 0
8465 0
8467 0
8468 0
8471 0
294 0
8492 0
8493 0
303 0
305 0
307 0
8505 0
8510 0
8512 0
8514 0
8515 0
8521 0
8524 0
8535 0
350 0
351 0
352 0
353 0
360 0
361 0
362 0
363 0
365 0
8554 0
8555 0
8556 0
8559 0
371 0
8561 0
8563 0
8564 0
8568 0
8571 0
8572 0
8574 0
8576 0
8577 0
397 0
398 0
8595 0
8596 0
8597 0
8598 0
8599 0
8601 0
412 0
429 0
430 0
431 0
8621 0
8626 0
8664 0
8668 0
8669 0
8670 0
8671 0
8674 0
8680 0
8681 0
8683 0
8684 0
8689 0
507 0
8698 0
516 0
517 0
521 0
8712 0
532 0
8726 0
535 0
539 0
540 0
541 0
544 0
545 0
8735 0
8738 0
8744 0
8750 0
8751 0
8753 0
8755 0
8757 0
8761 0
8766 0
8767 0
9792 0
8792 0
8793 0
8798 0
8803 0
8806 0
8808 0
8810 0
8813 0
622 0
8816 0
632 0
635 0
8829 0
8830 0
8831 0
8832 0
647 0
8841 0
8842 0
8843 0
8844 0
8850 0
8857 0
8859 0
8880 0
8881 0
702 0
703 0
706 0
707 0
717 0
718 0
721 0
8921 0
8923 0
8924 0
8937 0
8938 0
749 0
750 0
8939 0
759 0
8958 0
8960 0
8294 0
8961 0
8964 0
8295 0
8972 0
8975 0
8976 0
8977 0
8978 0
8979 0
789 0
790 0
799 0
800 0
801 0
804 0
8990 0
8302 0
8303 0
818 0
9013 0
9015 0
8305 0
830 0
9023 0
832 0
835 0
836 0
840 0
8308 0
9037 0
8311 0
9050 0
9051 0
9055 0
8313 0
9056 0
872 0
8314 0
9071 0
9073 0
9074 0
11572 0
891 0
892 0
893 0
9079 0
9080 0
9081 0
9084 0
9086 0
903 0
906 0
911 0
9108 0
9109 0
926 0
928 0
9120 0
9123 0
9126 0
9128 0
941 0
942 0
943 0
946 0
949 0
950 0
951 0
952 0
954 0
9149 0
9150 0
9152 0
9153 0
9158 0
9159 0
9161 0
9162 0
9167 0
9169 0
981 0
982 0
984 0
985 0
986 0
987 0
991 0
992 0
993 0
994 0
996 0
998 0
9967 0
9202 0
9206 0
9973 0
1026 0
9974 0
1034 0
1043 0
9977 0
1047 0
1048 0
1049 0
1053 0
1057 0
1059 0
1060 0
9251 0
1062 0
1063 0
9263 0
9266 0
13240 0
9274 0
9275 0
1084 0
9276 0
9287 0
9288 0
9295 0
9298 0
9301 0
9305 0
9307 0
9308 0
9309 0
9311 0
9320 0
1130 0
9323 0
9339 0
1151 0
1153 0
1155 0
1156 0
9347 0
1159 0
1161 0
1162 0
1163 0
1169 0
9361 0
9362 0
9370 0
9371 0
9377 0
9384 0
1199 0
1200 0
1201 0
1202 0
9398 0
9400 0
9410 0
9413 0
1241 0
9435 0
1250 0
9436 0
1259 0
1260 0
1262 0
1263 0
1264 0
1266 0
9452 0
1271 0
1275 0
9465 0
13281 0
1286 0
1287 0
9484 0
1301 0
1306 0
1310 0
1314 0
1316 0
1317 0
1318 0
1319 0
1320 0
1321 0
1324 0
1325 0
1326 0
1328 0
1329 0
9526 0
9527 0
9550 0
9551 0
9552 0
9554 0
1364 0
1365 0
9557 0
9558 0
9563 0
9575 0
9588 0
9590 0
9591 0
9595 0
9596 0
9598 0
9602 0
9603 0
9604 0
9606 0
9610 0
9611 0
9612 0
1423 0
9616 0
9617 0
9623 0
9624 0
1436 0
1437 0
9630 0
1442 0
9636 0
9647 0
1464 0
9668 0
9669 0
9671 0
11693 0
1493 0
9686 0
9689 0
9691 0
9692 0
9693 0
9696 0
9697 0
9698 0
9701 0
9713 0
9714 0
1526 0
1528 0
9719 0
9725 0
1547 0
1550 0
1551 0
1552 0
1553 0
1555 0
9740 0
9751 0
9758 0
9759 0
9760 0
9761 0
9763 0
1573 0
1574 0
1575 0
1577 0
1578 0
1581 0
1582 0
1585 0
1586 0
9787 0
1603 0
1604 0
1606 0
1609 0
9808 0
11719 0
9815 0
11720 0
11721 0
9822 0
11722 0
9828 0
1639 0
9833 0
9834 0
9846 0
9847 0
9848 0
9859 0
9860 0
9862 0
9870 0
9875 0
9879 0
9880 0
9886 0
1701 0
1702 0
1703 0
1704 0
9893 0
9895 0
9898 0
9899 0
1717 0
9910 0
9911 0
9912 0
9918 0
9920 0
1734 0
1735 0
9930 0
9931 0
9932 0
9934 0
1754 0
1755 0
1756 0
1763 0
1767 0
1768 0
9953 0
9960 0
1775 0
1776 0
1778 0
1779 0
1782 0
1783 0
1785 0
1786 0
1792 0
1793 0
1794 0
9987 0
9988 0
9990 0
9991 0
9993 0
9994 0
1805 0
1807 0
1811 0
9999 0
10015 0
10016 0
10017 0
1827 0
1828 0
10019 0
10025 0
1841 0
10034 0
1846 0
1847 0
1849 0
1850 0
10040 0
1863 0
1875 0
1878 0
1880 0
1881 0
1892 0
1894 0
1896 0
1897 0
1898 0
1901 0
1902 0
10087 0
1906 0
10105 0
10117 0
10128 0
10160 0
10167 0
10173 0
10176 0
10177 0
10181 0
10182 0
2003 0
2004 0
2006 0
2010 0
2011 0
13425 0
10211 0
10218 0
13431 0
10235 0
2051 0
2052 0
2054 0
10240 0
10241 0
10242 0
10243 0
10244 0
10253 0
10254 0
10255 0
10256 0
2065 0
10258 0
10259 0
10267 0
10269 0
10272 0
10273 0
10274 0
10277 0
2103 0
2105 0
13444 0
2108 0
2110 0
2111 0
2113 0
10304 0
13445 0
2124 0
2126 0
10318 0
2128 0
2129 0
10321 0
2132 0
10327 0
2136 0
10328 0
2138 0
2139 0
10333 0
2144 0
2153 0
2154 0
2155 0
2156 0
2157 0
2164 0
2165 0
2166 0
2168 0
10355 0
13456 0
10376 0
10379 0
10380 0
13462 0
10389 0
2199 0
2200 0
10394 0
10395 0
2205 0
2206 0
2207 0
10396 0
10401 0
10402 0
10403 0
10404 0
10407 0
2223 0
2224 0
2225 0
2226 0
2227 0
2228 0
2229 0
2230 0
2231 0
2232 0
10425 0
2244 0
10437 0
2249 0
2250 0
2251 0
2253 0
2254 0
2255 0
10441 0
10442 0
10443 0
10444 0
10445 0
10446 0
10447 0
10448 0
2274 0
2275 0
2278 0
2280 0
2281 0
11852 0
11853 0
11855 0
2303 0
10497 0
2313 0
2314 0
10512 0
2331 0
2332 0
2333 0
2334 0
2337 0
2338 0
2339 0
2340 0
2341 0
10529 0
10530 0
11863 0
10539 0
10540 0
10541 0
2352 0
2355 0
2356 0
2359 0
10549 0
2361 0
10552 0
2365 0
2366 0
2370 0
2371 0
2372 0
10569 0
2384 0
2385 0
10572 0
10574 0
10575 0
10576 0
10579 0
2394 0
2398 0
10589 0
10590 0
2406 0
2407 0
2408 0
10606 0
2415 0
2416 0
10607 0
2419 0
2420 0
10608 0
2423 0
10612 0
10616 0
2432 0
10621 0
10624 0
10626 0
2445 0
2471 0
2472 0
2475 0
2476 0
2477 0
10666 0
10670 0
10680 0
10681 0
10684 0
2494 0
10692 0
10693 0
10694 0
10697 0
10699 0
10701 0
10704 0
10705 0
2517 0
2518 0
2520 0
2521 0
2522 0
2523 0
10707 0
10711 0
2528 0
2529 0
10735 0
10736 0
2548 0
2549 0
10740 0
10741 0
10742 0
10746 0
10747 0
10749 0
2561 0
10753 0
10761 0
2570 0
2571 0
2572 0
2574 0
2575 0
2576 0
2577 0
2578 0
2580 0
2581 0
10780 0
10786 0
10787 0
10788 0
10791 0
2622 0
10814 0
10815 0
2626 0
2628 0
2633 0
2634 0
2635 0
2636 0
10829 0
10830 0
10832 0
10834 0
10836 0
10837 0
2669 0
2670 0
10861 0
10863 0
2676 0
10875 0
2684 0
2685 0
10876 0
10877 0
10878 0
10884 0
2698 0
10892 0
2703 0
2705 0
2710 0
2711 0
2712 0
2716 0
10909 0
10910 0
10912 0
10913 0
11937 0
2726 0
2727 0
2728 0
11940 0
10924 0
10942 0
10944 0
10946 0
10952 0
10953 0
10954 0
2765 0
2769 0
2770 0
10957 0
10962 0
10963 0
10964 0
2779 0
2780 0
10973 0
10974 0
10983 0
10985 0
11003 0
11005 0
11007 0
11009 0
11957 0
2821 0
2822 0
11014 0
11021 0
11024 0
11025 0
2837 0
2841 0
11053 0
11059 0
11060 0
2870 0
2871 0
2872 0
2873 0
2874 0
2876 0
2879 0
2880 0
2883 0
2884 0
2886 0
2887 0
2888 0
2890 0
2891 0
2892 0
11080 0
2895 0
2897 0
2900 0
2902 0
11089 0
11090 0
11105 0
2920 0
2924 0
2925 0
11113 0
2928 0
11119 0
11120 0
2938 0
11128 0
2940 0
11134 0
11137 0
11138 0
11139 0
11151 0
11165 0
11167 0
11170 0
11172 0
11173 0
11183 0
11193 0
11212 0
11213 0
11214 0
11227 0
11228 0
11229 0
3045 0
11243 0
3055 0
3057 0
11249 0
11255 0
11256 0
11257 0
11260 0
11267 0
3094 0
3096 0
11294 0
11300 0
11301 0
11302 0
3122 0
3126 0
3133 0
3136 0
11326 0
11342 0
3155 0
3156 0
11350 0
11355 0
3165 0
3166 0
11361 0
11362 0
3173 0
3174 0
3177 0
11366 0
11368 0
11369 0
11370 0
11371 0
11377 0
3197 0
3198 0
3199 0
11396 0
11397 0
11398 0
3215 0
3216 0
11407 0
3221 0
3226 0
11414 0
3229 0
3232 0
11424 0
11432 0
3257 0
3259 0
11452 0
10418 0
10419 0
3270 0
10421 0
11474 0
11475 0
3290 0
11488 0
11492 0
11502 0
3325 0
11517 0
11518 0
11527 0
11536 0
11539 0
3351 0
11548 0
11550 0
11551 0
3360 0
11553 0
11554 0
11563 0
3372 0
3379 0
11565 0
11567 0
11568 0
11569 0
3385 0
3386 0
3387 0
3388 0
3389 0
3390 0
11574 0
3392 0
11579 0
3395 0
3396 0
3398 0
3399 0
3402 0
11591 0
3408 0
3409 0
3410 0
3412 0
3414 0
3418 0
11606 0
11607 0
3425 0
3426 0
3430 0
3433 0
11619 0
11620 0
11621 0
3441 0
3450 0
11643 0
11646 0
3459 0
3462 0
3465 0
3468 0
3470 0
3472 0
3474 0
3475 0
3476 0
11662 0
11681 0
3490 0
3498 0
3500 0
3501 0
3502 0
3503 0
3504 0
3506 0
3507 0
3511 0
3514 0
3515 0
3518 0
11705 0
11706 0
3523 0
11707 0
3535 0
3537 0
3538 0
3539 0
11723 0
11731 0
11732 0
11734 0
11735 0
11736 0
3553 0
3554 0
11746 0
11747 0
11755 0
3564 0
3565 0
3566 0
3567 0
11756 0
11757 0
11759 0
11760 0
11774 0
11775 0
11776 0
11780 0
11782 0
11796 0
11797 0
11804 0
3613 0
3614 0
3638 0
3639 0
3641 0
3643 0
11830 0
3647 0
3652 0
3653 0
3654 0
3655 0
3657 0
3658 0
3659 0
3667 0
3668 0
3670 0
3671 0
3672 0
3673 0
3675 0
3676 0
11862 0
3683 0
3684 0
11877 0
11878 0
11879 0
3690 0
11894 0
3706 0
11900 0
11909 0
11916 0
11917 0
11923 0
11930 0
3747 0
3750 0
3751 0
3753 0
3754 0
3755 0
3756 0
3758 0
3759 0
3760 0
11944 0
3762 0
3763 0
11955 0
3768 0
3769 0
3770 0
3771 0
3774 0
3776 0
3777 0
11965 0
11966 0
11967 0
3782 0
3783 0
3784 0
3785 0
3788 0
3789 0
3791 0
3792 0
3793 0
11979 0
11986 0
3799 0
3801 0
3806 0
3808 0
11993 0
11996 0
13784 0
3818 0
3821 0
13785 0
3828 0
3829 0
3831 0
3832 0
12019 0
12041 0
12042 0
12049 0
12055 0
12072 0
3888 0
12086 0
3898 0
3909 0
3911 0
3913 0
3914 0
3915 0
3916 0
12106 0
12109 0
12122 0
12128 0
12129 0
12137 0
12138 0
3951 0
12144 0
12145 0
12156 0
3969 0
12165 0
12167 0
12168 0
12170 0
12171 0
3980 0
3983 0
3984 0
3985 0
3988 0
4004 0
12195 0
4006 0
12196 0
12203 0
4013 0
12221 0
4031 0
4034 0
4038 0
13828 0
12236 0
12238 0
4050 0
12242 0
12244 0
4061 0
13834 0
12267 0
12268 0
12271 0
12278 0
12284 0
4104 0
4107 0
4108 0
12297 0
4110 0
4111 0
4112 0
4115 0
4122 0
4124 0
12315 0
4128 0
12324 0
12329 0
12330 0
12331 0
12332 0
12343 0
12345 0
12346 0
12352 0
12354 0
12355 0
4167 0
4168 0
4169 0
12360 0
4183 0
4185 0
4186 0
4187 0
4188 0
4189 0
4191 0
4192 0
12378 0
12379 0
12384 0
12385 0
12389 0
12390 0
12397 0
4208 0
4209 0
4210 0
4211 0
4214 0
12399 0
12404 0
12405 0
12406 0
4222 0
12409 0
12421 0
4232 0
12423 0
4241 0
8985 0
13870 0
12441 0
12442 0
4254 0
12445 0
8987 0
12452 0
12456 0
4267 0
4273 0
4274 0
4276 0
12464 0
4278 0
4282 0
4284 0
12469 0
12470 0
4287 0
4288 0
4291 0
4293 0
12488 0
12489 0
12490 0
12498 0
12501 0
12502 0
12505 0
4314 0
4315 0
4321 0
4322 0
12508 0
12509 0
12516 0
4328 0
4329 0
4331 0
4337 0
12524 0
12530 0
12531 0
13888 0
12542 0
12552 0
12553 0
4372 0
4374 0
4376 0
4378 0
4386 0
12586 0
4402 0
4407 0
4410 0
4411 0
4412 0
12597 0
12610 0
12611 0
4426 0
12622 0
12624 0
12625 0
12626 0
4438 0
4439 0
12627 0
12631 0
12637 0
12638 0
12643 0
12649 0
4460 0
4461 0
4462 0
12655 0
12656 0
12657 0
12659 0
12660 0
12662 0
4477 0
4478 0
4479 0
4480 0
4482 0
4483 0
4484 0
4487 0
4502 0
4503 0
4504 0
4505 0
4509 0
4514 0
12705 0
4518 0
4521 0
12718 0
4527 0
12720 0
12721 0
12298 0
4534 0
12722 0
12727 0
4538 0
12731 0
12733 0
12744 0
12745 0
4562 0
4563 0
4564 0
4567 0
4570 0
4571 0
4572 0
4573 0
4576 0
4578 0
4579 0
4583 0
4586 0
4587 0
4588 0
4589 0
4591 0
4592 0
4593 0
4594 0
12783 0
12786 0
12792 0
12800 0
4613 0
9058 0
4618 0
12830 0
12842 0
12843 0
12845 0
12851 0
12859 0
12860 0
12864 0
12869 0
12874 0
4687 0
4688 0
4694 0
4695 0
4696 0
4697 0
4701 0
4702 0
4704 0
4705 0
4708 0
4709 0
12899 0
12900 0
12902 0
4717 0
12912 0
4727 0
12916 0
12917 0
12918 0
12920 0
12922 0
12934 0
12935 0
4745 0
4747 0
12953 0
4762 0
12954 0
12963 0
4773 0
12966 0
4775 0
12973 0
4788 0
12986 0
4799 0
4805 0
4806 0
4807 0
4808 0
4809 0
4810 0
4813 0
4814 0
13008 0
4819 0
13016 0
13019 0
13042 0
13043 0
13044 0
13046 0
13048 0
13050 0
13055 0
4866 0
4867 0
4868 0
13059 0
13078 0
13079 0
4890 0
4892 0
4894 0
4895 0
4897 0
13092 0
13097 0
4909 0
13108 0
13109 0
4918 0
4919 0
13119 0
13140 0
13142 0
13147 0
4961 0
13157 0
13164 0
4973 0
13172 0
13177 0
13180 0
13182 0
10762 0
9134 0
13187 0
13188 0
13189 0
10763 0
9135 0
13191 0
13193 0
10764 0
9136 0
10765 0
9137 0
13206 0
13207 0
9138 0
13209 0
5030 0
5031 0
5032 0
5033 0
5034 0
5036 0
5038 0
5041 0
5042 0
5043 0
5049 0
5051 0
5054 0
5063 0
5064 0
13249 0
13253 0
13255 0
13262 0
13263 0
5075 0
5077 0
5080 0
5082 0
5083 0
5084 0
13269 0
13271 0
13272 0
13277 0
5091 0
5093 0
5094 0
5095 0
5096 0
5098 0
13288 0
13289 0
5109 0
13310 0
13320 0
13328 0
13333 0
13335 0
13336 0
13337 0
13346 0
14050 0
5157 0
13351 0
13353 0
14052 0
5166 0
13360 0
5201 0
5202 0
5203 0
13396 0
13403 0
5218 0
13410 0
5223 0
13416 0
13423 0
5239 0
5243 0
5245 0
5246 0
5247 0
5248 0
5249 0
5250 0
5252 0
5255 0
5256 0
5257 0
5259 0
5260 0
5264 0
5265 0
5267 0
5268 0
5269 0
10816 0
13458 0
13459 0
5277 0
13461 0
13463 0
13464 0
5283 0
5284 0
10820 0
13481 0
5291 0
13485 0
5295 0
5296 0
5297 0
13887 0
5303 0
5304 0
5305 0
5306 0
13504 0
13506 0
5315 0
13508 0
13509 0
13516 0
13517 0
5327 0
5330 0
5332 0
5333 0
13536 0
13540 0
13543 0
5353 0
5362 0
5363 0
12465 0
13562 0
13564 0
13565 0
13566 0
5378 0
5379 0
13578 0
5392 0
5393 0
5394 0
5396 0
5397 0
5398 0
5399 0
13586 0
5405 0
12472 0
13592 0
13594 0
13595 0
13596 0
5416 0
5418 0
5420 0
5422 0
5428 0
13620 0
13622 0
13627 0
13638 0
13640 0
13655 0
13658 0
5472 0
5474 0
5475 0
5477 0
5480 0
13666 0
13669 0
13677 0
13698 0
13706 0
5523 0
5524 0
5525 0
13716 0
13728 0
5543 0
13736 0
5546 0
5547 0
13749 0
13752 0
13753 0
13754 0
5565 0
5568 0
5569 0
5571 0
5582 0
5583 0
5585 0
5590 0
13781 0
5595 0
5597 0
5601 0
5602 0
13790 0
13794 0
13803 0
13804 0
13807 0
13812 0
13814 0
13817 0
5634 0
5635 0
5636 0
5637 0
5641 0
5642 0
5643 0
5644 0
5645 0
5646 0
5647 0
5648 0
5650 0
5654 0
5655 0
5656 0
5657 0
5658 0
5659 0
13845 0
13847 0
13848 0
13849 0
5665 0
5666 0
13852 0
5670 0
5672 0
13858 0
5674 0
5675 0
13862 0
5678 0
5680 0
5687 0
5693 0
13877 0
5696 0
5697 0
5702 0
5704 0
5705 0
13895 0
13896 0
13897 0
13901 0
13903 0
13906 0
5718 0
5720 0
5722 0
5723 0
13915 0
13918 0
13924 0
13925 0
5739 0
5740 0
5741 0
5742 0
5743 0
13927 0
13928 0
13943 0
13945 0
13960 0
13966 0
5780 0
5781 0
5783 0
13973 0
13974 0
13975 0
13981 0
13984 0
13992 0
5807 0
5808 0
14000 0
14004 0
14005 0
5815 0
14012 0
14013 0
5824 0
5831 0
5832 0
5833 0
14025 0
14026 0
14027 0
5838 0
5840 0
5842 0
5843 0
14041 0
5855 0
5856 0
5857 0
5859 0
14049 0
5861 0
5864 0
5865 0
5867 0
5871 0
12565 0
14064 0
14069 0
14070 0
14071 0
14075 0
5885 0
5886 0
5887 0
14078 0
12568 0
12569 0
14088 0
14089 0
12570 0
14099 0
5913 0
5914 0
5916 0
14107 0
5932 0
5934 0
5935 0
5939 0
5948 0
5949 0
5950 0
5951 0
5977 0
5978 0
5979 0
5980 0
5984 0
5985 0
5986 0
5989 0
5991 0
5992 0
5993 0
5994 0
6004 0
6005 0
6010 0
6011 0
6012 0
6013 0
6027 0
6028 0
6048 0
6058 0
6060 0
6065 0
6072 0
6073 0
9348 0
6108 0
6130 0
6133 0
6134 0
6145 0
6146 0
6149 0
6150 0
6151 0
6152 0
6161 0
6173 0
6174 0
6175 0
6176 0
6177 0
6184 0
6198 0
6204 0
6218 0
6239 0
6241 0
6242 0
6243 0
6276 0
6278 0
6283 0
6284 0
6285 0
6287 0
6289 0
6290 0
6291 0
6303 0
6305 0
6317 0
6318 0
6363 0
6378 0
6380 0
6383 0
6384 0
6390 0
6399 0
6400 0
6401 0
6408 0
6409 0
6416 0
6421 0
6423 0
6424 0
6426 0
6440 0
6441 0
6449 0
6451 0
6458 0
6475 0
6477 0
6478 0
6479 0
6480 0
6481 0
6482 0
6483 0
6484 0
6485 0
6488 0
6506 0
11064 0
11066 0
6538 0
11070 0
6549 0
6568 0
6571 0
6574 0
6575 0
6576 0
6577 0
11075 0
6588 0
6589 0
6590 0
6591 0
6592 0
6598 0
6600 0
6601 0
6602 0
9454 0
9455 0
11084 0
11085 0
9458 0
9459 0
6640 0
6641 0
6654 0
6655 0
6658 0
6662 0
6663 0
6664 0
6665 0
6666 0
6675 0
6679 0
6683 0
6693 0
6703 0
6706 0
6707 0
6708 0
6715 0
6716 0
6727 0
6728 0
6730 0
6740 0
6746 0
6750 0
6753 0
6754 0
6755 0
6766 0
6778 0
6785 0
6790 0
6795 0
6801 0
6802 0
6803 0
6804 0
6805 0
6806 0
6811 0
6832 0
6833 0
6842 0
6849 0
6851 0
6854 0
12761 0
6865 0
6872 0
6873 0
6874 0
6875 0
6876 0
6882 0
6883 0
12768 0
6904 0
6905 0
6906 0
6909 0
6911 0
6919 0
6920 0
6922 0
6923 0
6924 0
12775 0
6968 0
6970 0
6984 0
6995 0
6997 0
7001 0
7003 0
7004 0
7024 0
7029 0
7030 0
7048 0
7051 0
7052 0
7053 0
7054 0
7055 0
7056 0
7057 0
7067 0
7068 0
7102 0
7103 0
7104 0
7106 0
7109 0
7117 0
7123 0
7127 0
7152 0
7163 0
7164 0
7165 0
7177 0
7179 0
7187 0
7192 0
7200 0
7202 0
7207 0
7209 0
7210 0
7219 0
7221 0
7228 0
7230 0
7238 0
7247 0
7269 0
7270 0
7271 0
7273 0
7274 0
7275 0
7276 0
7277 0
7278 0
7280 0
7281 0
7282 0
7284 0
7287 0
7288 0
7326 0
7328 0
7334 0
7339 0
7341 0
7342 0
7346 0
7372 0
7377 0
7383 0
7385 0
7404 0
7406 0
7409 0
7410 0
7412 0
7413 0
7415 0
7417 0
7418 0
7421 0
7422 0
7435 0
7436 0
7437 0
7438 0
7439 0
7456 0
7457 0
7461 0
7462 0
7463 0
7464 0
7470 0
7483 0
7485 0
7508 0
7510 0
7511 0
7519 0
7522 0
7524 0
7525 0
7538 0
7544 0
7545 0
7550 0
7551 0
7552 0
7553 0
7556 0
7557 0
7560 0
7561 0
7588 0
7589 0
7592 0
7615 0
7638 0
7640 0
7644 0
7648 0
11701 0
7667 0
7669 0
7682 0
7685 0
7704 0
7709 0
7710 0
7711 0
7714 0
7715 0
11849 0
7718 0
7722 0
7736 0
7737 0
7738 0
7771 0
7778 0
7795 0
7800 0
7801 0
7804 0
7805 0
7808 0
7810 0
7814 0
7815 0
7816 0
7825 0
7836 0
7842 0
7843 0
7858 0
7865 0
7866 0
7878 0
7888 0
7889 0
7891 0
7892 0
7894 0
7895 0
11711 0
10083 0
7910 0
7911 0
7912 0
7957 0
7960 0
7961 0
7974 0
7975 0
7989 0
7995 0
7996 0
8009 0
8019 0
8020 0
12992 0
8032 0
8040 0
8041 0
8047 0
12998 0
12999 0
8063 0
8064 0
8066 0
8068 0
8069 0
8072 0
8073 0
8082 0
8084 0
8094 0
8095 0
8096 0
8109 0
8114 0
8116 0
8119 0
8146 0
8150 0
8153 0
8154 0
8158 0
8179 0
8181 0
8182 0
8183 0
8188 0
9769 0
14 1
15 1
16 1
19 1
20 1
8214 1
8219 1
8221 1
8224 1
50 1
56 1
63 1
68 1
70 1
72 1
77 1
8269 1
81 1
84 1
88 1
8277 1
90 1
92 1
94 1
8289 1
100 1
101 1
102 1
103 1
104 1
105 1
106 1
107 1
108 1
110 1
116 1
117 1
122 1
123 1
124 1
125 1
126 1
130 1
132 1
136 1
137 1
138 1
139 1
8366 1
8367 1
8368 1
8371 1
8397 1
8398 1
8399 1
8400 1
8401 1
8402 1
8403 1
8416 1
8417 1
8426 1
268 1
277 1
8466 1
295 1
8491 1
304 1
306 1
8506 1
315 1
8507 1
8508 1
8511 1
8513 1
8516 1
8522 1
8523 1
8536 1
349 1
354 1
8544 1
364 1
8560 1
372 1
373 1
8562 1
8567 1
8569 1
8570 1
8573 1
8575 1
8578 1
396 1
399 1
8600 1
8606 1
8607 1
8608 1
417 1
432 1
433 1
434 1
8640 1
8641 1
8654 1
8658 1
8659 1
8660 1
8673 1
8675 1
8679 1
8682 1
8690 1
505 1
506 1
509 1
510 1
511 1
514 1
515 1
518 1
519 1
520 1
8707 1
8720 1
9790 1
531 1
533 1
538 1
542 1
543 1
9791 1
8749 1
8752 1
8754 1
8756 1
8769 1
8796 1
8805 1
8809 1
8811 1
8812 1
8815 1
8819 1
8833 1
8836 1
8840 1
8860 1
8861 1
8862 1
8878 1
699 1
704 1
705 1
708 1
709 1
719 1
720 1
8910 1
8922 1
8925 1
8926 1
8927 1
8929 1
747 1
748 1
751 1
8949 1
8292 1
8953 1
8954 1
8955 1
8956 1
8293 1
8957 1
8959 1
8962 1
8963 1
8971 1
8974 1
791 1
792 1
793 1
794 1
795 1
796 1
797 1
798 1
802 1
803 1
805 1
806 1
9011 1
9012 1
9014 1
834 1
841 1
842 1
844 1
8309 1
9040 1
9041 1
8310 1
8312 1
9052 1
9053 1
9054 1
9057 1
868 1
869 1
870 1
871 1
873 1
8315 1
9059 1
9065 1
11571 1
879 1
9072 1
8317 1
886 1
887 1
888 1
889 1
890 1
894 1
895 1
9091 1
9093 1
904 1
905 1
907 1
908 1
909 1
9094 1
9095 1
9098 1
9099 1
9102 1
9103 1
9104 1
9105 1
9112 1
11580 1
11581 1
925 1
9118 1
9122 1
9124 1
933 1
934 1
9125 1
9127 1
9131 1
9132 1
944 1
945 1
947 1
948 1
953 1
955 1
9139 1
9148 1
958 1
959 1
9160 1
9163 1
9164 1
9168 1
9170 1
979 1
983 1
988 1
995 1
997 1
9187 1
11595 1
9203 1
9204 1
9972 1
1035 1
1036 1
1037 1
1038 1
9975 1
9976 1
1041 1
1044 1
1045 1
1050 1
1051 1
1055 1
1056 1
1058 1
1064 1
1065 1
9257 1
1067 1
9258 1
9264 1
9265 1
13244 1
9291 1
9292 1
9293 1
9294 1
9299 1
13246 1
1110 1
9306 1
9310 1
9312 1
9313 1
9314 1
9315 1
9316 1
9317 1
9318 1
9319 1
9321 1
9322 1
9324 1
9331 1
9332 1
9334 1
9335 1
9336 1
9338 1
9340 1
1157 1
1160 1
1164 1
1165 1
1166 1
1167 1
1168 1
9378 1
9388 1
1198 1
1203 1
9392 1
1205 1
9395 1
9396 1
9397 1
9399 1
9412 1
9426 1
9427 1
1238 1
1239 1
1240 1
1242 1
9431 1
9432 1
1246 1
1247 1
1248 1
1249 1
9440 1
9441 1
1257 1
1258 1
1261 1
1265 1
9450 1
9451 1
9453 1
1272 1
1273 1
1274 1
1276 1
9460 1
1278 1
9464 1
1280 1
9485 1
11656 1
11657 1
1311 1
1312 1
1313 1
1315 1
9510 1
1323 1
1330 1
1331 1
1332 1
1366 1
9556 1
9560 1
9566 1
9570 1
9586 1
9587 1
9589 1
9592 1
9597 1
9601 1
9607 1
9608 1
9609 1
9613 1
1425 1
9618 1
9621 1
9622 1
9625 1
1439 1
9631 1
9646 1
9648 1
9656 1
9670 1
1479 1
9672 1
1483 1
11694 1
9687 1
9688 1
9690 1
1507 1
9706 1
1519 1
9711 1
9712 1
1524 1
9715 1
1527 1
1529 1
1530 1
1531 1
1532 1
9717 1
9720 1
9724 1
1548 1
1549 1
1554 1
1556 1
9747 1
9748 1
9754 1
9756 1
9762 1
1572 1
1576 1
1579 1
1580 1
1583 1
1584 1
1587 1
1588 1
9788 1
9789 1
1598 1
1599 1
1600 1
1601 1
1602 1
1605 1
1607 1
1608 1
9793 1
9804 1
9807 1
9816 1
9825 1
9826 1
9835 1
1645 1
1647 1
1648 1
9861 1
9864 1
9873 1
9881 1
9882 1
1700 1
9919 1
1753 1
1757 1
1758 1
1759 1
1760 1
9952 1
1762 1
1764 1
1765 1
1766 1
9961 1
1773 1
1774 1
1777 1
1780 1
1781 1
1784 1
1787 1
1788 1
1789 1
1790 1
1791 1
1795 1
1796 1
9989 1
9992 1
1806 1
1808 1
1809 1
1810 1
9996 1
10000 1
10002 1
10020 1
10026 1
1837 1
1838 1
1839 1
10031 1
1842 1
10032 1
10033 1
1848 1
10039 1
10044 1
10047 1
1856 1
1857 1
1858 1
1862 1
1865 1
1866 1
10062 1
1874 1
1876 1
1877 1
1879 1
1882 1
10072 1
1890 1
1891 1
1893 1
1895 1
1899 1
1900 1
10088 1
10112 1
10118 1
1932 1
10127 1
10139 1
1965 1
10162 1
10163 1
10164 1
10165 1
10166 1
10174 1
10175 1
10180 1
10193 1
2009 1
2013 1
10210 1
10214 1
13429 1
10223 1
2032 1
2033 1
10224 1
10225 1
2036 1
2037 1
10226 1
13430 1
10233 1
10234 1
10236 1
13432 1
2047 1
2048 1
2049 1
2050 1
2053 1
13434 1
10260 1
10261 1
10262 1
10264 1
10266 1
10278 1
10283 1
10284 1
2104 1
10297 1
2109 1
2112 1
10300 1
10301 1
10312 1
10319 1
2140 1
2141 1
10336 1
10337 1
2149 1
2150 1
2151 1
2152 1
2158 1
2160 1
2163 1
2167 1
10358 1
2172 1
10372 1
10373 1
10374 1
10375 1
10381 1
2190 1
10382 1
10388 1
2198 1
10390 1
10391 1
10397 1
10405 1
10406 1
10408 1
10413 1
2222 1
2233 1
2234 1
2235 1
2236 1
2237 1
2238 1
2239 1
10423 1
10424 1
10426 1
10433 1
10434 1
10435 1
2252 1
2256 1
10449 1
10462 1
2272 1
2273 1
2276 1
2277 1
2279 1
11850 1
11851 1
10511 1
11859 1
11860 1
2329 1
2330 1
2335 1
2336 1
2342 1
10538 1
11864 1
2353 1
2354 1
2357 1
10548 1
2362 1
11866 1
2369 1
2373 1
2374 1
2375 1
2376 1
10564 1
10570 1
10571 1
2381 1
2382 1
2383 1
10580 1
2395 1
10588 1
2397 1
2399 1
2400 1
2402 1
2404 1
2405 1
10592 1
2410 1
10604 1
10605 1
2418 1
2422 1
2424 1
2425 1
10609 1
10613 1
10614 1
10615 1
2433 1
10617 1
10618 1
10619 1
10620 1
10623 1
10625 1
10631 1
10638 1
10639 1
10648 1
10653 1
2473 1
2474 1
2478 1
10664 1
10679 1
10685 1
10686 1
10695 1
10696 1
10700 1
10702 1
10703 1
2514 1
2515 1
2516 1
2519 1
10710 1
10716 1
10717 1
10718 1
10738 1
10739 1
2550 1
2551 1
2552 1
2553 1
10748 1
10750 1
10751 1
10754 1
10757 1
10759 1
10760 1
2573 1
2579 1
2582 1
10766 1
10767 1
10781 1
10782 1
10789 1
10790 1
10792 1
10806 1
10807 1
10809 1
10810 1
10813 1
2624 1
2627 1
2629 1
2630 1
2631 1
2632 1
2637 1
2638 1
2639 1
2640 1
10835 1
10859 1
10862 1
2673 1
10879 1
10891 1
10893 1
10894 1
2704 1
2706 1
2707 1
2708 1
2713 1
2714 1
10907 1
10908 1
10911 1
10916 1
2725 1
10917 1
11942 1
11943 1
10945 1
10955 1
2764 1
2766 1
2767 1
2768 1
2771 1
10956 1
10961 1
2778 1
10965 1
10977 1
10980 1
10981 1
10982 1
10984 1
10986 1
10987 1
10993 1
10998 1
10999 1
11000 1
11001 1
11004 1
11006 1
11008 1
2817 1
2820 1
2823 1
2824 1
2825 1
2826 1
2827 1
2828 1
11017 1
11022 1
2839 1
2840 1
2843 1
11049 1
11050 1
11051 1
11052 1
11061 1
2875 1
2877 1
2878 1
2881 1
2882 1
2885 1
2889 1
2894 1
2896 1
2898 1
2899 1
2901 1
11975 1
2921 1
2922 1
2923 1
2927 1
11114 1
11115 1
11127 1
2936 1
2937 1
2941 1
11133 1
11135 1
11136 1
11140 1
11166 1
11171 1
11174 1
11991 1
11181 1
11182 1
11184 1
11992 1
11188 1
11192 1
11211 1
11215 1
11217 1
11218 1
11220 1
11221 1
11222 1
11223 1
11224 1
11230 1
11231 1
3056 1
11247 1
11248 1
11250 1
11251 1
11252 1
11253 1
11254 1
11258 1
11261 1
11270 1
11271 1
11272 1
11273 1
11276 1
11278 1
11280 1
11281 1
3095 1
3097 1
11286 1
11287 1
11288 1
11297 1
11298 1
11299 1
11303 1
11304 1
11308 1
3119 1
3123 1
3127 1
3132 1
3134 1
3135 1
3137 1
11329 1
11330 1
11331 1
11332 1
11334 1
11338 1
11339 1
11353 1
11354 1
3164 1
3167 1
3168 1
3169 1
11364 1
11365 1
3176 1
3178 1
3179 1
11367 1
11373 1
11378 1
11379 1
11384 1
11385 1
3196 1
3200 1
3217 1
3222 1
3223 1
3224 1
3225 1
3227 1
3230 1
3231 1
3233 1
3234 1
3235 1
3236 1
3237 1
3238 1
3244 1
3258 1
11453 1
11454 1
11458 1
11459 1
11462 1
11463 1
11464 1
10420 1
11471 1
10422 1
11476 1
11486 1
10427 1
3317 1
3329 1
11535 1
11537 1
11549 1
3361 1
11552 1
3373 1
3374 1
3375 1
3376 1
3377 1
3378 1
3381 1
3393 1
3397 1
3400 1
3401 1
11587 1
11589 1
11590 1
11592 1
3411 1
11596 1
11598 1
11600 1
11601 1
11608 1
11611 1
3424 1
3427 1
3428 1
3429 1
3431 1
3432 1
11632 1
11637 1
11638 1
11641 1
3460 1
3461 1
3463 1
3464 1
3466 1
3467 1
3469 1
3471 1
3473 1
3477 1
3478 1
11671 1
11679 1
3491 1
3492 1
3497 1
3499 1
3505 1
3508 1
3509 1
3510 1
11695 1
3513 1
3516 1
3517 1
3520 1
3522 1
11708 1
3526 1
3527 1
3528 1
11715 1
3530 1
11716 1
3532 1
3533 1
3534 1
3536 1
11724 1
11725 1
11726 1
11727 1
11728 1
11729 1
11733 1
3555 1
11743 1
11744 1
3558 1
11745 1
11754 1
11763 1
11769 1
11770 1
11865 1
11781 1
3600 1
11800 1
11803 1
11805 1
11810 1
3622 1
11818 1
3630 1
11824 1
11829 1
3640 1
3642 1
11833 1
3648 1
3649 1
3650 1
3656 1
3660 1
3661 1
3662 1
3663 1
3664 1
3665 1
3666 1
3669 1
3674 1
3677 1
3679 1
3680 1
3681 1
3682 1
11873 1
11875 1
3691 1
3692 1
11886 1
11901 1
11913 1
11914 1
11915 1
11919 1
11921 1
11924 1
3741 1
3742 1
3744 1
3745 1
3746 1
3748 1
3749 1
3752 1
3757 1
11948 1
11949 1
3766 1
3772 1
3773 1
11964 1
3780 1
3786 1
3787 1
11974 1
11980 1
11985 1
3800 1
3802 1
3803 1
3804 1
3805 1
3807 1
10525 1
11997 1
11998 1
12003 1
3816 1
3817 1
3819 1
3820 1
12011 1
12016 1
3827 1
3830 1
12020 1
12021 1
12040 1
12045 1
12046 1
12056 1
12073 1
12074 1
3885 1
3886 1
3887 1
3899 1
3900 1
3901 1
3902 1
3903 1
12093 1
12099 1
3910 1
3912 1
12103 1
12107 1
12123 1
3952 1
12148 1
12149 1
3966 1
12166 1
3981 1
3982 1
8299 1
3987 1
12172 1
12173 1
12181 1
12190 1
12193 1
12194 1
4003 1
13826 1
13827 1
4035 1
12227 1
4037 1
12228 1
12231 1
12233 1
13830 1
4048 1
4049 1
12245 1
12246 1
12248 1
4057 1
4058 1
4059 1
4060 1
4062 1
4063 1
12249 1
12254 1
13832 1
13833 1
12274 1
13837 1
12277 1
12279 1
12280 1
12286 1
12287 1
12288 1
12289 1
4105 1
4106 1
4113 1
4114 1
4116 1
12300 1
12305 1
12312 1
4123 1
12316 1
12318 1
4129 1
12319 1
12320 1
12322 1
12323 1
10591 1
12325 1
12327 1
4142 1
12339 1
12340 1
12344 1
12350 1
12351 1
12356 1
12358 1
12359 1
12361 1
12362 1
13854 1
13855 1
12372 1
4190 1
4193 1
12380 1
12381 1
12387 1
12396 1
4205 1
4206 1
4212 1
4213 1
12398 1
12400 1
12407 1
4223 1
12412 1
12419 1
12420 1
4229 1
8982 1
8983 1
12428 1
13868 1
4240 1
8984 1
4243 1
8986 1
12443 1
12444 1
12455 1
13874 1
4272 1
4275 1
4279 1
4280 1
4281 1
4283 1
4289 1
4290 1
4292 1
4294 1
4295 1
12485 1
12487 1
12492 1
12500 1
12503 1
12504 1
4316 1
4317 1
4318 1
4319 1
4320 1
12517 1
4327 1
4330 1
4332 1
12518 1
4334 1
12519 1
12520 1
12525 1
12532 1
4344 1
12551 1
4366 1
4367 1
4370 1
4373 1
4375 1
4377 1
4379 1
4380 1
4381 1
4382 1
4383 1
4384 1
4385 1
4387 1
12577 1
12578 1
12580 1
4392 1
4393 1
12587 1
4398 1
4399 1
4400 1
4401 1
4403 1
4404 1
4405 1
4406 1
4408 1
4409 1
12606 1
12609 1
12617 1
11573 1
12619 1
12620 1
12621 1
12623 1
4436 1
4437 1
12628 1
12636 1
12644 1
12645 1
12650 1
12658 1
12661 1
12666 1
4475 1
4476 1
4481 1
4485 1
4486 1
12671 1
12685 1
4507 1
4513 1
4517 1
4520 1
4524 1
4529 1
4531 1
4532 1
12299 1
4539 1
12728 1
12732 1
12742 1
4551 1
12743 1
4558 1
4559 1
4560 1
4561 1
12753 1
4566 1
4568 1
4569 1
4574 1
4575 1
4577 1
4580 1
4581 1
4582 1
4584 1
4585 1
4590 1
4595 1
4596 1
12780 1
12784 1
12785 1
12787 1
12789 1
12794 1
4619 1
4620 1
4621 1
4629 1
4630 1
12829 1
12831 1
12835 1
4646 1
4648 1
12841 1
12844 1
12848 1
12855 1
12856 1
12858 1
12861 1
12862 1
12868 1
12872 1
12873 1
4683 1
4686 1
4689 1
4690 1
4691 1
4698 1
4699 1
4700 1
4703 1
12890 1
4707 1
10706 1
12907 1
12908 1
4718 1
4721 1
12914 1
12915 1
4724 1
4725 1
4726 1
12919 1
12921 1
12924 1
12933 1
4749 1
12951 1
12970 1
12971 1
12974 1
12977 1
12982 1
4800 1
4801 1
4802 1
4803 1
4804 1
4811 1
4812 1
4815 1
4816 1
4818 1
13009 1
13010 1
13011 1
13012 1
13015 1
13018 1
13028 1
13029 1
13045 1
13049 1
13056 1
13057 1
13063 1
13068 1
4889 1
4891 1
4893 1
4896 1
4898 1
4899 1
13086 1
4908 1
13100 1
13103 1
4920 1
13116 1
4931 1
13124 1
4933 1
4938 1
13130 1
13132 1
13133 1
4947 1
13139 1
13141 1
13145 1
13146 1
13148 1
4957 1
13165 1
13166 1
4977 1
13170 1
13171 1
9133 1
13183 1
13185 1
13186 1
5012 1
13205 1
13213 1
5023 1
13215 1
5027 1
13219 1
5037 1
13230 1
13231 1
13235 1
5045 1
5046 1
5047 1
5048 1
13236 1
5052 1
13239 1
5055 1
5056 1
5057 1
13241 1
13242 1
5060 1
5061 1
5062 1
13250 1
13252 1
5078 1
5079 1
5081 1
5085 1
13270 1
5092 1
5097 1
5103 1
5104 1
5105 1
13301 1
13314 1
13316 1
13317 1
13319 1
5137 1
13329 1
13330 1
13334 1
5156 1
5158 1
14051 1
5165 1
13375 1
13382 1
13384 1
13387 1
13389 1
13390 1
13391 1
13405 1
13414 1
5224 1
13418 1
5232 1
5233 1
5234 1
5235 1
5236 1
5237 1
5238 1
5240 1
5241 1
5242 1
5244 1
5251 1
5253 1
5254 1
5258 1
5261 1
5262 1
5263 1
13450 1
13455 1
5272 1
10817 1
13457 1
5279 1
13471 1
5286 1
5287 1
5292 1
5293 1
10822 1
13487 1
5301 1
10823 1
13494 1
13499 1
13500 1
13501 1
5316 1
13507 1
13510 1
5328 1
5331 1
5336 1
13533 1
13534 1
13542 1
13544 1
5354 1
13546 1
5356 1
5361 1
5364 1
5365 1
13560 1
5370 1
5380 1
5381 1
5382 1
13573 1
13575 1
13584 1
5401 1
5402 1
5403 1
12471 1
5406 1
5408 1
13604 1
13605 1
5421 1
11938 1
13613 1
13615 1
5427 1
13633 1
13639 1
13648 1
13650 1
13652 1
13653 1
5463 1
13657 1
13663 1
13665 1
5476 1
5478 1
5479 1
13667 1
13670 1
13697 1
13700 1
13703 1
5526 1
13715 1
5528 1
13718 1
13721 1
13731 1
13732 1
13733 1
5548 1
5549 1
5550 1
13742 1
13747 1
13748 1
13756 1
5567 1
5570 1
5584 1
5588 1
5589 1
5591 1
13780 1
5594 1
5596 1
5598 1
5599 1
5600 1
5603 1
13791 1
13801 1
13805 1
13806 1
13808 1
11946 1
13821 1
13823 1
13825 1
5638 1
5639 1
5640 1
5649 1
5651 1
5652 1
5653 1
13850 1
13853 1
5669 1
5671 1
13859 1
5679 1
5681 1
5682 1
5683 1
5684 1
5685 1
5686 1
5688 1
5689 1
5690 1
5691 1
5692 1
5695 1
5698 1
5699 1
5700 1
5701 1
5703 1
5706 1
5707 1
5708 1
5719 1
5721 1
5724 1
5725 1
13912 1
5734 1
5735 1
5736 1
5737 1
5738 1
13936 1
13939 1
13942 1
13948 1
13949 1
5758 1
13968 1
5782 1
13978 1
13983 1
5794 1
13986 1
13987 1
13991 1
13994 1
13996 1
13999 1
14003 1
5816 1
5817 1
14007 1
14020 1
14021 1
5834 1
14030 1
5841 1
5844 1
14031 1
14032 1
14035 1
5849 1
5851 1
14044 1
5854 1
5858 1
5862 1
5863 1
5866 1
5868 1
5869 1
5870 1
5872 1
5873 1
12564 1
14082 1
14085 1
5898 1
5902 1
14098 1
14101 1
5911 1
5912 1
5915 1
14105 1
14106 1
14112 1
5931 1
5933 1
5936 1
5937 1
5938 1
5982 1
5983 1
5987 1
5988 1
5990 1
6006 1
6007 1
6008 1
6009 1
6014 1
12592 1
12593 1
6029 1
6059 1
6061 1
6062 1
6063 1
6064 1
6107 1
6113 1
6128 1
6129 1
6132 1
6153 1
6154 1
6155 1
6156 1
6157 1
6158 1
6159 1
6160 1
6163 1
6183 1
6197 1
6219 1
6220 1
11970 1
6237 1
6238 1
6240 1
13926 1
6286 1
6288 1
6295 1
6296 1
6297 1
6302 1
6304 1
6311 1
6312 1
6313 1
6330 1
6338 1
6375 1
6379 1
6381 1
6382 1
6385 1
12667 1
6396 1
6397 1
6398 1
6402 1
6403 1
6404 1
6405 1
6406 1
6407 1
6410 1
6415 1
6419 1
6422 1
6425 1
6427 1
6448 1
6450 1
6459 1
6460 1
6461 1
6462 1
6463 1
6464 1
6465 1
6476 1
6486 1
6487 1
6489 1
6490 1
11062 1
11063 1
6518 1
6520 1
6521 1
6522 1
11069 1
6548 1
11074 1
6567 1
6569 1
6570 1
6572 1
6573 1
6586 1
6587 1
6596 1
6597 1
6599 1
6615 1
9456 1
9457 1
6659 1
6661 1
6667 1
6669 1
6670 1
6671 1
6672 1
6680 1
6681 1
6694 1
6695 1
6701 1
6702 1
6704 1
6705 1
6711 1
6712 1
6717 1
6718 1
6722 1
6726 1
6729 1
6735 1
6741 1
6742 1
6747 1
6751 1
6752 1
6756 1
6765 1
6779 1
6780 1
6786 1
6787 1
6788 1
6789 1
6794 1
6796 1
12754 1
6837 1
6839 1
6840 1
6841 1
6844 1
6845 1
6847 1
6850 1
6853 1
6862 1
6864 1
12764 1
6879 1
6880 1
6881 1
6884 1
12765 1
12766 1
12767 1
12769 1
6907 1
6908 1
6910 1
6912 1
12770 1
12771 1
6925 1
6926 1
6927 1
6929 1
12777 1
6965 1
6966 1
6967 1
6969 1
6971 1
6972 1
6973 1
6983 1
6996 1
7002 1
7005 1
7006 1
7007 1
7008 1
7049 1
7050 1
7105 1
7108 1
7124 1
7147 1
7148 1
7149 1
7150 1
7151 1
7175 1
7176 1
7178 1
7185 1
7186 1
7197 1
7198 1
7206 1
7208 1
7211 1
7212 1
7222 1
7227 1
7229 1
7231 1
7232 1
7241 1
7242 1
7243 1
7244 1
7246 1
7253 1
7254 1
7261 1
7268 1
7272 1
7279 1
7285 1
7292 1
7323 1
7324 1
7329 1
7331 1
7332 1
7333 1
7335 1
7336 1
7337 1
7338 1
7340 1
7345 1
7355 1
7357 1
7373 1
7374 1
7375 1
7384 1
7386 1
7388 1
7390 1
7391 1
7392 1
7393 1
7397 1
7399 1
7400 1
7401 1
7403 1
7405 1
7407 1
7408 1
7411 1
7414 1
7416 1
7419 1
7420 1
7433 1
7434 1
7440 1
7445 1
7447 1
7451 1
7453 1
7454 1
7459 1
7466 1
7471 1
7512 1
7514 1
12891 1
7520 1
7521 1
7523 1
7526 1
7532 1
7543 1
7546 1
7547 1
7548 1
7549 1
7554 1
7558 1
7559 1
7600 1
7609 1
7614 1
7619 1
7631 1
7633 1
7635 1
7636 1
7637 1
7639 1
7642 1
7643 1
7647 1
7666 1
7672 1
7681 1
7686 1
7687 1
7703 1
7705 1
7706 1
7708 1
7712 1
7713 1
7734 1
7769 1
7770 1
7772 1
7781 1
7806 1
7807 1
7812 1
7813 1
7823 1
7824 1
7841 1
7864 1
7867 1
7868 1
7877 1
7879 1
7880 1
10082 1
7887 1
7893 1
7913 1
7944 1
7956 1
7958 1
7959 1
7962 1
7976 1
7979 1
7993 1
7994 1
7997 1
8010 1
12993 1
8029 1
8030 1
8031 1
8033 1
12994 1
8039 1
8042 1
9739 1
8062 1
8065 1
8067 1
8070 1
8071 1
8074 1
8075 1
8107 1
8108 1
8115 1
8117 1
8118 1
8130 1
8145 1
8147 1
8151 1
8152 1
8155 1
8156 1
8157 1
8161 1
8162 1
9764 1
8170 1
8171 1
8180 1
