start_node 1
rw_time 1000

total_determinate_ng_nodes
total_time_jwt_verify 
total_time_jwt_generate 


Execution time: 119.3134 seconds
0.042432308197021484        
0.11799263954162598                                                               │>>> 
0.07770013809204102  

0.0593721866607666
0.10846996307373047
0.09337592124938965

0.0593721866607666
0.08716893196105957
0.07256913185119629


Execution time: 100.4032 seconds
0.20918998718261719
0.2189943790435791
0.14078307151794434

0.10918998718261719
0.20279312133789062
0.17374825477600098

0.07990479469299316
0.1535489559173584
0.12916278839111328


Execution time: 108.8318 seconds
0.114959716796875
0.32730913162231445
0.2087082862854004

0.154959716796875
0.2997119426727295
0.26090073585510254

0.154959716796875
0.22584986686706543
0.18715214729309082

Execution time: 110.4447 seconds
0.1544332504272461
0.426663875579834
0.2713747024536133

0.1544332504272461
0.4010004997253418
0.3482835292816162

0.15040946006774902
0.3028595447540283
0.2530639171600342



Execution time: 116.5475 seconds
0.18974995613098145
0.5219616889953613
0.3336458206176758

0.19974995613098145
0.5046262741088867
0.4359583854675293

0.191056489944458
0.38707971572875977
0.32456159591674805


non-group
106.6465

0.10551071166992188
0.088298797

0.0645749568939209
0.08854937553405762
0.07431602478027344


94.3276

0.634157657623291
0.19024062156677246
0.16362380981445312

0.0998682975769043
0.1903531551361084
0.12108373641967773


99.8032

0.28040027618408203
0.1792278289794922

0.22516608238220215
0.24379634857177734

0.22516608238220215
0.18504929542541504


105.9099

0.20191478729248047
0.37375307083129883
0.23926711082458496

0.3714878559112549
0.3255128860473633
