16:9 12 13 15 18 21 22 23 26 29 32 33
3:2 11 17 19 20 24 25 27 28 30 31
27:0 1 3 4 5 6 7 8 10 14 16
31:9 12 13 15 18 21 22 23 26 29 32 33
9:0 1 3 4 5 6 7 8 10 14 16
9:2 11 17 19 20 24 25 27 28 30 31
16:9 12 13 15 18 21 22 23 26 29 32 33
3:2 11 17 19 20 24 25 27 28 30 31
27:0 1 3 4 5 6 7 8 10 14 16
31:9 12 13 15 18 21 22 23 26 29 32 33
9:0 1 3 4 5 6 7 8 10 14 16
9:2 11 17 19 20 24 25 27 28 30 31
7:2 11 17 19 20 24 25 27 28 30 31
3:9 12 13 15 18 21 22 23 26 29 32 33
27:0 1 3 4 5 6 7 8 10 14 16
31:0 1 3 4 5 6 7 8 10 14 16
19:9 12 13 15 18 21 22 23 26 29 32 33
2:9 12 13 15 18 21 22 23 26 29 32 33
33:0 1 3 4 5 6 7 8 10 14 16
22:2 11 17 19 20 24 25 27 28 30 31
3:9 12 13 15 18 21 22 23 26 29 32 33
1:9 13 15 18 21 22 23 26 29 32 33
10:2 11 17 19 20 24 25 27 28 30 31
14:2 11 17 19 20 24 25 27 28 30 31
24:0 1 3 4 5 6 7 8 10 14 16
17:0 1 3 4 5 6 7 8 10 14 16
17:9 12 13 15 18 21 22 23 26 29 32 33
27:9 12 13 15 18 21 22 23 26 29 32 33
29:0 1 3 4 5 6 7 8 10 14 16
18:0 1 3 4 5 6 7 8 10 14 16
23:2 11 17 19 20 24 25 27 28 30 31
29:2 11 17 19 20 24 25 27 28 30 31
