0 2
8194 2
3 2
4 2
5 2
8 2
8199 2
8205 2
8207 2
8209 2
8210 2
30 2
33 2
39 2
40 2
41 2
42 2
43 2
8231 2
8234 2
8235 2
8238 2
8249 2
8251 2
8254 2
64 2
8257 2
8259 2
8267 2
8268 2
8271 2
8272 2
8273 2
8274 2
8297 2
8306 2
8321 2
149 2
8341 2
158 2
159 2
161 2
8353 2
8356 2
8361 2
13683 2
8363 2
8378 2
191 2
194 2
201 2
205 2
8408 2
8410 2
8411 2
13069 2
226 2
8418 2
8419 2
8420 2
8421 2
233 2
235 2
236 2
237 2
239 2
240 2
245 2
8430 2
8431 2
8432 2
8433 2
8435 2
251 2
8436 2
8441 2
13687 2
276 2
278 2
280 2
281 2
283 2
285 2
291 2
292 2
8477 2
8484 2
8486 2
8487 2
8488 2
8499 2
8500 2
8501 2
8503 2
13689 2
321 2
326 2
8518 2
8519 2
8520 2
8525 2
8526 2
338 2
8531 2
8533 2
344 2
346 2
356 2
357 2
8558 2
374 2
375 2
376 2
377 2
378 2
386 2
8579 2
8580 2
391 2
8584 2
8585 2
8592 2
8616 2
8622 2
8623 2
8624 2
8227 2
8625 2
8627 2
8630 2
8631 2
8632 2
8636 2
11485 2
447 2
449 2
450 2
451 2
452 2
455 2
456 2
457 2
460 2
463 2
464 2
466 2
470 2
471 2
475 2
476 2
478 2
480 2
482 2
484 2
486 2
492 2
493 2
496 2
497 2
498 2
500 2
501 2
503 2
504 2
8705 2
8706 2
8708 2
8709 2
8711 2
8713 2
8714 2
8715 2
8721 2
534 2
8725 2
8727 2
8731 2
8732 2
8733 2
11504 2
11505 2
8739 2
11510 2
8762 2
573 2
574 2
577 2
578 2
583 2
584 2
585 2
588 2
589 2
591 2
592 2
596 2
597 2
598 2
599 2
600 2
601 2
606 2
613 2
614 2
615 2
616 2
619 2
625 2
626 2
627 2
628 2
629 2
641 2
643 2
646 2
8837 2
8838 2
8845 2
658 2
662 2
663 2
664 2
8854 2
671 2
672 2
676 2
8867 2
679 2
680 2
685 2
687 2
689 2
691 2
8875 2
8876 2
8879 2
8882 2
8884 2
8885 2
8887 2
701 2
8888 2
8890 2
8891 2
8892 2
8895 2
710 2
711 2
712 2
8898 2
716 2
8903 2
8904 2
725 2
8909 2
728 2
8914 2
8916 2
737 2
740 2
741 2
742 2
743 2
744 2
8931 2
754 2
757 2
758 2
762 2
763 2
764 2
768 2
770 2
8965 2
8966 2
8967 2
8988 2
8989 2
8991 2
8992 2
8993 2
807 2
808 2
810 2
811 2
813 2
9003 2
9008 2
821 2
826 2
9021 2
9022 2
831 2
9024 2
9028 2
837 2
839 2
9029 2
9030 2
843 2
9032 2
845 2
846 2
847 2
848 2
849 2
851 2
852 2
854 2
857 2
860 2
862 2
9060 2
9061 2
9064 2
875 2
878 2
883 2
884 2
885 2
897 2
899 2
902 2
9088 2
9090 2
9092 2
9100 2
912 2
917 2
918 2
9117 2
927 2
935 2
936 2
9955 2
9143 2
9147 2
971 2
973 2
975 2
978 2
9165 2
980 2
9171 2
9173 2
9174 2
1004 2
9197 2
9200 2
9205 2
9208 2
9210 2
9211 2
9212 2
9217 2
1027 2
9219 2
9222 2
1039 2
9228 2
1042 2
9229 2
9230 2
9234 2
9236 2
9245 2
9249 2
9255 2
9256 2
1066 2
9259 2
1069 2
1072 2
13685 2
9270 2
9272 2
1085 2
9279 2
9280 2
9285 2
9286 2
9290 2
1100 2
9302 2
9304 2
1126 2
9326 2
1139 2
1141 2
1143 2
1144 2
1145 2
1146 2
1147 2
1148 2
1149 2
1150 2
10140 2
9349 2
9350 2
9352 2
9354 2
9356 2
9358 2
9359 2
10141 2
1170 2
1172 2
1173 2
1174 2
1175 2
1176 2
9363 2
1178 2
1180 2
1181 2
1182 2
1183 2
1184 2
1186 2
1187 2
1188 2
9372 2
1190 2
1191 2
1192 2
9379 2
9381 2
9383 2
13686 2
1206 2
10009 2
1208 2
1214 2
1215 2
1216 2
1219 2
1221 2
9407 2
9408 2
9415 2
9425 2
9430 2
1244 2
1245 2
9438 2
10018 2
9447 2
9448 2
1269 2
1270 2
9461 2
9463 2
9466 2
9467 2
1277 2
9472 2
1281 2
1282 2
1284 2
1285 2
1291 2
1292 2
1294 2
1295 2
9491 2
9492 2
9494 2
9495 2
9496 2
9497 2
9498 2
9499 2
1309 2
9500 2
9501 2
9503 2
9507 2
9508 2
9514 2
9515 2
9519 2
9524 2
9528 2
9529 2
9533 2
9534 2
1343 2
1344 2
1347 2
1348 2
9538 2
9539 2
9540 2
9541 2
9542 2
9544 2
9545 2
9547 2
1360 2
1362 2
1369 2
9561 2
9562 2
1372 2
1373 2
9567 2
9571 2
9572 2
9574 2
1385 2
9577 2
9579 2
9580 2
9583 2
1398 2
1399 2
1400 2
1401 2
1402 2
1403 2
1407 2
9594 2
1412 2
1413 2
1414 2
1416 2
1417 2
1418 2
1420 2
9619 2
9620 2
9626 2
1440 2
1443 2
1447 2
9650 2
9652 2
9657 2
9660 2
9663 2
1477 2
1481 2
9674 2
9675 2
9676 2
9678 2
1488 2
9702 2
9707 2
9721 2
9723 2
9726 2
9729 2
9730 2
9731 2
9733 2
9734 2
9737 2
9743 2
9745 2
1559 2
1564 2
9755 2
1566 2
1570 2
9765 2
9766 2
9775 2
9776 2
9777 2
1611 2
9803 2
9805 2
9806 2
9809 2
9814 2
9817 2
9818 2
1638 2
1642 2
1643 2
1644 2
9845 2
1657 2
1658 2
9850 2
9853 2
9854 2
9858 2
9865 2
1676 2
9867 2
9868 2
9869 2
8475 2
1681 2
9874 2
1690 2
9887 2
9888 2
9889 2
9894 2
9896 2
1705 2
1707 2
9901 2
9902 2
10109 2
9907 2
9909 2
9913 2
9914 2
1725 2
1728 2
9916 2
1732 2
9917 2
1738 2
1739 2
1743 2
1747 2
1749 2
1751 2
9936 2
9937 2
9939 2
9943 2
9944 2
9945 2
9946 2
9948 2
9950 2
9951 2
1769 2
9958 2
9959 2
9963 2
9966 2
9969 2
9970 2
9982 2
1797 2
1799 2
1801 2
1803 2
1804 2
1812 2
10005 2
1814 2
1818 2
1819 2
1820 2
1821 2
1824 2
1825 2
10013 2
1829 2
1831 2
1832 2
1833 2
1834 2
1836 2
10024 2
10029 2
1843 2
1844 2
1845 2
10035 2
10038 2
1852 2
1853 2
1854 2
10045 2
10046 2
10049 2
10055 2
10056 2
10057 2
10059 2
1869 2
1870 2
1871 2
1873 2
10064 2
10065 2
10066 2
10068 2
10070 2
10073 2
10142 2
10076 2
10078 2
10079 2
10085 2
10089 2
10097 2
10098 2
10101 2
10103 2
1918 2
1921 2
1924 2
1926 2
1928 2
10116 2
10121 2
1939 2
1940 2
1941 2
1948 2
1949 2
1952 2
1953 2
1955 2
1956 2
1957 2
1958 2
1961 2
10148 2
10149 2
1967 2
1968 2
10169 2
10178 2
10179 2
1993 2
1994 2
1996 2
10190 2
2002 2
10194 2
10199 2
10200 2
2012 2
2016 2
2017 2
2018 2
2022 2
2026 2
10212 2
2034 2
2035 2
10227 2
10230 2
2043 2
2044 2
2046 2
10245 2
10248 2
10249 2
2072 2
2073 2
2076 2
2077 2
2078 2
2079 2
2080 2
10268 2
10279 2
10281 2
10286 2
10287 2
2099 2
2101 2
2102 2
10294 2
10303 2
2118 2
2119 2
2120 2
10314 2
2125 2
10317 2
10323 2
10325 2
2143 2
10335 2
10338 2
2147 2
2148 2
10339 2
10340 2
10357 2
2173 2
2175 2
2178 2
2180 2
2181 2
2182 2
10366 2
2184 2
2185 2
2188 2
10377 2
2192 2
2193 2
2194 2
2195 2
2196 2
2197 2
10400 2
10414 2
10415 2
10417 2
10436 2
10450 2
10451 2
2267 2
2268 2
10455 2
10458 2
10459 2
10461 2
10471 2
10473 2
10498 2
2311 2
10501 2
2315 2
2316 2
2317 2
2318 2
2320 2
2322 2
2326 2
2327 2
2328 2
10513 2
10516 2
10521 2
10527 2
10528 2
10532 2
10533 2
10535 2
2344 2
10536 2
2348 2
2349 2
2350 2
2351 2
10545 2
10559 2
10560 2
10561 2
10565 2
10566 2
10567 2
10568 2
10593 2
10594 2
10597 2
10602 2
2411 2
2412 2
2413 2
10603 2
2417 2
10611 2
2421 2
10629 2
10630 2
2442 2
2444 2
10634 2
10635 2
10636 2
2460 2
2464 2
2469 2
2470 2
10658 2
10661 2
10662 2
2479 2
2480 2
2481 2
2482 2
2486 2
2490 2
2491 2
10265 2
2496 2
2498 2
10687 2
2501 2
2503 2
2507 2
2508 2
2510 2
2511 2
2512 2
10720 2
10721 2
2534 2
8645 2
10727 2
2540 2
2546 2
2547 2
8647 2
10744 2
2555 2
8649 2
2558 2
2560 2
2564 2
11908 2
8653 2
11910 2
10775 2
8655 2
10778 2
2592 2
2594 2
8656 2
10796 2
10797 2
2607 2
2608 2
10799 2
2611 2
10800 2
10805 2
8661 2
2618 2
2619 2
10812 2
8663 2
10824 2
10827 2
10828 2
2647 2
10838 2
10839 2
10843 2
10844 2
10845 2
2655 2
10849 2
2662 2
2663 2
2666 2
2667 2
2668 2
10856 2
2679 2
2681 2
2682 2
2683 2
10870 2
10873 2
2691 2
2692 2
2693 2
2694 2
8676 2
8677 2
10889 2
10890 2
2701 2
8678 2
10897 2
2709 2
2718 2
2719 2
2720 2
2721 2
2729 2
2730 2
2731 2
2734 2
2735 2
2741 2
2743 2
2746 2
2749 2
2750 2
2751 2
2752 2
2753 2
2754 2
2756 2
10948 2
10971 2
10972 2
10979 2
10988 2
2799 2
2800 2
2801 2
2802 2
2803 2
2804 2
2805 2
2807 2
2808 2
11010 2
2819 2
11012 2
2832 2
2834 2
2838 2
2844 2
2845 2
2848 2
2849 2
2850 2
11047 2
11048 2
11056 2
11065 2
11071 2
11072 2
11078 2
11088 2
11096 2
11097 2
11101 2
11109 2
11126 2
8685 2
2942 2
2943 2
2946 2
11143 2
2954 2
2956 2
2958 2
2959 2
2960 2
11152 2
11155 2
2966 2
2967 2
2970 2
2973 2
2974 2
2975 2
2979 2
2982 2
11168 2
2985 2
2987 2
2988 2
11175 2
11177 2
2993 2
2995 2
2996 2
2999 2
10367 2
3010 2
3011 2
10368 2
11198 2
11209 2
11216 2
10371 2
3033 2
3035 2
3036 2
3038 2
3041 2
3048 2
11240 2
3052 2
3059 2
3061 2
3062 2
3063 2
3064 2
10378 2
11259 2
11262 2
11263 2
11269 2
11274 2
3086 2
3087 2
3088 2
3089 2
3090 2
3092 2
11291 2
3101 2
11313 2
11314 2
3124 2
3125 2
11317 2
11318 2
3128 2
3131 2
11320 2
11324 2
11327 2
11328 2
11333 2
11335 2
11336 2
11337 2
11344 2
11347 2
12025 2
12026 2
11356 2
11357 2
11358 2
12027 2
3171 2
3172 2
12028 2
3181 2
11380 2
11382 2
11383 2
3195 2
8777 2
3205 2
3207 2
8779 2
11401 2
11409 2
11410 2
3219 2
3220 2
8782 2
3228 2
11419 2
11420 2
11422 2
8784 2
11425 2
3239 2
3240 2
11431 2
8787 2
3252 2
3253 2
8788 2
11455 2
3264 2
8790 2
11461 2
11467 2
11469 2
11470 2
8794 2
3289 2
8795 2
3291 2
3292 2
3293 2
3294 2
11483 2
3296 2
3297 2
3298 2
3301 2
3303 2
3314 2
8799 2
3318 2
3320 2
3321 2
3326 2
3328 2
3331 2
3332 2
11520 2
8804 2
3337 2
3340 2
3342 2
3343 2
3344 2
3345 2
11542 2
3357 2
12065 2
3363 2
12066 2
11557 2
13695 2
11576 2
11577 2
11578 2
11584 2
11585 2
11594 2
3403 2
3404 2
11597 2
3406 2
3407 2
11599 2
11604 2
11616 2
3446 2
11639 2
3456 2
11648 2
11649 2
11653 2
11663 2
11664 2
11668 2
3479 2
11674 2
3484 2
11677 2
11678 2
11700 2
11702 2
11703 2
11704 2
11713 2
11714 2
3541 2
3543 2
3544 2
3545 2
3546 2
3547 2
3550 2
3551 2
3552 2
11739 2
11748 2
11749 2
11750 2
11758 2
3578 2
3579 2
3580 2
3582 2
3583 2
3584 2
3585 2
3586 2
3589 2
3594 2
11784 2
11793 2
11795 2
3605 2
11802 2
3616 2
11811 2
11812 2
11816 2
11819 2
3632 2
3633 2
3635 2
3637 2
11832 2
11840 2
11841 2
3651 2
11845 2
11856 2
3678 2
8874 2
11880 2
11883 2
3693 2
3695 2
3696 2
3701 2
3704 2
11898 2
11899 2
11903 2
3713 2
3714 2
3715 2
3717 2
3718 2
3720 2
3721 2
3722 2
3723 2
10510 2
11920 2
3735 2
3736 2
11934 2
11936 2
11939 2
11947 2
11952 2
3764 2
11960 2
11961 2
11968 2
11969 2
11977 2
3790 2
11982 2
3795 2
3796 2
11988 2
11990 2
11994 2
8897 2
11999 2
12001 2
8899 2
12007 2
12008 2
12010 2
12013 2
12017 2
3833 2
3834 2
3835 2
3836 2
3837 2
3844 2
3845 2
3847 2
3848 2
12033 2
12035 2
12047 2
12048 2
3869 2
3870 2
3872 2
3874 2
3875 2
3876 2
3877 2
3878 2
3879 2
12070 2
3889 2
12075 2
3893 2
12081 2
12095 2
3904 2
3905 2
3908 2
12096 2
12102 2
12105 2
3917 2
12116 2
3927 2
12124 2
12127 2
12130 2
12133 2
12134 2
12135 2
12136 2
3945 2
3946 2
3947 2
3949 2
12139 2
12140 2
12141 2
3955 2
12151 2
3961 2
3962 2
3965 2
3977 2
12176 2
12177 2
12180 2
3992 2
4000 2
4001 2
4002 2
4012 2
4015 2
12205 2
12207 2
12208 2
12210 2
12211 2
12212 2
12222 2
12223 2
4040 2
12232 2
12234 2
12235 2
12241 2
4054 2
12253 2
4064 2
4069 2
4070 2
4071 2
4072 2
4073 2
4076 2
4077 2
4078 2
4080 2
4081 2
4085 2
4086 2
4087 2
4092 2
4097 2
4100 2
12290 2
12291 2
4126 2
12321 2
4131 2
4134 2
4137 2
4138 2
4140 2
4141 2
12326 2
4143 2
4144 2
12338 2
4158 2
4159 2
12347 2
4170 2
4171 2
12363 2
12370 2
4179 2
4180 2
12371 2
12374 2
4194 2
4196 2
4197 2
4198 2
4201 2
12391 2
4207 2
12422 2
12424 2
4235 2
4236 2
4237 2
10263 2
12426 2
12427 2
12430 2
4245 2
4246 2
4248 2
4251 2
4253 2
4258 2
4259 2
4261 2
12446 2
12448 2
12449 2
12451 2
12457 2
12458 2
4270 2
4271 2
12459 2
12466 2
12473 2
12477 2
12478 2
12479 2
12480 2
12481 2
12482 2
12483 2
12486 2
4296 2
4297 2
4298 2
4299 2
4300 2
4301 2
4302 2
4307 2
4309 2
4310 2
12507 2
12511 2
12523 2
12526 2
4336 2
12527 2
4339 2
4340 2
12260 2
4346 2
4348 2
4349 2
12262 2
12539 2
12540 2
12544 2
12545 2
12550 2
12264 2
4363 2
12265 2
12554 2
4369 2
12266 2
12557 2
12558 2
12573 2
12574 2
12579 2
4389 2
12585 2
12588 2
12594 2
12596 2
12598 2
12603 2
4413 2
4415 2
12607 2
12614 2
12615 2
12629 2
12633 2
12634 2
12641 2
12642 2
4453 2
12648 2
4463 2
4464 2
4465 2
4466 2
4467 2
4469 2
4470 2
4471 2
12672 2
12684 2
12689 2
12698 2
12703 2
12707 2
12710 2
12712 2
12713 2
12714 2
12715 2
12717 2
12723 2
12724 2
12734 2
12738 2
12739 2
10674 2
4553 2
4554 2
10675 2
12750 2
10676 2
12757 2
12762 2
12772 2
12773 2
12774 2
4601 2
12795 2
4605 2
4610 2
4612 2
12801 2
4616 2
4617 2
4632 2
4635 2
4636 2
4637 2
4638 2
4639 2
4642 2
10691 2
4647 2
4650 2
4651 2
4652 2
12838 2
12839 2
12840 2
12850 2
4659 2
4663 2
4664 2
4666 2
4669 2
12853 2
12865 2
4678 2
4679 2
12871 2
4681 2
12328 2
12875 2
12876 2
12877 2
12333 2
12901 2
4712 2
4713 2
12335 2
12909 2
12336 2
12337 2
4729 2
4730 2
4732 2
12928 2
4743 2
4744 2
4750 2
4753 2
4754 2
12944 2
12945 2
12950 2
4763 2
4765 2
12955 2
4768 2
4771 2
4776 2
4777 2
4779 2
4780 2
4786 2
12975 2
4789 2
4790 2
4794 2
4797 2
12984 2
13001 2
13005 2
13007 2
4827 2
4831 2
4833 2
13022 2
4838 2
13025 2
13031 2
13032 2
4848 2
13034 2
13037 2
13041 2
13047 2
4860 2
4862 2
4864 2
13058 2
13066 2
4875 2
4876 2
4877 2
4878 2
4880 2
4881 2
4884 2
4887 2
13077 2
13085 2
13087 2
13091 2
13095 2
4904 2
4906 2
4907 2
13096 2
4910 2
13101 2
13104 2
13112 2
4925 2
4928 2
13118 2
13120 2
13121 2
13126 2
13128 2
4940 2
13131 2
13134 2
4944 2
13143 2
13150 2
13152 2
13178 2
4988 2
13181 2
4990 2
13184 2
5003 2
13195 2
13196 2
13199 2
5008 2
5009 2
13210 2
5019 2
5022 2
13214 2
13220 2
13229 2
5039 2
5040 2
13232 2
13233 2
5044 2
5050 2
13243 2
13248 2
13264 2
13265 2
13266 2
13273 2
13276 2
5088 2
5089 2
5090 2
13283 2
13284 2
13286 2
13291 2
13292 2
13293 2
13297 2
5113 2
5114 2
5115 2
5128 2
13325 2
5139 2
5141 2
5144 2
13339 2
5148 2
13341 2
13344 2
5159 2
5160 2
5161 2
13356 2
13357 2
5168 2
13361 2
5170 2
5172 2
5173 2
5174 2
5175 2
5176 2
5177 2
5178 2
13363 2
13364 2
13365 2
13368 2
13369 2
13380 2
13383 2
5199 2
5200 2
13393 2
13394 2
13397 2
12433 2
12434 2
5217 2
13409 2
12435 2
13413 2
5225 2
5227 2
5228 2
5229 2
5231 2
13417 2
13428 2
12440 2
13438 2
13439 2
5271 2
5281 2
13491 2
13493 2
13497 2
13498 2
5314 2
5323 2
13515 2
5326 2
13518 2
13523 2
13525 2
5335 2
13526 2
5337 2
13530 2
13532 2
13537 2
13539 2
5357 2
5358 2
5359 2
13551 2
13555 2
13569 2
13570 2
13574 2
13577 2
13579 2
13580 2
5390 2
5395 2
5400 2
13598 2
5409 2
5410 2
5411 2
5412 2
5415 2
13602 2
13603 2
13606 2
5419 2
13609 2
13612 2
5423 2
13616 2
13617 2
5429 2
13621 2
5431 2
13623 2
13632 2
13641 2
13643 2
13646 2
13649 2
5461 2
5462 2
5465 2
13664 2
13668 2
10858 2
13671 2
13673 2
5487 2
5488 2
5489 2
5490 2
13680 2
5497 2
5499 2
5500 2
5502 2
5503 2
5504 2
5505 2
5506 2
5508 2
5511 2
5513 2
5514 2
13705 2
5521 2
5522 2
13714 2
5527 2
13719 2
5530 2
5531 2
5533 2
5534 2
5535 2
5538 2
5540 2
5542 2
13734 2
5544 2
5545 2
13737 2
10872 2
13738 2
13739 2
13743 2
13745 2
5556 2
5558 2
5559 2
10874 2
13746 2
13751 2
13755 2
13758 2
13760 2
5572 2
13765 2
13766 2
13773 2
13774 2
13775 2
13782 2
13795 2
13798 2
13802 2
5621 2
13816 2
13818 2
5628 2
13819 2
13838 2
13841 2
13842 2
5660 2
5661 2
5662 2
5664 2
13857 2
13860 2
13865 2
13866 2
5676 2
13867 2
13869 2
13875 2
13884 2
13889 2
11768 2
13898 2
13909 2
13911 2
13917 2
5726 2
5727 2
5728 2
5729 2
5733 2
13933 2
13935 2
5744 2
5746 2
5749 2
5750 2
5751 2
5753 2
5757 2
5759 2
5760 2
5761 2
5762 2
5763 2
5764 2
5767 2
5769 2
5772 2
5774 2
5775 2
13961 2
13965 2
13977 2
13979 2
5790 2
10922 2
5803 2
5805 2
5806 2
13997 2
14001 2
14006 2
14008 2
14010 2
14015 2
14019 2
14039 2
14040 2
5850 2
14042 2
14046 2
10933 2
14047 2
10934 2
10935 2
14057 2
14058 2
14059 2
14060 2
14061 2
14066 2
5875 2
5876 2
14067 2
14068 2
14072 2
5882 2
14074 2
5888 2
5889 2
14081 2
14090 2
14091 2
14093 2
5904 2
5906 2
5908 2
5909 2
5917 2
5918 2
5919 2
5921 2
5922 2
14109 2
5926 2
5927 2
5928 2
5929 2
5960 2
9329 2
6019 2
6020 2
6021 2
6022 2
6023 2
6024 2
6041 2
6044 2
6051 2
6070 2
6071 2
6079 2
6081 2
6082 2
6083 2
6095 2
6096 2
6097 2
6098 2
6099 2
6101 2
6105 2
6114 2
6162 2
9366 2
6168 2
6169 2
6172 2
9367 2
6180 2
6181 2
6182 2
9369 2
6185 2
6188 2
6189 2
6190 2
6191 2
9373 2
6202 2
6203 2
6205 2
6206 2
6207 2
6210 2
6214 2
6215 2
6221 2
6223 2
6227 2
6228 2
6231 2
6232 2
6233 2
6244 2
6246 2
6247 2
6248 2
6249 2
6252 2
6271 2
6275 2
6279 2
6282 2
6320 2
6322 2
6323 2
6325 2
6326 2
6327 2
6328 2
6339 2
6341 2
6346 2
6350 2
6351 2
6357 2
6358 2
6361 2
6364 2
6366 2
6368 2
6372 2
6374 2
6386 2
6387 2
6388 2
6389 2
6395 2
6414 2
6417 2
6418 2
6430 2
6432 2
6433 2
6436 2
6438 2
6443 2
6446 2
6452 2
6491 2
6493 2
6494 2
6496 2
6498 2
6499 2
6503 2
6504 2
6505 2
6508 2
6509 2
6514 2
6515 2
6531 2
6532 2
6533 2
6535 2
6536 2
6544 2
6545 2
6547 2
6555 2
6557 2
6565 2
6606 2
6625 2
6626 2
6631 2
6632 2
6634 2
6635 2
6637 2
6638 2
11515 2
6651 2
6660 2
6668 2
6673 2
6674 2
6682 2
9476 2
6723 2
6724 2
6733 2
6734 2
6736 2
6739 2
6748 2
6749 2
6760 2
6762 2
6763 2
6772 2
6773 2
6774 2
6775 2
6776 2
6777 2
6791 2
10690 2
6800 2
10365 2
6807 2
6808 2
6812 2
6820 2
6821 2
6822 2
6830 2
6846 2
6848 2
6856 2
6857 2
6859 2
6861 2
6863 2
6870 2
6871 2
6878 2
6887 2
6891 2
6896 2
6898 2
6899 2
6901 2
6902 2
6903 2
6913 2
6916 2
6917 2
6931 2
6937 2
6951 2
6974 2
6977 2
6981 2
6993 2
11160 2
11161 2
11162 2
7014 2
7016 2
7017 2
7020 2
11164 2
7027 2
7028 2
7033 2
7035 2
7037 2
7042 2
7043 2
7044 2
7059 2
7060 2
7061 2
7062 2
7064 2
7070 2
7072 2
7073 2
7076 2
7077 2
7078 2
7087 2
7112 2
7118 2
7125 2
7128 2
7129 2
7131 2
7132 2
11186 2
7134 2
7144 2
11189 2
11190 2
7155 2
7160 2
7170 2
12824 2
12825 2
12826 2
7189 2
7190 2
7191 2
7195 2
12828 2
7204 2
7215 2
7216 2
7225 2
7248 2
7250 2
7252 2
7255 2
7260 2
7263 2
7265 2
7266 2
7267 2
7295 2
7298 2
7308 2
7310 2
7319 2
7320 2
7344 2
7360 2
7378 2
7423 2
7425 2
7427 2
7429 2
7432 2
7444 2
7452 2
7455 2
7475 2
7477 2
7478 2
7480 2
7481 2
7482 2
7486 2
7491 2
7493 2
7494 2
7495 2
7505 2
7507 2
7516 2
7518 2
7530 2
7540 2
7563 2
7564 2
7565 2
7567 2
7583 2
7584 2
7585 2
7606 2
7611 2
7613 2
7621 2
7634 2
7656 2
7661 2
7668 2
7675 2
7676 2
7678 2
7680 2
7684 2
7692 2
7693 2
7694 2
7695 2
7696 2
7697 2
7719 2
7720 2
7731 2
7742 2
7743 2
7773 2
7784 2
7791 2
7817 2
7818 2
7820 2
7861 2
7881 2
12964 2
7884 2
7885 2
7886 2
12965 2
7898 2
7899 2
7945 2
7946 2
12980 2
12981 2
7990 2
7991 2
7992 2
8005 2
8006 2
8007 2
8011 2
8013 2
8017 2
8018 2
8024 2
8035 2
8044 2
8049 2
8050 2
8051 2
8054 2
8056 2
8058 2
8061 2
8085 2
8100 2
8128 2
8131 2
8135 2
8148 2
8149 2
8159 2
8160 2
8166 2
8168 2
8175 2
8177 2
8190 2
1 3
6 3
7 3
9 3
10 3
8195 3
8196 3
8198 3
8208 3
8211 3
24 3
25 3
26 3
27 3
28 3
29 3
31 3
32 3
34 3
35 3
36 3
37 3
8226 3
44 3
45 3
8229 3
8230 3
8232 3
8233 3
8236 3
8237 3
8240 3
8250 3
60 3
8252 3
8255 3
65 3
8256 3
8258 3
8260 3
8266 3
8270 3
89 3
8282 3
97 3
8298 3
8300 3
8301 3
8304 3
8307 3
144 3
8340 3
160 3
8357 3
8358 3
8359 3
8360 3
176 3
8379 3
8382 3
13684 3
198 3
8390 3
8391 3
8406 3
8407 3
216 3
8409 3
220 3
8412 3
8414 3
13070 3
230 3
8422 3
8423 3
8424 3
241 3
242 3
243 3
244 3
252 3
8446 3
8448 3
258 3
8458 3
8460 3
8461 3
270 3
8463 3
274 3
282 3
284 3
286 3
287 3
288 3
289 3
290 3
293 3
8478 3
8479 3
8482 3
8483 3
8485 3
8489 3
8497 3
8498 3
310 3
311 3
8502 3
313 3
8504 3
324 3
335 3
8527 3
8528 3
345 3
347 3
348 3
8545 3
355 3
358 3
359 3
8557 3
379 3
381 3
389 3
8583 3
393 3
394 3
8591 3
8593 3
8594 3
8602 3
8603 3
8604 3
8605 3
8614 3
8615 3
8617 3
8620 3
11484 3
8228 3
8633 3
8634 3
8635 3
448 3
453 3
454 3
458 3
8642 3
461 3
462 3
465 3
467 3
468 3
469 3
472 3
473 3
474 3
477 3
479 3
481 3
483 3
485 3
487 3
488 3
489 3
490 3
491 3
494 3
495 3
499 3
502 3
8699 3
8700 3
8710 3
525 3
526 3
527 3
528 3
529 3
530 3
8722 3
8723 3
8724 3
8728 3
8729 3
8730 3
548 3
553 3
11509 3
566 3
8763 3
575 3
576 3
579 3
580 3
581 3
582 3
586 3
587 3
590 3
593 3
594 3
595 3
602 3
603 3
604 3
605 3
607 3
8791 3
609 3
610 3
611 3
612 3
617 3
618 3
620 3
621 3
624 3
630 3
631 3
11524 3
642 3
644 3
645 3
648 3
649 3
650 3
8839 3
8846 3
655 3
8847 3
8848 3
8851 3
8852 3
8853 3
8855 3
8856 3
8858 3
673 3
8866 3
675 3
677 3
681 3
682 3
683 3
684 3
686 3
688 3
690 3
8883 3
8886 3
8889 3
8893 3
8894 3
8896 3
714 3
8900 3
8901 3
8902 3
8905 3
8906 3
8907 3
727 3
729 3
8928 3
738 3
739 3
745 3
746 3
8930 3
8932 3
752 3
753 3
755 3
756 3
8951 3
760 3
761 3
765 3
766 3
767 3
769 3
771 3
772 3
8968 3
777 3
778 3
779 3
780 3
781 3
782 3
783 3
8973 3
809 3
812 3
815 3
9007 3
9010 3
822 3
9019 3
9020 3
9025 3
9026 3
838 3
9031 3
9033 3
853 3
855 3
9039 3
858 3
859 3
861 3
863 3
866 3
9063 3
876 3
877 3
9067 3
880 3
881 3
882 3
9069 3
9070 3
896 3
898 3
900 3
901 3
9089 3
9101 3
910 3
913 3
914 3
915 3
916 3
919 3
920 3
9106 3
922 3
9107 3
9116 3
938 3
9144 3
9145 3
962 3
9155 3
9156 3
969 3
970 3
972 3
974 3
976 3
977 3
9166 3
9184 3
9185 3
1003 3
9201 3
9207 3
1016 3
9209 3
9214 3
9215 3
9216 3
9218 3
1029 3
1030 3
1031 3
1032 3
1033 3
9220 3
9223 3
9226 3
9227 3
1040 3
9231 3
9232 3
9233 3
9235 3
9237 3
9238 3
9239 3
9241 3
9242 3
9243 3
9244 3
9246 3
9247 3
1061 3
9248 3
1068 3
1070 3
1071 3
9260 3
9261 3
10137 3
9269 3
9271 3
1080 3
1087 3
9282 3
9283 3
9284 3
9296 3
9297 3
9300 3
9303 3
1112 3
1118 3
1121 3
1131 3
1132 3
9327 3
1136 3
1137 3
1138 3
1140 3
1142 3
9341 3
13071 3
9346 3
9357 3
9360 3
1171 3
1179 3
1185 3
1193 3
1194 3
1196 3
1197 3
9382 3
9385 3
9386 3
9393 3
1204 3
1212 3
1213 3
1217 3
1218 3
1220 3
9411 3
9414 3
9420 3
1229 3
9421 3
10014 3
9424 3
9429 3
1243 3
9437 3
9442 3
9446 3
9449 3
1267 3
1268 3
1283 3
9474 3
9475 3
1288 3
1289 3
1290 3
1293 3
9482 3
9493 3
1308 3
9502 3
9504 3
9506 3
9509 3
9511 3
9513 3
9516 3
9517 3
9518 3
9523 3
9525 3
1337 3
9530 3
9532 3
1345 3
9537 3
1350 3
9543 3
9546 3
9548 3
9549 3
9553 3
9559 3
9564 3
9565 3
1377 3
9573 3
9578 3
1389 3
1390 3
9584 3
9585 3
9593 3
1405 3
1406 3
1408 3
1409 3
1411 3
1415 3
1419 3
9605 3
1428 3
8425 3
1448 3
9640 3
1450 3
13688 3
9644 3
9645 3
1454 3
9653 3
9654 3
9655 3
9661 3
9662 3
9667 3
9673 3
9677 3
9680 3
9681 3
9694 3
9695 3
9705 3
9716 3
9727 3
9732 3
9735 3
9746 3
1557 3
1560 3
1561 3
1563 3
9757 3
1568 3
1571 3
9767 3
9768 3
9774 3
1627 3
1628 3
9819 3
9821 3
9831 3
9832 3
1641 3
1646 3
9839 3
9840 3
9841 3
9842 3
9843 3
9844 3
1659 3
9851 3
9857 3
1668 3
8473 3
9863 3
9866 3
8474 3
8476 3
9878 3
9883 3
9884 3
1699 3
9900 3
1709 3
9903 3
9904 3
9908 3
1718 3
1719 3
10110 3
1721 3
1722 3
1726 3
9915 3
1729 3
1731 3
1733 3
1741 3
1742 3
1744 3
1745 3
1746 3
1748 3
1750 3
9938 3
9940 3
9941 3
9942 3
9947 3
9949 3
9954 3
1770 3
1771 3
1772 3
9956 3
9957 3
9962 3
9964 3
9965 3
9971 3
1798 3
1800 3
1802 3
9997 3
9998 3
10001 3
10006 3
10007 3
1817 3
1822 3
1823 3
1826 3
10012 3
1830 3
1835 3
10028 3
10030 3
10136 3
10041 3
10042 3
1851 3
1855 3
10043 3
1859 3
10048 3
1864 3
10058 3
1872 3
10069 3
10071 3
10075 3
10077 3
10095 3
10096 3
1905 3
10099 3
10100 3
1910 3
10102 3
10104 3
10106 3
1916 3
1917 3
1919 3
1920 3
1922 3
10107 3
10108 3
1927 3
1929 3
10114 3
10122 3
10123 3
1938 3
10131 3
1943 3
1944 3
1945 3
1946 3
10132 3
1950 3
1951 3
1954 3
1959 3
1960 3
10150 3
10151 3
10159 3
1970 3
1971 3
10161 3
10170 3
1995 3
10187 3
10188 3
1999 3
10189 3
10191 3
10195 3
10196 3
10197 3
10198 3
2014 3
2015 3
2019 3
2020 3
2021 3
2023 3
2024 3
2025 3
2027 3
10213 3
10221 3
10222 3
10228 3
10229 3
2039 3
2040 3
10231 3
2045 3
10246 3
10250 3
10251 3
10252 3
2066 3
2071 3
2074 3
2075 3
2081 3
2082 3
2083 3
10280 3
2089 3
10282 3
2092 3
2098 3
2100 3
10295 3
10296 3
2106 3
2107 3
10302 3
2114 3
2117 3
10309 3
2123 3
2127 3
10320 3
2130 3
10322 3
2133 3
10324 3
10329 3
10331 3
2145 3
10341 3
10347 3
10349 3
10353 3
2174 3
2176 3
2177 3
2179 3
2186 3
2187 3
2189 3
2191 3
10386 3
10387 3
2204 3
10399 3
10409 3
10416 3
10428 3
2258 3
2259 3
2260 3
2261 3
2262 3
2263 3
2264 3
10452 3
10453 3
10454 3
10456 3
10460 3
10465 3
10466 3
10469 3
10470 3
10472 3
10474 3
10475 3
10492 3
2309 3
2310 3
2312 3
10502 3
2319 3
2321 3
2323 3
2324 3
2325 3
10514 3
10515 3
10517 3
10518 3
10520 3
10534 3
10537 3
10542 3
10543 3
2363 3
2364 3
10556 3
10557 3
10573 3
10577 3
10578 3
10581 3
10582 3
10585 3
10587 3
2396 3
10598 3
2409 3
11493 3
10628 3
10632 3
10633 3
2443 3
10644 3
10649 3
10650 3
2459 3
2461 3
2462 3
2463 3
2466 3
2467 3
2468 3
11495 3
2483 3
2484 3
2485 3
2487 3
2488 3
2489 3
2492 3
2493 3
2495 3
2497 3
2500 3
2502 3
2504 3
2505 3
10689 3
2509 3
2513 3
10698 3
10708 3
8643 3
10722 3
8644 3
10726 3
10728 3
10729 3
2541 3
2542 3
2543 3
2544 3
2545 3
8646 3
11904 3
10745 3
11905 3
2563 3
2565 3
8651 3
11907 3
8652 3
10774 3
10776 3
10777 3
10779 3
2591 3
2593 3
2595 3
8657 3
2598 3
2599 3
10783 3
2601 3
10785 3
10794 3
10795 3
10798 3
8662 3
10831 3
8666 3
10833 3
2644 3
2645 3
2646 3
2648 3
8667 3
10848 3
10850 3
2664 3
10855 3
10857 3
2671 3
2672 3
8672 3
2674 3
2675 3
10860 3
2677 3
2678 3
2680 3
10871 3
2686 3
2687 3
2688 3
2689 3
10880 3
10904 3
10905 3
10906 3
2717 3
2722 3
10915 3
10919 3
10920 3
2732 3
2733 3
2736 3
2737 3
2738 3
2739 3
2740 3
2742 3
2744 3
2745 3
2747 3
2748 3
2755 3
2757 3
10947 3
10949 3
10950 3
10958 3
10959 3
10967 3
10968 3
10969 3
10970 3
2796 3
10989 3
2806 3
10992 3
11002 3
11011 3
11018 3
11020 3
2829 3
2830 3
2831 3
2833 3
2835 3
2836 3
11031 3
2842 3
2846 3
2847 3
11043 3
11045 3
11054 3
11055 3
11057 3
11058 3
11067 3
11068 3
2893 3
11086 3
11087 3
11091 3
11098 3
11102 3
11110 3
2926 3
2929 3
11121 3
11130 3
2939 3
2944 3
2945 3
2947 3
11141 3
11142 3
11145 3
2968 3
2969 3
2971 3
2972 3
2976 3
2977 3
2978 3
11163 3
2981 3
2983 3
2986 3
2989 3
2990 3
2994 3
2997 3
2998 3
3000 3
3001 3
3002 3
3003 3
3004 3
3005 3
3006 3
3008 3
3009 3
3012 3
3013 3
11199 3
11205 3
10369 3
11210 3
10370 3
11219 3
3034 3
11232 3
11234 3
3046 3
11239 3
3049 3
3050 3
3053 3
3054 3
3058 3
3060 3
11275 3
3091 3
3093 3
11282 3
11283 3
11292 3
11293 3
11296 3
3105 3
3106 3
11309 3
11310 3
11311 3
3129 3
3130 3
11319 3
11321 3
11325 3
11348 3
3170 3
11363 3
12029 3
3180 3
3182 3
3183 3
11372 3
11375 3
12031 3
3188 3
3189 3
11381 3
11386 3
8776 3
11387 3
11392 3
11393 3
3204 3
3206 3
3208 3
8778 3
11399 3
11400 3
8780 3
11408 3
8781 3
11525 3
11417 3
11418 3
8783 3
11421 3
11423 3
11426 3
11430 3
8785 3
8786 3
3254 3
3255 3
3256 3
11451 3
3261 3
11466 3
11468 3
11472 3
11479 3
3288 3
3299 3
3300 3
3302 3
3304 3
3305 3
3306 3
3307 3
3308 3
3309 3
3310 3
3311 3
3312 3
3313 3
3315 3
3316 3
3319 3
3322 3
3323 3
3324 3
11508 3
3327 3
11514 3
3330 3
3334 3
3335 3
3338 3
11523 3
3341 3
3346 3
12061 3
3348 3
12062 3
3350 3
3352 3
3353 3
3354 3
3355 3
3356 3
12064 3
3362 3
11566 3
11575 3
11582 3
11586 3
11593 3
11613 3
11614 3
3423 3
11636 3
11644 3
11647 3
3457 3
11650 3
11651 3
11652 3
11654 3
11655 3
11665 3
11675 3
3485 3
11676 3
3489 3
11683 3
13720 3
11699 3
3512 3
3519 3
11712 3
3521 3
11730 3
3542 3
3548 3
3549 3
11737 3
11738 3
3556 3
3557 3
11751 3
3568 3
11761 3
3575 3
11767 3
3577 3
3581 3
11777 3
3590 3
11783 3
3592 3
3593 3
3595 3
3596 3
3597 3
3603 3
11801 3
11813 3
3634 3
3636 3
3645 3
11838 3
11839 3
11844 3
11846 3
11847 3
11848 3
8869 3
11857 3
11868 3
11874 3
11876 3
10503 3
10504 3
11889 3
3700 3
3702 3
3703 3
11892 3
11895 3
10507 3
3716 3
3719 3
3724 3
10508 3
10509 3
11925 3
11926 3
11927 3
11928 3
11929 3
11933 3
3743 3
11935 3
11941 3
11950 3
3765 3
11959 3
11962 3
11963 3
11978 3
11984 3
3794 3
11987 3
11989 3
11995 3
12000 3
12014 3
12015 3
12022 3
12023 3
12024 3
3838 3
3839 3
3840 3
3841 3
3842 3
3843 3
3846 3
12032 3
12043 3
12044 3
8908 3
12053 3
12054 3
12057 3
12058 3
12059 3
3871 3
3873 3
3880 3
3881 3
3882 3
3883 3
12067 3
12068 3
12069 3
12071 3
3890 3
12076 3
12094 3
3906 3
3907 3
12101 3
12104 3
3919 3
3920 3
3921 3
3922 3
12111 3
12112 3
12118 3
12121 3
12125 3
12126 3
12131 3
12132 3
3948 3
3950 3
12150 3
12152 3
3963 3
3964 3
12154 3
12155 3
3970 3
3975 3
3976 3
3978 3
3979 3
12169 3
12175 3
12179 3
12183 3
3996 3
12189 3
12191 3
12192 3
4007 3
4008 3
4009 3
4010 3
4011 3
12201 3
4014 3
4016 3
12202 3
12206 3
12220 3
4033 3
12237 3
12239 3
4053 3
12251 3
12252 3
12255 3
4065 3
4066 3
12256 3
12257 3
4074 3
4075 3
4079 3
4082 3
4083 3
4084 3
4088 3
4089 3
4090 3
4091 3
4093 3
4094 3
4095 3
12283 3
4098 3
4099 3
4101 3
4102 3
4103 3
12292 3
12293 3
12294 3
4109 3
4120 3
12313 3
12314 3
4125 3
4127 3
4132 3
4135 3
4136 3
4139 3
4145 3
4146 3
4147 3
4148 3
4149 3
4150 3
4151 3
4152 3
4153 3
4154 3
4156 3
4157 3
4160 3
12357 3
12368 3
12369 3
4181 3
4182 3
4184 3
12375 3
12377 3
4195 3
4199 3
4200 3
12392 3
12395 3
12401 3
12402 3
12410 3
4220 3
4221 3
12415 3
4233 3
12425 3
4238 3
4239 3
4244 3
12432 3
4249 3
4250 3
4252 3
12439 3
4255 3
4256 3
4257 3
4260 3
12447 3
4269 3
12460 3
12484 3
4308 3
4311 3
12510 3
12512 3
12514 3
4323 3
4324 3
4325 3
4326 3
12515 3
12258 3
12259 3
4338 3
4341 3
4342 3
4343 3
4345 3
4347 3
4350 3
12261 3
12263 3
4361 3
4362 3
4364 3
12555 3
4368 3
12556 3
12562 3
12563 3
12571 3
12572 3
12575 3
4390 3
12581 3
12272 3
12595 3
12604 3
4416 3
12608 3
4420 3
4424 3
12630 3
12632 3
12639 3
12640 3
4455 3
4458 3
4459 3
4468 3
12664 3
4473 3
4474 3
12665 3
12673 3
12676 3
4488 3
4489 3
12683 3
9034 3
12686 3
12687 3
9035 3
12690 3
9036 3
12696 3
12697 3
12699 3
12700 3
4510 3
4511 3
12702 3
9038 3
12704 3
12706 3
12711 3
12716 3
12719 3
4533 3
10671 3
10672 3
12737 3
10673 3
12747 3
4556 3
12748 3
12749 3
12751 3
12752 3
12755 3
10677 3
12763 3
10678 3
12776 3
13938 3
12788 3
12791 3
4600 3
4602 3
4603 3
4606 3
4607 3
4608 3
4609 3
4611 3
4614 3
4615 3
12802 3
12803 3
12808 3
4631 3
4633 3
4634 3
4640 3
4641 3
4643 3
4644 3
4645 3
12832 3
12833 3
4656 3
12852 3
4661 3
4662 3
4665 3
4667 3
9068 3
4671 3
4672 3
12857 3
12863 3
4676 3
12867 3
12880 3
12881 3
12882 3
12885 3
12886 3
12887 3
13959 3
4714 3
12910 3
12911 3
4728 3
4731 3
4733 3
4734 3
12923 3
12925 3
12927 3
12930 3
12931 3
12932 3
12941 3
4751 3
4752 3
4755 3
4756 3
12942 3
4764 3
4767 3
4769 3
4770 3
4772 3
12956 3
4774 3
12961 3
4778 3
4781 3
4782 3
4783 3
4784 3
4785 3
4787 3
4791 3
4792 3
4793 3
4795 3
4796 3
4798 3
12983 3
12989 3
12995 3
12996 3
12997 3
13006 3
4820 3
4821 3
4822 3
4828 3
13020 3
13021 3
4832 3
4834 3
4835 3
4836 3
13023 3
13024 3
13026 3
13030 3
13033 3
4847 3
4849 3
13035 3
13036 3
13040 3
4861 3
4863 3
4865 3
4879 3
4882 3
4883 3
4885 3
4886 3
4888 3
13076 3
4905 3
13099 3
13102 3
13111 3
4921 3
13113 3
13114 3
13115 3
4926 3
13117 3
4929 3
13122 3
13125 3
13127 3
4937 3
13129 3
4946 3
13144 3
4953 3
4955 3
13151 3
13153 3
13155 3
13158 3
13159 3
13160 3
4969 3
13161 3
13167 3
4978 3
4984 3
13179 3
4993 3
4998 3
13190 3
13194 3
13197 3
13202 3
13203 3
5020 3
5021 3
13211 3
13212 3
5025 3
5035 3
13234 3
13245 3
13267 3
13275 3
5086 3
5087 3
10784 3
5110 3
13321 3
13322 3
5131 3
13323 3
13324 3
13326 3
13331 3
5142 3
11503 3
13340 3
13343 3
13345 3
13347 3
13348 3
5164 3
5167 3
5171 3
13367 3
13377 3
5186 3
13379 3
13381 3
5193 3
13395 3
13404 3
5216 3
13412 3
13415 3
5226 3
5230 3
12436 3
13419 3
13436 3
13437 3
13440 3
13441 3
13442 3
13443 3
13446 3
5270 3
13465 3
13468 3
13469 3
13470 3
5282 3
5288 3
13489 3
13490 3
5313 3
5322 3
5329 3
13521 3
5334 3
5338 3
13527 3
13531 3
13538 3
13541 3
5351 3
5352 3
13556 3
13557 3
5369 3
5371 3
13568 3
13571 3
13572 3
5389 3
5391 3
13581 3
13583 3
13591 3
5404 3
5407 3
5413 3
13601 3
13618 3
13619 3
5432 3
13628 3
13636 3
5453 3
13645 3
5455 3
5460 3
14111 3
5464 3
13656 3
5481 3
5482 3
5483 3
5485 3
5486 3
13678 3
5492 3
13679 3
13681 3
13682 3
5498 3
5501 3
5507 3
5509 3
5510 3
5512 3
5515 3
13699 3
13702 3
13704 3
5520 3
13708 3
13709 3
13711 3
13717 3
5532 3
5536 3
5537 3
13724 3
13730 3
13735 3
13740 3
13744 3
5555 3
5557 3
5563 3
5564 3
13759 3
13761 3
5573 3
13764 3
13768 3
13776 3
13789 3
13799 3
13810 3
13811 3
13813 3
5626 3
5629 3
13822 3
13829 3
13843 3
13851 3
5663 3
13856 3
13861 3
13864 3
5673 3
5677 3
13871 3
13872 3
13873 3
13883 3
13885 3
13890 3
13891 3
13893 3
5713 3
12533 3
13905 3
13907 3
12534 3
13913 3
12535 3
5730 3
5731 3
5732 3
13920 3
13929 3
13931 3
13932 3
5745 3
5747 3
5748 3
5752 3
5754 3
5755 3
5756 3
5765 3
13956 3
5768 3
5770 3
5771 3
5773 3
5776 3
5777 3
13967 3
5784 3
5785 3
13976 3
5791 3
10921 3
13988 3
13989 3
13990 3
5804 3
14002 3
5812 3
5813 3
5814 3
14014 3
14016 3
14024 3
14033 3
14038 3
10932 3
14048 3
14062 3
5877 3
5881 3
14076 3
14077 3
5890 3
14080 3
5892 3
14084 3
14086 3
14092 3
5903 3
5905 3
5907 3
5910 3
14108 3
5920 3
5923 3
5925 3
5942 3
5943 3
5944 3
5945 3
5946 3
5947 3
5959 3
5961 3
5963 3
9328 3
5981 3
9330 3
6015 3
6016 3
6017 3
6018 3
6025 3
6026 3
6039 3
6040 3
6042 3
6043 3
6045 3
6052 3
6053 3
6054 3
6055 3
6056 3
6057 3
6066 3
6069 3
6080 3
6084 3
6085 3
6100 3
6102 3
6103 3
6104 3
6106 3
6127 3
6131 3
6135 3
6137 3
10990 3
6143 3
6144 3
10991 3
9364 3
6167 3
6170 3
6171 3
9368 3
6178 3
6179 3
6186 3
6199 3
6200 3
6201 3
6208 3
6209 3
6211 3
6212 3
6213 3
9375 3
6217 3
9376 3
6222 3
6224 3
6225 3
6226 3
9380 3
6245 3
6250 3
6270 3
6272 3
6273 3
6310 3
6324 3
6331 3
6332 3
6333 3
6334 3
6336 3
6337 3
6340 3
6342 3
6343 3
6344 3
6345 3
6347 3
6348 3
6349 3
6352 3
6353 3
6354 3
6356 3
6359 3
6360 3
6362 3
6367 3
6370 3
6371 3
6393 3
6394 3
6420 3
6428 3
6429 3
6431 3
6434 3
6435 3
6437 3
6439 3
6442 3
6444 3
6445 3
6447 3
6453 3
6473 3
6492 3
6495 3
6497 3
6500 3
6501 3
6502 3
6512 3
6513 3
6519 3
6530 3
6534 3
6537 3
6551 3
6556 3
6558 3
6559 3
6560 3
6561 3
6562 3
6563 3
6564 3
6594 3
6595 3
6627 3
6628 3
6629 3
6630 3
6636 3
6639 3
6697 3
6698 3
6709 3
6710 3
6713 3
6714 3
6725 3
6731 3
6732 3
6737 3
6738 3
6761 3
6764 3
6769 3
6770 3
6771 3
6782 3
6792 3
6793 3
6810 3
6813 3
6823 3
6831 3
6838 3
6858 3
6860 3
6877 3
6888 3
6889 3
6890 3
6897 3
6900 3
6914 3
6915 3
6918 3
6930 3
6935 3
6942 3
6955 3
6976 3
6979 3
7012 3
7013 3
7015 3
7018 3
7019 3
7025 3
7031 3
7032 3
7034 3
7036 3
7038 3
7039 3
7040 3
11169 3
7063 3
7065 3
7066 3
7069 3
7071 3
7075 3
7088 3
7089 3
11179 3
7095 3
7096 3
7098 3
11180 3
7100 3
7101 3
7110 3
7111 3
7119 3
7121 3
11185 3
7126 3
7130 3
11187 3
7139 3
7140 3
7142 3
7143 3
7158 3
7159 3
11194 3
7171 3
7181 3
7184 3
7188 3
7193 3
7196 3
7201 3
7203 3
7205 3
7224 3
7226 3
12834 3
7245 3
7249 3
7251 3
7262 3
7264 3
7286 3
7289 3
7290 3
7291 3
7293 3
7294 3
7296 3
7297 3
7299 3
7303 3
7304 3
7305 3
7306 3
7307 3
7309 3
7311 3
7312 3
7317 3
7318 3
7321 3
7322 3
12854 3
9599 3
9600 3
7343 3
7356 3
7362 3
7376 3
7387 3
7389 3
7424 3
7426 3
7428 3
7441 3
7446 3
7448 3
7449 3
7450 3
7474 3
7476 3
7479 3
7484 3
7487 3
7488 3
7490 3
7492 3
7501 3
7506 3
7509 3
7515 3
7517 3
7528 3
7539 3
7541 3
7568 3
7579 3
7586 3
7587 3
7601 3
7607 3
7612 3
7620 3
7622 3
7623 3
7624 3
7641 3
7649 3
7650 3
7651 3
7652 3
7654 3
7655 3
7657 3
7658 3
7660 3
7665 3
7673 3
7674 3
7677 3
7679 3
7683 3
7698 3
7717 3
7721 3
7732 3
7733 3
7744 3
7747 3
7767 3
7774 3
7775 3
7776 3
7777 3
7780 3
7789 3
7819 3
7827 3
7828 3
7829 3
7830 3
7831 3
7854 3
7862 3
7863 3
7869 3
7870 3
7871 3
7872 3
7873 3
12962 3
7876 3
7896 3
7897 3
7901 3
12969 3
7917 3
7925 3
7934 3
7935 3
12976 3
7952 3
7953 3
7954 3
7955 3
7978 3
7980 3
7981 3
7982 3
7983 3
7984 3
7985 3
7988 3
8008 3
8015 3
8016 3
8021 3
8022 3
8023 3
8026 3
8027 3
8028 3
8034 3
8037 3
8038 3
8043 3
8045 3
8046 3
8048 3
8052 3
8053 3
8055 3
8057 3
8059 3
8060 3
8079 3
8081 3
8091 3
8092 3
8093 3
8110 3
8111 3
8112 3
8113 3
8129 3
8163 3
8164 3
8165 3
8167 3
8169 3
8176 3
8178 3
8189 3
