0 1 12
0 2 9
0 3 16
0 4 37
0 5 44
0 6 5
0 7 35
0 8 24
0 9 13
0 10 29
0 11 3
0 12 21
0 13 11
0 14 14
0 15 43
0 16 27
0 17 15
0 18 41
0 19 20
0 20 38
0 21 19
0 22 34
0 23 8
0 24 36
0 25 31
0 26 26
0 27 18
0 28 4
0 29 23
0 30 2
0 31 25
0 32 10
0 33 42
0 34 7
0 35 40
0 36 17
0 37 6
0 38 1
0 39 28
0 40 32
0 41 33
0 42 30
0 43 22
0 44 39
1 1 42
1 2 17
1 3 5
1 4 8
1 5 35
1 6 36
1 7 44
1 8 38
1 9 10
1 10 15
1 11 18
1 12 16
1 13 40
1 14 19
1 15 37
1 16 39
1 17 7
1 18 12
1 19 6
1 20 23
1 21 9
1 22 11
1 23 28
1 24 14
1 25 2
1 26 21
1 27 13
1 28 34
1 29 0
1 30 43
1 31 4
1 32 25
1 33 32
1 34 30
1 35 22
1 36 41
1 37 29
1 38 33
1 39 3
1 40 20
1 41 24
1 42 26
1 43 27
1 44 31
2 1 6
2 2 43
2 3 27
2 4 3
2 5 31
2 6 36
2 7 32
2 8 20
2 9 23
2 10 10
2 11 4
2 12 7
2 13 24
2 14 28
2 15 5
2 16 0
2 17 33
2 18 38
2 19 40
2 20 35
2 21 30
2 22 17
2 23 37
2 24 1
2 25 13
2 26 22
2 27 29
2 28 15
2 29 11
2 30 42
2 31 19
2 32 39
2 33 14
2 34 25
2 35 26
2 36 21
2 37 18
2 38 41
2 39 16
2 40 8
2 41 44
2 42 9
2 43 12
2 44 34
3 1 43
3 2 30
3 3 10
3 4 39
3 5 23
3 6 7
3 7 35
3 8 38
3 9 2
3 10 42
3 11 20
3 12 44
3 13 32
3 14 12
3 15 0
3 16 13
3 17 15
3 18 4
3 19 5
3 20 37
3 21 41
3 22 25
3 23 1
3 24 22
3 25 21
3 26 29
3 27 18
3 28 28
3 29 40
3 30 36
3 31 27
3 32 26
3 33 31
3 34 14
3 35 24
3 36 8
3 37 33
3 38 16
3 39 34
3 40 19
3 41 11
3 42 6
3 43 9
3 44 17
4 1 37
4 2 13
4 3 15
4 4 20
4 5 42
4 6 5
4 7 40
4 8 7
4 9 16
4 10 3
4 11 26
4 12 35
4 13 10
4 14 0
4 15 21
4 16 24
4 17 38
4 18 41
4 19 39
4 20 29
4 21 22
4 22 32
4 23 8
4 24 14
4 25 18
4 26 12
4 27 43
4 28 33
4 29 2
4 30 31
4 31 1
4 32 28
4 33 11
4 34 6
4 35 25
4 36 27
4 37 34
4 38 44
4 39 17
4 40 30
4 41 19
4 42 23
4 43 9
4 44 36
5 1 8
5 2 34
5 3 0
5 4 43
5 5 38
5 6 16
5 7 29
5 8 20
5 9 33
5 10 25
5 11 21
5 12 39
5 13 15
5 14 14
5 15 11
5 16 32
5 17 26
5 18 27
5 19 42
5 20 17
5 21 12
5 22 18
5 23 35
5 24 23
5 25 30
5 26 37
5 27 31
5 28 7
5 29 9
5 30 36
5 31 41
5 32 2
5 33 40
5 34 3
5 35 1
5 36 24
5 37 19
5 38 28
5 39 10
5 40 13
5 41 44
5 42 4
5 43 6
5 44 22
6 1 34
6 2 39
6 3 16
6 4 21
6 5 20
6 6 9
6 7 5
6 8 28
6 9 15
6 10 8
6 11 30
6 12 14
6 13 40
6 14 13
6 15 35
6 16 29
6 17 23
6 18 2
6 19 41
6 20 33
6 21 19
6 22 0
6 23 27
6 24 7
6 25 36
6 26 32
6 27 31
6 28 11
6 29 42
6 30 43
6 31 38
6 32 12
6 33 24
6 34 17
6 35 18
6 36 25
6 37 22
6 38 37
6 39 4
6 40 1
6 41 44
6 42 10
6 43 3
6 44 26
7 1 8
7 2 11
7 3 41
7 4 0
7 5 27
7 6 15
7 7 39
7 8 33
7 9 34
7 10 29
7 11 22
7 12 1
7 13 10
7 14 21
7 15 4
7 16 43
7 17 42
7 18 18
7 19 20
7 20 26
7 21 9
7 22 31
7 23 3
7 24 19
7 25 40
7 26 12
7 27 2
7 28 35
7 29 44
7 30 28
7 31 17
7 32 24
7 33 32
7 34 13
7 35 30
7 36 23
7 37 6
7 38 5
7 39 14
7 40 38
7 41 16
7 42 36
7 43 25
7 44 37
8 1 34
8 2 19
8 3 36
8 4 39
8 5 30
8 6 2
8 7 9
8 8 43
8 9 3
8 10 11
8 11 29
8 12 12
8 13 18
8 14 10
8 15 33
8 16 15
8 17 14
8 18 0
8 19 22
8 20 13
8 21 7
8 22 5
8 23 26
8 24 17
8 25 20
8 26 24
8 27 37
8 28 27
8 29 35
8 30 21
8 31 41
8 32 28
8 33 6
8 34 23
8 35 32
8 36 38
8 37 1
8 38 31
8 39 42
8 40 44
8 41 40
8 42 16
8 43 25
8 44 4
9 1 3
9 2 25
9 3 41
9 4 37
9 5 6
9 6 5
9 7 15
9 8 0
9 9 42
9 10 36
9 11 40
9 12 44
9 13 32
9 14 12
9 15 30
9 16 1
9 17 39
9 18 8
9 19 22
9 20 38
9 21 11
9 22 19
9 23 34
9 24 13
9 25 20
9 26 29
9 27 4
9 28 31
9 29 14
9 30 2
9 31 7
9 32 35
9 33 28
9 34 16
9 35 33
9 36 27
9 37 24
9 38 21
9 39 10
9 40 23
9 41 26
9 42 17
9 43 43
9 44 18
10 1 43
10 2 11
10 3 34
10 4 12
10 5 13
10 6 29
10 7 38
10 8 24
10 9 2
10 10 18
10 11 5
10 12 8
10 13 20
10 14 14
10 15 27
10 16 39
10 17 0
10 18 16
10 19 28
10 20 9
10 21 1
10 22 25
10 23 22
10 24 31
10 25 21
10 26 7
10 27 41
10 28 23
10 29 19
10 30 30
10 31 17
10 32 4
10 33 37
10 34 42
10 35 32
10 36 36
10 37 15
10 38 3
10 39 40
10 40 6
10 41 44
10 42 35
10 43 26
10 44 33
11 1 18
11 2 5
11 3 21
11 4 2
11 5 24
11 6 1
11 7 33
11 8 27
11 9 41
11 10 3
11 11 32
11 12 8
11 13 17
11 14 9
11 15 13
11 16 34
11 17 14
11 18 0
11 19 36
11 20 31
11 21 15
11 22 23
11 23 44
11 24 38
11 25 29
11 26 22
11 27 6
11 28 28
11 29 39
11 30 25
11 31 35
11 32 7
11 33 12
11 34 42
11 35 26
11 36 43
11 37 40
11 38 16
11 39 30
11 40 4
11 41 37
11 42 10
11 43 19
11 44 20
12 1 8
12 2 18
12 3 44
12 4 10
12 5 42
12 6 17
12 7 33
12 8 39
12 9 29
12 10 15
12 11 22
12 12 4
12 13 34
12 14 38
12 15 35
12 16 30
12 17 24
12 18 41
12 19 2
12 20 28
12 21 7
12 22 14
12 23 32
12 24 1
12 25 11
12 26 23
12 27 6
12 28 0
12 29 37
12 30 19
12 31 40
12 32 20
12 33 31
12 34 16
12 35 27
12 36 25
12 37 43
12 38 9
12 39 3
12 40 5
12 41 26
12 42 13
12 43 21
12 44 36
13 1 42
13 2 7
13 3 28
13 4 43
13 5 41
13 6 29
13 7 26
13 8 14
13 9 39
13 10 12
13 11 27
13 12 4
13 13 35
13 14 22
13 15 2
13 16 6
13 17 33
13 18 36
13 19 17
13 20 0
13 21 18
13 22 40
13 23 32
13 24 11
13 25 34
13 26 9
13 27 31
13 28 44
13 29 19
13 30 16
13 31 30
13 32 21
13 33 1
13 34 3
13 35 15
13 36 20
13 37 37
13 38 10
13 39 8
13 40 23
13 41 38
13 42 24
13 43 5
13 44 25
14 1 21
14 2 18
14 3 15
14 4 4
14 5 19
14 6 36
14 7 9
14 8 35
14 9 2
14 10 0
14 11 28
14 12 12
14 13 31
14 14 23
14 15 1
14 16 10
14 17 8
14 18 44
14 19 16
14 20 42
14 21 32
14 22 7
14 23 33
14 24 27
14 25 38
14 26 3
14 27 30
14 28 11
14 29 24
14 30 13
14 31 22
14 32 43
14 33 29
14 34 17
14 35 20
14 36 26
14 37 25
14 38 6
14 39 41
14 40 5
14 41 40
14 42 34
14 43 37
14 44 39
15 1 30
15 2 40
15 3 20
15 4 31
15 5 10
15 6 6
15 7 37
15 8 43
15 9 2
15 10 7
15 11 12
15 12 26
15 13 8
15 14 33
15 15 11
15 16 13
15 17 38
15 18 23
15 19 36
15 20 28
15 21 3
15 22 1
15 23 32
15 24 25
15 25 17
15 26 21
15 27 9
15 28 42
15 29 34
15 30 4
15 31 24
15 32 14
15 33 35
15 34 41
15 35 27
15 36 0
15 37 5
15 38 44
15 39 18
15 40 19
15 41 16
15 42 22
15 43 39
15 44 29
16 1 6
16 2 5
16 3 30
16 4 25
16 5 32
16 6 18
16 7 15
16 8 33
16 9 17
16 10 28
16 11 24
16 12 14
16 13 43
16 14 44
16 15 35
16 16 2
16 17 3
16 18 9
16 19 37
16 20 12
16 21 21
16 22 40
16 23 36
16 24 38
16 25 1
16 26 41
16 27 34
16 28 0
16 29 27
16 30 4
16 31 39
16 32 10
16 33 13
16 34 26
16 35 23
16 36 11
16 37 22
16 38 19
16 39 7
16 40 31
16 41 42
16 42 20
16 43 8
16 44 29
17 1 43
17 2 15
17 3 40
17 4 16
17 5 32
17 6 27
17 7 5
17 8 38
17 9 28
17 10 12
17 11 0
17 12 18
17 13 23
17 14 33
17 15 36
17 16 13
17 17 8
17 18 1
17 19 42
17 20 10
17 21 44
17 22 14
17 23 21
17 24 7
17 25 6
17 26 20
17 27 29
17 28 25
17 29 41
17 30 19
17 31 9
17 32 3
17 33 4
17 34 31
17 35 26
17 36 2
17 37 24
17 38 30
17 39 22
17 40 11
17 41 34
17 42 35
17 43 39
17 44 37
18 1 43
18 2 3
18 3 6
18 4 16
18 5 23
18 6 36
18 7 44
18 8 29
18 9 15
18 10 41
18 11 5
18 12 26
18 13 13
18 14 32
18 15 12
18 16 0
18 17 9
18 18 30
18 19 14
18 20 21
18 21 27
18 22 37
18 23 22
18 24 4
18 25 40
18 26 28
18 27 17
18 28 7
18 29 31
18 30 34
18 31 24
18 32 35
18 33 33
18 34 2
18 35 39
18 36 38
18 37 11
18 38 8
18 39 20
18 40 19
18 41 42
18 42 25
18 43 1
18 44 10
19 1 15
19 2 25
19 3 21
19 4 11
19 5 2
19 6 4
19 7 28
19 8 22
19 9 14
19 10 5
19 11 43
19 12 30
19 13 34
19 14 12
19 15 13
19 16 39
19 17 18
19 18 7
19 19 36
19 20 37
19 21 9
19 22 3
19 23 41
19 24 10
19 25 33
19 26 32
19 27 16
19 28 26
19 29 1
19 30 38
19 31 0
19 32 24
19 33 6
19 34 42
19 35 23
19 36 40
19 37 27
19 38 8
19 39 31
19 40 20
19 41 17
19 42 29
19 43 44
19 44 35
20 1 24
20 2 28
20 3 31
20 4 3
20 5 1
20 6 15
20 7 37
20 8 30
20 9 29
20 10 4
20 11 10
20 12 23
20 13 16
20 14 5
20 15 41
20 16 13
20 17 39
20 18 18
20 19 12
20 20 14
20 21 8
20 22 11
20 23 44
20 24 32
20 25 35
20 26 22
20 27 26
20 28 38
20 29 42
20 30 33
20 31 6
20 32 27
20 33 36
20 34 25
20 35 21
20 36 9
20 37 19
20 38 43
20 39 34
20 40 7
20 41 17
20 42 40
20 43 2
20 44 0
21 1 26
21 2 17
21 3 43
21 4 2
21 5 16
21 6 25
21 7 3
21 8 27
21 9 1
21 10 0
21 11 18
21 12 22
21 13 28
21 14 11
21 15 19
21 16 32
21 17 44
21 18 40
21 19 30
21 20 35
21 21 15
21 22 41
21 23 29
21 24 31
21 25 7
21 26 8
21 27 36
21 28 33
21 29 14
21 30 39
21 31 5
21 32 9
21 33 37
21 34 20
21 35 42
21 36 34
21 37 10
21 38 6
21 39 4
21 40 38
21 41 12
21 42 13
21 43 23
21 44 24
22 1 7
22 2 27
22 3 23
22 4 8
22 5 44
22 6 16
22 7 6
22 8 12
22 9 36
22 10 3
22 11 35
22 12 5
22 13 28
22 14 33
22 15 31
22 16 13
22 17 30
22 18 32
22 19 2
22 20 40
22 21 26
22 22 43
22 23 38
22 24 20
22 25 18
22 26 21
22 27 39
22 28 11
22 29 0
22 30 15
22 31 42
22 32 41
22 33 1
22 34 10
22 35 17
22 36 37
22 37 14
22 38 29
22 39 19
22 40 34
22 41 25
22 42 9
22 43 4
22 44 24
23 1 30
23 2 40
23 3 31
23 4 29
23 5 34
23 6 6
23 7 16
23 8 24
23 9 44
23 10 21
23 11 0
23 12 17
23 13 25
23 14 41
23 15 7
23 16 27
23 17 9
23 18 42
23 19 5
23 20 35
23 21 1
23 22 2
23 23 20
23 24 15
23 25 26
23 26 32
23 27 8
23 28 12
23 29 39
23 30 37
23 31 10
23 32 38
23 33 28
23 34 33
23 35 13
23 36 3
23 37 4
23 38 14
23 39 22
23 40 36
23 41 11
23 42 19
23 43 18
23 44 43
24 1 40
24 2 34
24 3 19
24 4 0
24 5 21
24 6 44
24 7 10
24 8 41
24 9 8
24 10 39
24 11 16
24 12 37
24 13 33
24 14 11
24 15 3
24 16 5
24 17 26
24 18 17
24 19 36
24 20 23
24 21 18
24 22 32
24 23 38
24 24 4
24 25 35
24 26 6
24 27 7
24 28 1
24 29 20
24 30 13
24 31 27
24 32 25
24 33 43
24 34 15
24 35 31
24 36 12
24 37 14
24 38 22
24 39 42
24 40 29
24 41 2
24 42 28
24 43 30
24 44 9
25 1 36
25 2 30
25 3 18
25 4 42
25 5 23
25 6 29
25 7 24
25 8 12
25 9 11
25 10 6
25 11 16
25 12 13
25 13 26
25 14 41
25 15 7
25 16 32
25 17 17
25 18 35
25 19 38
25 20 39
25 21 1
25 22 43
25 23 20
25 24 21
25 25 0
25 26 5
25 27 28
25 28 34
25 29 19
25 30 9
25 31 33
25 32 31
25 33 14
25 34 40
25 35 44
25 36 27
25 37 22
25 38 3
25 39 4
25 40 37
25 41 2
25 42 8
25 43 15
25 44 10
26 1 4
26 2 22
26 3 36
26 4 21
26 5 6
26 6 35
26 7 43
26 8 27
26 9 20
26 10 37
26 11 9
26 12 19
26 13 2
26 14 25
26 15 17
26 16 41
26 17 44
26 18 5
26 19 34
26 20 39
26 21 3
26 22 24
26 23 13
26 24 18
26 25 11
26 26 12
26 27 28
26 28 16
26 29 10
26 30 42
26 31 29
26 32 32
26 33 8
26 34 40
26 35 0
26 36 14
26 37 38
26 38 30
26 39 31
26 40 15
26 41 23
26 42 1
26 43 33
26 44 7
27 1 42
27 2 18
27 3 19
27 4 28
27 5 3
27 6 17
27 7 22
27 8 6
27 9 13
27 10 33
27 11 43
27 12 0
27 13 35
27 14 15
27 15 37
27 16 12
27 17 1
27 18 11
27 19 31
27 20 4
27 21 24
27 22 40
27 23 7
27 24 36
27 25 16
27 26 10
27 27 20
27 28 38
27 29 34
27 30 29
27 31 44
27 32 21
27 33 23
27 34 25
27 35 14
27 36 41
27 37 39
27 38 8
27 39 26
27 40 9
27 41 32
27 42 30
27 43 2
27 44 5
28 1 34
28 2 19
28 3 40
28 4 31
28 5 24
28 6 4
28 7 35
28 8 36
28 9 41
28 10 21
28 11 39
28 12 2
28 13 17
28 14 23
28 15 43
28 16 38
28 17 9
28 18 33
28 19 8
28 20 0
28 21 32
28 22 20
28 23 12
28 24 15
28 25 11
28 26 3
28 27 1
28 28 10
28 29 27
28 30 29
28 31 13
28 32 7
28 33 14
28 34 25
28 35 26
28 36 30
28 37 5
28 38 6
28 39 44
28 40 22
28 41 42
28 42 18
28 43 16
28 44 37
29 1 13
29 2 26
29 3 35
29 4 39
29 5 37
29 6 33
29 7 0
29 8 28
29 9 38
29 10 14
29 11 11
29 12 42
29 13 41
29 14 27
29 15 7
29 16 3
29 17 24
29 18 12
29 19 5
29 20 22
29 21 44
29 22 25
29 23 34
29 24 10
29 25 32
29 26 19
29 27 2
29 28 23
29 29 17
29 30 8
29 31 16
29 32 31
29 33 36
29 34 4
29 35 21
29 36 18
29 37 9
29 38 20
29 39 43
29 40 30
29 41 1
29 42 15
29 43 40
29 44 6
30 1 21
30 2 34
30 3 41
30 4 7
30 5 8
30 6 1
30 7 28
30 8 17
30 9 0
30 10 4
30 11 16
30 12 37
30 13 19
30 14 29
30 15 13
30 16 27
30 17 3
30 18 20
30 19 12
30 20 5
30 21 9
30 22 40
30 23 31
30 24 26
30 25 38
30 26 15
30 27 18
30 28 44
30 29 2
30 30 25
30 31 22
30 32 23
30 33 42
30 34 6
30 35 33
30 36 11
30 37 43
30 38 14
30 39 24
30 40 32
30 41 35
30 42 39
30 43 36
30 44 10
31 1 24
31 2 5
31 3 41
31 4 34
31 5 28
31 6 18
31 7 36
31 8 20
31 9 44
31 10 32
31 11 0
31 12 21
31 13 35
31 14 17
31 15 19
31 16 37
31 17 10
31 18 9
31 19 2
31 20 29
31 21 15
31 22 22
31 23 30
31 24 1
31 25 42
31 26 23
31 27 43
31 28 4
31 29 26
31 30 33
31 31 3
31 32 11
31 33 39
31 34 13
31 35 8
31 36 40
31 37 16
31 38 7
31 39 38
31 40 6
31 41 25
31 42 14
31 43 12
31 44 27
32 1 31
32 2 17
32 3 30
32 4 28
32 5 40
32 6 36
32 7 37
32 8 16
32 9 8
32 10 20
32 11 41
32 12 0
32 13 13
32 14 3
32 15 42
32 16 11
32 17 9
32 18 39
32 19 43
32 20 35
32 21 2
32 22 27
32 23 29
32 24 1
32 25 7
32 26 22
32 27 33
32 28 34
32 29 10
32 30 25
32 31 14
32 32 26
32 33 5
32 34 21
32 35 23
32 36 44
32 37 18
32 38 19
32 39 24
32 40 15
32 41 6
32 42 4
32 43 12
32 44 38
33 1 15
33 2 20
33 3 6
33 4 5
33 5 42
33 6 34
33 7 25
33 8 41
33 9 35
33 10 43
33 11 28
33 12 27
33 13 30
33 14 14
33 15 11
33 16 38
33 17 0
33 18 10
33 19 3
33 20 1
33 21 17
33 22 8
33 23 40
33 24 12
33 25 2
33 26 44
33 27 21
33 28 7
33 29 32
33 30 22
33 31 39
33 32 18
33 33 24
33 34 16
33 35 26
33 36 37
33 37 29
33 38 31
33 39 4
33 40 19
33 41 9
33 42 36
33 43 13
33 44 23
34 1 11
34 2 31
34 3 19
34 4 20
34 5 6
34 6 37
34 7 8
34 8 22
34 9 30
34 10 35
34 11 21
34 12 18
34 13 14
34 14 38
34 15 33
34 16 25
34 17 5
34 18 3
34 19 23
34 20 43
34 21 9
34 22 12
34 23 16
34 24 15
34 25 41
34 26 29
34 27 4
34 28 26
34 29 1
34 30 24
34 31 40
34 32 39
34 33 7
34 34 42
34 35 10
34 36 2
34 37 36
34 38 32
34 39 17
34 40 44
34 41 27
34 42 0
34 43 13
34 44 28
35 1 32
35 2 26
35 3 23
35 4 42
35 5 39
35 6 31
35 7 43
35 8 7
35 9 13
35 10 14
35 11 15
35 12 24
35 13 11
35 14 18
35 15 20
35 16 12
35 17 21
35 18 36
35 19 22
35 20 29
35 21 1
35 22 44
35 23 4
35 24 2
35 25 37
35 26 27
35 27 40
35 28 9
35 29 16
35 30 34
35 31 19
35 32 28
35 33 25
35 34 3
35 35 10
35 36 5
35 37 33
35 38 30
35 39 41
35 40 8
35 41 38
35 42 6
35 43 17
35 44 0
36 1 10
36 2 17
36 3 11
36 4 33
36 5 30
36 6 16
36 7 12
36 8 6
36 9 28
36 10 42
36 11 29
36 12 24
36 13 41
36 14 8
36 15 13
36 16 38
36 17 21
36 18 22
36 19 44
36 20 9
36 21 15
36 22 2
36 23 14
36 24 26
36 25 19
36 26 40
36 27 7
36 28 4
36 29 5
36 30 43
36 31 27
36 32 31
36 33 25
36 34 34
36 35 32
36 36 35
36 37 3
36 38 37
36 39 39
36 40 18
36 41 1
36 42 23
36 43 20
36 44 0
37 1 20
37 2 1
37 3 6
37 4 15
37 5 30
37 6 5
37 7 17
37 8 10
37 9 21
37 10 8
37 11 40
37 12 0
37 13 41
37 14 9
37 15 16
37 16 42
37 17 25
37 18 39
37 19 36
37 20 33
37 21 7
37 22 22
37 23 12
37 24 29
37 25 27
37 26 44
37 27 26
37 28 34
37 29 38
37 30 23
37 31 19
37 32 43
37 33 3
37 34 18
37 35 24
37 36 13
37 37 28
37 38 11
37 39 31
37 40 32
37 41 4
37 42 14
37 43 35
37 44 2
38 1 25
38 2 30
38 3 35
38 4 27
38 5 42
38 6 0
38 7 36
38 8 40
38 9 11
38 10 14
38 11 3
38 12 5
38 13 24
38 14 16
38 15 41
38 16 4
38 17 39
38 18 12
38 19 10
38 20 18
38 21 1
38 22 23
38 23 15
38 24 31
38 25 22
38 26 6
38 27 20
38 28 33
38 29 17
38 30 29
38 31 8
38 32 2
38 33 13
38 34 19
38 35 9
38 36 43
38 37 21
38 38 32
38 39 44
38 40 26
38 41 34
38 42 37
38 43 7
38 44 28
39 1 13
39 2 37
39 3 40
39 4 24
39 5 29
39 6 5
39 7 27
39 8 15
39 9 7
39 10 22
39 11 38
39 12 4
39 13 11
39 14 25
39 15 12
39 16 18
39 17 16
39 18 41
39 19 1
39 20 9
39 21 42
39 22 31
39 23 21
39 24 0
39 25 26
39 26 34
39 27 17
39 28 6
39 29 23
39 30 43
39 31 14
39 32 19
39 33 10
39 34 8
39 35 20
39 36 3
39 37 2
39 38 28
39 39 35
39 40 32
39 41 36
39 42 44
39 43 30
39 44 33
40 1 25
40 2 37
40 3 44
40 4 10
40 5 11
40 6 20
40 7 2
40 8 39
40 9 0
40 10 8
40 11 28
40 12 24
40 13 7
40 14 14
40 15 21
40 16 41
40 17 30
40 18 33
40 19 19
40 20 29
40 21 3
40 22 15
40 23 43
40 24 5
40 25 36
40 26 6
40 27 22
40 28 1
40 29 38
40 30 26
40 31 4
40 32 34
40 33 27
40 34 16
40 35 42
40 36 17
40 37 23
40 38 13
40 39 12
40 40 31
40 41 9
40 42 35
40 43 32
40 44 18
41 1 40
41 2 19
41 3 42
41 4 34
41 5 37
41 6 14
41 7 27
41 8 3
41 9 15
41 10 35
41 11 18
41 12 26
41 13 23
41 14 43
41 15 13
41 16 11
41 17 7
41 18 10
41 19 39
41 20 24
41 21 38
41 22 36
41 23 6
41 24 1
41 25 2
41 26 29
41 27 17
41 28 5
41 29 44
41 30 8
41 31 31
41 32 12
41 33 28
41 34 25
41 35 32
41 36 33
41 37 4
41 38 9
41 39 21
41 40 16
41 41 0
41 42 30
41 43 20
41 44 22
42 1 27
42 2 6
42 3 9
42 4 35
42 5 12
42 6 36
42 7 5
42 8 23
42 9 0
42 10 34
42 11 3
42 12 19
42 13 1
42 14 39
42 15 32
42 16 40
42 17 28
42 18 25
42 19 20
42 20 38
42 21 13
42 22 33
42 23 18
42 24 22
42 25 15
42 26 17
42 27 43
42 28 21
42 29 37
42 30 16
42 31 30
42 32 8
42 33 7
42 34 24
42 35 4
42 36 31
42 37 10
42 38 26
42 39 41
42 40 29
42 41 11
42 42 14
42 43 44
42 44 2
43 1 29
43 2 14
43 3 36
43 4 8
43 5 13
43 6 30
43 7 37
43 8 44
43 9 1
43 10 20
43 11 27
43 12 32
43 13 23
43 14 42
43 15 28
43 16 26
43 17 15
43 18 3
43 19 25
43 20 39
43 21 16
43 22 17
43 23 41
43 24 7
43 25 9
43 26 18
43 27 6
43 28 38
43 29 0
43 30 22
43 31 31
43 32 24
43 33 35
43 34 33
43 35 11
43 36 34
43 37 4
43 38 40
43 39 21
43 40 19
43 41 2
43 42 5
43 43 12
43 44 10
44 1 9
44 2 11
44 3 25
44 4 4
44 5 32
44 6 3
44 7 1
44 8 41
44 9 16
44 10 5
44 11 22
44 12 38
44 13 34
44 14 13
44 15 36
44 16 2
44 17 7
44 18 0
44 19 24
44 20 21
44 21 10
44 22 27
44 23 12
44 24 8
44 25 20
44 26 29
44 27 39
44 28 17
44 29 18
44 30 6
44 31 42
44 32 26
44 33 43
44 34 31
44 35 30
44 36 40
44 37 19
44 38 23
44 39 14
44 40 33
44 41 15
44 42 28
44 43 37
44 44 35