0 1 68
0 2 28
0 3 65
0 4 14
0 5 42
0 6 45
0 7 25
0 8 62
0 9 23
0 10 5
0 11 19
0 12 52
0 13 67
0 14 18
0 15 27
0 16 35
0 17 53
0 18 63
0 19 51
0 20 2
0 21 59
0 22 36
0 23 46
0 24 26
0 25 43
0 26 3
0 27 24
0 28 15
0 29 4
0 30 37
0 31 21
0 32 10
0 33 50
0 34 57
0 35 56
0 36 58
0 37 61
0 38 11
0 39 32
0 40 66
0 41 31
0 42 69
0 43 29
0 44 20
0 45 9
0 46 48
0 47 49
0 48 38
0 49 22
0 50 6
0 51 41
0 52 44
0 53 34
0 54 30
0 55 54
0 56 7
0 57 33
0 58 1
0 59 47
0 60 39
0 61 16
0 62 64
0 63 12
0 64 8
0 65 55
0 66 13
0 67 17
0 68 60
0 69 40
1 1 47
1 2 7
1 3 9
1 4 17
1 5 0
1 6 16
1 7 66
1 8 11
1 9 49
1 10 48
1 11 35
1 12 15
1 13 52
1 14 63
1 15 25
1 16 6
1 17 65
1 18 21
1 19 19
1 20 45
1 21 57
1 22 23
1 23 56
1 24 10
1 25 32
1 26 24
1 27 39
1 28 34
1 29 30
1 30 20
1 31 44
1 32 27
1 33 46
1 34 28
1 35 31
1 36 26
1 37 62
1 38 55
1 39 69
1 40 41
1 41 51
1 42 4
1 43 61
1 44 40
1 45 36
1 46 68
1 47 54
1 48 2
1 49 37
1 50 58
1 51 67
1 52 8
1 53 5
1 54 12
1 55 18
1 56 33
1 57 60
1 58 42
1 59 50
1 60 64
1 61 59
1 62 3
1 63 53
1 64 38
1 65 13
1 66 14
1 67 43
1 68 22
1 69 29
2 1 58
2 2 20
2 3 41
2 4 53
2 5 22
2 6 19
2 7 0
2 8 66
2 9 18
2 10 44
2 11 32
2 12 68
2 13 29
2 14 50
2 15 23
2 16 47
2 17 38
2 18 6
2 19 55
2 20 1
2 21 64
2 22 34
2 23 45
2 24 27
2 25 11
2 26 25
2 27 12
2 28 52
2 29 69
2 30 30
2 31 14
2 32 3
2 33 54
2 34 60
2 35 31
2 36 67
2 37 10
2 38 16
2 39 7
2 40 62
2 41 15
2 42 39
2 43 26
2 44 13
2 45 17
2 46 35
2 47 49
2 48 51
2 49 24
2 50 59
2 51 9
2 52 4
2 53 43
2 54 8
2 55 61
2 56 57
2 57 37
2 58 36
2 59 33
2 60 21
2 61 48
2 62 65
2 63 40
2 64 28
2 65 5
2 66 63
2 67 46
2 68 42
2 69 56
3 1 49
3 2 45
3 3 59
3 4 47
3 5 17
3 6 48
3 7 40
3 8 67
3 9 41
3 10 21
3 11 55
3 12 56
3 13 16
3 14 61
3 15 28
3 16 15
3 17 32
3 18 62
3 19 57
3 20 58
3 21 13
3 22 8
3 23 66
3 24 25
3 25 30
3 26 18
3 27 37
3 28 42
3 29 29
3 30 5
3 31 2
3 32 31
3 33 7
3 34 52
3 35 63
3 36 39
3 37 60
3 38 51
3 39 22
3 40 0
3 41 35
3 42 23
3 43 53
3 44 10
3 45 11
3 46 54
3 47 36
3 48 26
3 49 9
3 50 1
3 51 38
3 52 44
3 53 65
3 54 27
3 55 43
3 56 50
3 57 68
3 58 64
3 59 14
3 60 20
3 61 46
3 62 33
3 63 6
3 64 12
3 65 34
3 66 4
3 67 24
3 68 69
3 69 19
4 1 53
4 2 28
4 3 12
4 4 65
4 5 63
4 6 23
4 7 47
4 8 31
4 9 8
4 10 1
4 11 48
4 12 7
4 13 61
4 14 17
4 15 3
4 16 38
4 17 39
4 18 13
4 19 0
4 20 36
4 21 58
4 22 44
4 23 62
4 24 33
4 25 59
4 26 2
4 27 14
4 28 67
4 29 64
4 30 20
4 31 66
4 32 27
4 33 6
4 34 9
4 35 16
4 36 29
4 37 22
4 38 41
4 39 10
4 40 43
4 41 34
4 42 19
4 43 15
4 44 35
4 45 5
4 46 50
4 47 52
4 48 37
4 49 45
4 50 68
4 51 18
4 52 51
4 53 26
4 54 21
4 55 11
4 56 42
4 57 57
4 58 40
4 59 24
4 60 60
4 61 30
4 62 54
4 63 25
4 64 55
4 65 32
4 66 69
4 67 46
4 68 56
4 69 49
5 1 18
5 2 14
5 3 38
5 4 16
5 5 47
5 6 4
5 7 46
5 8 43
5 9 25
5 10 55
5 11 3
5 12 56
5 13 44
5 14 11
5 15 20
5 16 49
5 17 2
5 18 19
5 19 53
5 20 15
5 21 50
5 22 57
5 23 48
5 24 37
5 25 23
5 26 64
5 27 21
5 28 68
5 29 45
5 30 36
5 31 29
5 32 61
5 33 58
5 34 0
5 35 10
5 36 9
5 37 51
5 38 59
5 39 24
5 40 63
5 41 32
5 42 27
5 43 34
5 44 66
5 45 35
5 46 6
5 47 54
5 48 69
5 49 13
5 50 8
5 51 33
5 52 39
5 53 22
5 54 65
5 55 60
5 56 26
5 57 62
5 58 31
5 59 40
5 60 41
5 61 42
5 62 52
5 63 12
5 64 7
5 65 17
5 66 67
5 67 28
5 68 1
5 69 30
6 1 40
6 2 57
6 3 26
6 4 9
6 5 36
6 6 31
6 7 32
6 8 68
6 9 69
6 10 35
6 11 49
6 12 33
6 13 20
6 14 51
6 15 41
6 16 28
6 17 24
6 18 11
6 19 15
6 20 21
6 21 17
6 22 61
6 23 53
6 24 54
6 25 2
6 26 27
6 27 12
6 28 25
6 29 42
6 30 58
6 31 0
6 32 60
6 33 52
6 34 34
6 35 59
6 36 46
6 37 44
6 38 66
6 39 23
6 40 4
6 41 10
6 42 14
6 43 37
6 44 48
6 45 16
6 46 3
6 47 45
6 48 63
6 49 56
6 50 38
6 51 64
6 52 5
6 53 50
6 54 65
6 55 7
6 56 30
6 57 22
6 58 13
6 59 8
6 60 43
6 61 39
6 62 1
6 63 67
6 64 62
6 65 55
6 66 29
6 67 18
6 68 19
6 69 47
7 1 40
7 2 4
7 3 68
7 4 10
7 5 19
7 6 23
7 7 44
7 8 65
7 9 27
7 10 62
7 11 38
7 12 64
7 13 33
7 14 35
7 15 39
7 16 17
7 17 58
7 18 21
7 19 30
7 20 36
7 21 3
7 22 67
7 23 48
7 24 13
7 25 46
7 26 32
7 27 0
7 28 57
7 29 61
7 30 14
7 31 47
7 32 28
7 33 43
7 34 24
7 35 34
7 36 66
7 37 15
7 38 52
7 39 11
7 40 41
7 41 16
7 42 18
7 43 2
7 44 26
7 45 9
7 46 50
7 47 54
7 48 6
7 49 51
7 50 37
7 51 1
7 52 69
7 53 31
7 54 22
7 55 20
7 56 55
7 57 5
7 58 42
7 59 25
7 60 56
7 61 53
7 62 60
7 63 45
7 64 63
7 65 59
7 66 29
7 67 49
7 68 12
7 69 8
8 1 42
8 2 63
8 3 23
8 4 61
8 5 36
8 6 65
8 7 44
8 8 32
8 9 27
8 10 60
8 11 59
8 12 5
8 13 48
8 14 67
8 15 51
8 16 43
8 17 33
8 18 21
8 19 69
8 20 2
8 21 1
8 22 55
8 23 52
8 24 24
8 25 11
8 26 50
8 27 3
8 28 29
8 29 15
8 30 40
8 31 35
8 32 14
8 33 16
8 34 39
8 35 12
8 36 41
8 37 25
8 38 18
8 39 46
8 40 28
8 41 49
8 42 26
8 43 19
8 44 34
8 45 38
8 46 54
8 47 68
8 48 9
8 49 64
8 50 56
8 51 30
8 52 7
8 53 53
8 54 31
8 55 66
8 56 0
8 57 22
8 58 13
8 59 57
8 60 58
8 61 62
8 62 45
8 63 37
8 64 10
8 65 4
8 66 6
8 67 20
8 68 17
8 69 47
9 1 54
9 2 50
9 3 58
9 4 17
9 5 68
9 6 16
9 7 48
9 8 27
9 9 2
9 10 42
9 11 35
9 12 43
9 13 41
9 14 32
9 15 14
9 16 7
9 17 4
9 18 60
9 19 53
9 20 49
9 21 20
9 22 62
9 23 36
9 24 39
9 25 40
9 26 44
9 27 3
9 28 23
9 29 8
9 30 18
9 31 11
9 32 6
9 33 56
9 34 57
9 35 22
9 36 55
9 37 52
9 38 65
9 39 37
9 40 63
9 41 19
9 42 0
9 43 46
9 44 15
9 45 45
9 46 38
9 47 33
9 48 31
9 49 47
9 50 21
9 51 10
9 52 64
9 53 34
9 54 28
9 55 26
9 56 24
9 57 12
9 58 67
9 59 1
9 60 30
9 61 5
9 62 25
9 63 51
9 64 29
9 65 59
9 66 61
9 67 66
9 68 69
9 69 13
10 1 7
10 2 59
10 3 5
10 4 25
10 5 20
10 6 54
10 7 0
10 8 34
10 9 45
10 10 23
10 11 30
10 12 49
10 13 60
10 14 38
10 15 53
10 16 41
10 17 1
10 18 21
10 19 22
10 20 11
10 21 61
10 22 47
10 23 13
10 24 40
10 25 24
10 26 35
10 27 26
10 28 27
10 29 18
10 30 3
10 31 14
10 32 8
10 33 67
10 34 56
10 35 2
10 36 68
10 37 65
10 38 63
10 39 57
10 40 51
10 41 17
10 42 33
10 43 58
10 44 50
10 45 4
10 46 62
10 47 28
10 48 9
10 49 32
10 50 52
10 51 19
10 52 36
10 53 42
10 54 64
10 55 37
10 56 55
10 57 39
10 58 29
10 59 31
10 60 46
10 61 48
10 62 6
10 63 69
10 64 43
10 65 16
10 66 15
10 67 44
10 68 12
10 69 66
11 1 68
11 2 26
11 3 53
11 4 54
11 5 10
11 6 58
11 7 45
11 8 2
11 9 48
11 10 65
11 11 20
11 12 55
11 13 51
11 14 21
11 15 29
11 16 19
11 17 35
11 18 30
11 19 17
11 20 4
11 21 3
11 22 22
11 23 61
11 24 40
11 25 39
11 26 42
11 27 28
11 28 62
11 29 15
11 30 60
11 31 63
11 32 43
11 33 33
11 34 0
11 35 18
11 36 57
11 37 12
11 38 36
11 39 66
11 40 5
11 41 32
11 42 27
11 43 59
11 44 9
11 45 13
11 46 67
11 47 41
11 48 52
11 49 46
11 50 38
11 51 49
11 52 6
11 53 44
11 54 14
11 55 64
11 56 1
11 57 24
11 58 34
11 59 50
11 60 7
11 61 37
11 62 69
11 63 16
11 64 47
11 65 56
11 66 31
11 67 25
11 68 8
11 69 23
12 1 27
12 2 66
12 3 69
12 4 14
12 5 30
12 6 19
12 7 29
12 8 1
12 9 20
12 10 62
12 11 18
12 12 35
12 13 21
12 14 11
12 15 9
12 16 10
12 17 57
12 18 34
12 19 7
12 20 56
12 21 61
12 22 28
12 23 49
12 24 24
12 25 16
12 26 3
12 27 38
12 28 45
12 29 40
12 30 23
12 31 8
12 32 41
12 33 46
12 34 68
12 35 5
12 36 25
12 37 37
12 38 63
12 39 58
12 40 47
12 41 59
12 42 0
12 43 2
12 44 60
12 45 22
12 46 4
12 47 50
12 48 52
12 49 15
12 50 43
12 51 67
12 52 13
12 53 64
12 54 48
12 55 65
12 56 51
12 57 42
12 58 6
12 59 31
12 60 55
12 61 39
12 62 44
12 63 33
12 64 36
12 65 53
12 66 32
12 67 17
12 68 26
12 69 54
13 1 69
13 2 46
13 3 5
13 4 2
13 5 44
13 6 65
13 7 16
13 8 61
13 9 23
13 10 42
13 11 11
13 12 57
13 13 12
13 14 58
13 15 0
13 16 17
13 17 43
13 18 49
13 19 14
13 20 64
13 21 35
13 22 59
13 23 3
13 24 34
13 25 56
13 26 27
13 27 20
13 28 19
13 29 33
13 30 8
13 31 41
13 32 55
13 33 45
13 34 54
13 35 36
13 36 68
13 37 63
13 38 28
13 39 1
13 40 22
13 41 53
13 42 37
13 43 25
13 44 10
13 45 39
13 46 15
13 47 67
13 48 31
13 49 50
13 50 47
13 51 48
13 52 38
13 53 51
13 54 24
13 55 66
13 56 30
13 57 62
13 58 6
13 59 4
13 60 40
13 61 9
13 62 7
13 63 32
13 64 26
13 65 60
13 66 52
13 67 21
13 68 18
13 69 29
14 1 10
14 2 26
14 3 15
14 4 49
14 5 34
14 6 65
14 7 47
14 8 5
14 9 21
14 10 29
14 11 53
14 12 50
14 13 9
14 14 56
14 15 60
14 16 35
14 17 62
14 18 30
14 19 41
14 20 28
14 21 0
14 22 64
14 23 6
14 24 36
14 25 52
14 26 63
14 27 37
14 28 45
14 29 46
14 30 20
14 31 31
14 32 48
14 33 39
14 34 4
14 35 7
14 36 38
14 37 54
14 38 18
14 39 22
14 40 11
14 41 3
14 42 68
14 43 2
14 44 27
14 45 24
14 46 59
14 47 43
14 48 23
14 49 67
14 50 66
14 51 33
14 52 12
14 53 17
14 54 42
14 55 19
14 56 1
14 57 8
14 58 13
14 59 58
14 60 32
14 61 16
14 62 40
14 63 55
14 64 61
14 65 44
14 66 69
14 67 51
14 68 25
14 69 57
15 1 7
15 2 60
15 3 12
15 4 25
15 5 13
15 6 64
15 7 4
15 8 50
15 9 11
15 10 65
15 11 52
15 12 14
15 13 63
15 14 43
15 15 56
15 16 36
15 17 0
15 18 38
15 19 1
15 20 69
15 21 61
15 22 21
15 23 68
15 24 46
15 25 28
15 26 10
15 27 59
15 28 31
15 29 57
15 30 8
15 31 22
15 32 17
15 33 62
15 34 24
15 35 19
15 36 6
15 37 54
15 38 27
15 39 30
15 40 20
15 41 32
15 42 42
15 43 35
15 44 18
15 45 37
15 46 34
15 47 67
15 48 58
15 49 44
15 50 29
15 51 40
15 52 33
15 53 47
15 54 48
15 55 5
15 56 53
15 57 66
15 58 51
15 59 45
15 60 16
15 61 23
15 62 49
15 63 41
15 64 2
15 65 55
15 66 3
15 67 39
15 68 26
15 69 9
16 1 7
16 2 2
16 3 20
16 4 21
16 5 56
16 6 55
16 7 67
16 8 6
16 9 48
16 10 69
16 11 0
16 12 3
16 13 28
16 14 51
16 15 60
16 16 41
16 17 37
16 18 53
16 19 18
16 20 61
16 21 49
16 22 68
16 23 25
16 24 54
16 25 63
16 26 12
16 27 13
16 28 65
16 29 40
16 30 27
16 31 31
16 32 11
16 33 57
16 34 35
16 35 4
16 36 36
16 37 9
16 38 1
16 39 8
16 40 24
16 41 30
16 42 47
16 43 14
16 44 45
16 45 29
16 46 39
16 47 59
16 48 43
16 49 66
16 50 22
16 51 23
16 52 26
16 53 5
16 54 10
16 55 32
16 56 42
16 57 17
16 58 38
16 59 64
16 60 34
16 61 52
16 62 33
16 63 58
16 64 50
16 65 19
16 66 15
16 67 44
16 68 46
16 69 62
17 1 11
17 2 19
17 3 59
17 4 56
17 5 46
17 6 27
17 7 41
17 8 65
17 9 37
17 10 24
17 11 20
17 12 44
17 13 29
17 14 31
17 15 7
17 16 69
17 17 66
17 18 48
17 19 23
17 20 34
17 21 35
17 22 51
17 23 42
17 24 4
17 25 61
17 26 55
17 27 57
17 28 67
17 29 32
17 30 0
17 31 39
17 32 5
17 33 18
17 34 6
17 35 21
17 36 30
17 37 3
17 38 47
17 39 14
17 40 22
17 41 8
17 42 26
17 43 15
17 44 45
17 45 68
17 46 28
17 47 49
17 48 33
17 49 60
17 50 16
17 51 58
17 52 12
17 53 53
17 54 43
17 55 54
17 56 38
17 57 63
17 58 1
17 59 10
17 60 50
17 61 36
17 62 25
17 63 62
17 64 2
17 65 13
17 66 52
17 67 40
17 68 9
17 69 64
18 1 5
18 2 64
18 3 24
18 4 9
18 5 21
18 6 13
18 7 37
18 8 52
18 9 48
18 10 8
18 11 7
18 12 54
18 13 28
18 14 19
18 15 58
18 16 34
18 17 17
18 18 55
18 19 36
18 20 44
18 21 0
18 22 23
18 23 4
18 24 63
18 25 30
18 26 65
18 27 57
18 28 51
18 29 2
18 30 14
18 31 33
18 32 45
18 33 49
18 34 6
18 35 46
18 36 53
18 37 1
18 38 11
18 39 39
18 40 22
18 41 29
18 42 41
18 43 26
18 44 42
18 45 3
18 46 12
18 47 40
18 48 59
18 49 31
18 50 47
18 51 15
18 52 60
18 53 67
18 54 32
18 55 20
18 56 56
18 57 10
18 58 35
18 59 61
18 60 68
18 61 50
18 62 69
18 63 62
18 64 38
18 65 16
18 66 66
18 67 25
18 68 43
18 69 27
19 1 43
19 2 53
19 3 35
19 4 63
19 5 6
19 6 1
19 7 29
19 8 68
19 9 59
19 10 32
19 11 27
19 12 25
19 13 58
19 14 21
19 15 2
19 16 60
19 17 34
19 18 66
19 19 18
19 20 5
19 21 24
19 22 22
19 23 8
19 24 4
19 25 48
19 26 30
19 27 64
19 28 28
19 29 23
19 30 57
19 31 42
19 32 14
19 33 20
19 34 51
19 35 54
19 36 47
19 37 13
19 38 62
19 39 7
19 40 9
19 41 15
19 42 65
19 43 69
19 44 40
19 45 50
19 46 44
19 47 12
19 48 41
19 49 56
19 50 67
19 51 52
19 52 26
19 53 33
19 54 61
19 55 17
19 56 46
19 57 16
19 58 49
19 59 37
19 60 36
19 61 55
19 62 3
19 63 39
19 64 0
19 65 45
19 66 11
19 67 31
19 68 38
19 69 10
20 1 33
20 2 45
20 3 7
20 4 1
20 5 24
20 6 37
20 7 25
20 8 36
20 9 63
20 10 51
20 11 55
20 12 3
20 13 30
20 14 32
20 15 62
20 16 11
20 17 12
20 18 61
20 19 16
20 20 10
20 21 35
20 22 19
20 23 54
20 24 29
20 25 31
20 26 48
20 27 8
20 28 17
20 29 56
20 30 28
20 31 38
20 32 6
20 33 26
20 34 52
20 35 47
20 36 18
20 37 14
20 38 43
20 39 4
20 40 34
20 41 0
20 42 42
20 43 65
20 44 44
20 45 41
20 46 49
20 47 50
20 48 67
20 49 58
20 50 64
20 51 21
20 52 57
20 53 2
20 54 53
20 55 39
20 56 9
20 57 68
20 58 60
20 59 22
20 60 40
20 61 23
20 62 46
20 63 27
20 64 69
20 65 5
20 66 66
20 67 15
20 68 59
20 69 13
21 1 56
21 2 69
21 3 50
21 4 22
21 5 2
21 6 0
21 7 32
21 8 39
21 9 31
21 10 62
21 11 8
21 12 36
21 13 45
21 14 5
21 15 57
21 16 33
21 17 25
21 18 10
21 19 42
21 20 59
21 21 67
21 22 47
21 23 28
21 24 43
21 25 46
21 26 16
21 27 26
21 28 63
21 29 38
21 30 53
21 31 37
21 32 51
21 33 13
21 34 15
21 35 49
21 36 24
21 37 34
21 38 60
21 39 41
21 40 30
21 41 44
21 42 65
21 43 3
21 44 61
21 45 66
21 46 7
21 47 17
21 48 27
21 49 19
21 50 52
21 51 68
21 52 54
21 53 40
21 54 4
21 55 58
21 56 20
21 57 11
21 58 48
21 59 9
21 60 29
21 61 18
21 62 14
21 63 35
21 64 1
21 65 55
21 66 23
21 67 6
21 68 64
21 69 12
22 1 45
22 2 58
22 3 34
22 4 14
22 5 7
22 6 18
22 7 52
22 8 31
22 9 17
22 10 66
22 11 12
22 12 32
22 13 33
22 14 68
22 15 57
22 16 20
22 17 42
22 18 61
22 19 30
22 20 40
22 21 25
22 22 28
22 23 43
22 24 38
22 25 56
22 26 19
22 27 15
22 28 13
22 29 27
22 30 41
22 31 37
22 32 59
22 33 62
22 34 63
22 35 5
22 36 0
22 37 4
22 38 6
22 39 69
22 40 29
22 41 60
22 42 26
22 43 8
22 44 1
22 45 39
22 46 21
22 47 24
22 48 3
22 49 67
22 50 9
22 51 36
22 52 10
22 53 11
22 54 16
22 55 51
22 56 48
22 57 49
22 58 54
22 59 47
22 60 35
22 61 53
22 62 44
22 63 55
22 64 2
22 65 65
22 66 46
22 67 23
22 68 50
22 69 64
23 1 29
23 2 22
23 3 0
23 4 8
23 5 65
23 6 69
23 7 61
23 8 67
23 9 2
23 10 37
23 11 47
23 12 44
23 13 40
23 14 56
23 15 63
23 16 46
23 17 27
23 18 25
23 19 6
23 20 51
23 21 43
23 22 59
23 23 62
23 24 48
23 25 4
23 26 9
23 27 66
23 28 50
23 29 1
23 30 14
23 31 55
23 32 45
23 33 30
23 34 10
23 35 34
23 36 53
23 37 38
23 38 17
23 39 52
23 40 12
23 41 58
23 42 24
23 43 36
23 44 18
23 45 64
23 46 16
23 47 21
23 48 7
23 49 32
23 50 41
23 51 28
23 52 11
23 53 54
23 54 19
23 55 31
23 56 15
23 57 68
23 58 49
23 59 13
23 60 39
23 61 3
23 62 20
23 63 42
23 64 5
23 65 33
23 66 60
23 67 57
23 68 35
23 69 26
24 1 51
24 2 43
24 3 38
24 4 39
24 5 14
24 6 44
24 7 8
24 8 20
24 9 62
24 10 57
24 11 26
24 12 18
24 13 41
24 14 60
24 15 40
24 16 63
24 17 23
24 18 64
24 19 35
24 20 4
24 21 7
24 22 52
24 23 37
24 24 22
24 25 48
24 26 47
24 27 54
24 28 17
24 29 56
24 30 2
24 31 3
24 32 32
24 33 9
24 34 53
24 35 59
24 36 67
24 37 21
24 38 12
24 39 58
24 40 33
24 41 66
24 42 68
24 43 46
24 44 29
24 45 36
24 46 28
24 47 61
24 48 19
24 49 27
24 50 34
24 51 49
24 52 31
24 53 50
24 54 1
24 55 5
24 56 15
24 57 10
24 58 55
24 59 25
24 60 69
24 61 6
24 62 42
24 63 0
24 64 11
24 65 13
24 66 16
24 67 45
24 68 30
24 69 65
25 1 34
25 2 57
25 3 44
25 4 6
25 5 65
25 6 38
25 7 63
25 8 67
25 9 45
25 10 46
25 11 49
25 12 29
25 13 47
25 14 7
25 15 35
25 16 19
25 17 64
25 18 51
25 19 42
25 20 18
25 21 3
25 22 55
25 23 26
25 24 1
25 25 12
25 26 60
25 27 39
25 28 32
25 29 8
25 30 58
25 31 22
25 32 20
25 33 62
25 34 14
25 35 50
25 36 56
25 37 11
25 38 28
25 39 30
25 40 41
25 41 4
25 42 36
25 43 54
25 44 17
25 45 53
25 46 16
25 47 61
25 48 31
25 49 68
25 50 15
25 51 66
25 52 52
25 53 33
25 54 23
25 55 40
25 56 69
25 57 2
25 58 5
25 59 24
25 60 0
25 61 21
25 62 59
25 63 43
25 64 37
25 65 27
25 66 10
25 67 9
25 68 13
25 69 48
26 1 12
26 2 64
26 3 44
26 4 5
26 5 13
26 6 37
26 7 18
26 8 39
26 9 40
26 10 29
26 11 58
26 12 27
26 13 7
26 14 2
26 15 43
26 16 28
26 17 57
26 18 54
26 19 20
26 20 49
26 21 22
26 22 67
26 23 34
26 24 1
26 25 51
26 26 15
26 27 17
26 28 50
26 29 32
26 30 25
26 31 38
26 32 56
26 33 65
26 34 19
26 35 14
26 36 11
26 37 42
26 38 33
26 39 61
26 40 53
26 41 4
26 42 68
26 43 52
26 44 59
26 45 47
26 46 6
26 47 62
26 48 60
26 49 23
26 50 48
26 51 69
26 52 8
26 53 21
26 54 66
26 55 10
26 56 63
26 57 55
26 58 31
26 59 36
26 60 0
26 61 24
26 62 30
26 63 46
26 64 3
26 65 41
26 66 45
26 67 35
26 68 16
26 69 9
27 1 55
27 2 13
27 3 38
27 4 52
27 5 35
27 6 24
27 7 64
27 8 6
27 9 17
27 10 59
27 11 9
27 12 3
27 13 20
27 14 65
27 15 16
27 16 2
27 17 48
27 18 43
27 19 29
27 20 18
27 21 21
27 22 33
27 23 60
27 24 36
27 25 23
27 26 44
27 27 67
27 28 47
27 29 50
27 30 0
27 31 1
27 32 11
27 33 49
27 34 46
27 35 19
27 36 5
27 37 58
27 38 63
27 39 54
27 40 40
27 41 42
27 42 53
27 43 30
27 44 32
27 45 37
27 46 7
27 47 45
27 48 61
27 49 56
27 50 51
27 51 4
27 52 22
27 53 66
27 54 26
27 55 10
27 56 14
27 57 15
27 58 28
27 59 39
27 60 57
27 61 68
27 62 69
27 63 62
27 64 12
27 65 8
27 66 25
27 67 41
27 68 31
27 69 34
28 1 26
28 2 31
28 3 12
28 4 21
28 5 40
28 6 53
28 7 63
28 8 55
28 9 54
28 10 56
28 11 9
28 12 13
28 13 46
28 14 22
28 15 35
28 16 14
28 17 34
28 18 52
28 19 64
28 20 61
28 21 60
28 22 32
28 23 3
28 24 17
28 25 62
28 26 44
28 27 16
28 28 29
28 29 4
28 30 23
28 31 38
28 32 47
28 33 25
28 34 1
28 35 11
28 36 50
28 37 59
28 38 42
28 39 49
28 40 10
28 41 8
28 42 27
28 43 57
28 44 18
28 45 24
28 46 30
28 47 15
28 48 20
28 49 65
28 50 58
28 51 36
28 52 67
28 53 19
28 54 6
28 55 5
28 56 45
28 57 68
28 58 2
28 59 51
28 60 39
28 61 7
28 62 43
28 63 33
28 64 48
28 65 37
28 66 66
28 67 69
28 68 41
28 69 0
29 1 3
29 2 40
29 3 33
29 4 38
29 5 54
29 6 36
29 7 15
29 8 55
29 9 42
29 10 67
29 11 58
29 12 24
29 13 17
29 14 51
29 15 9
29 16 57
29 17 22
29 18 56
29 19 47
29 20 60
29 21 46
29 22 63
29 23 31
29 24 0
29 25 27
29 26 19
29 27 11
29 28 4
29 29 62
29 30 14
29 31 59
29 32 69
29 33 35
29 34 39
29 35 64
29 36 52
29 37 48
29 38 20
29 39 1
29 40 32
29 41 66
29 42 18
29 43 26
29 44 7
29 45 12
29 46 16
29 47 68
29 48 8
29 49 13
29 50 25
29 51 2
29 52 50
29 53 61
29 54 44
29 55 43
29 56 21
29 57 30
29 58 65
29 59 41
29 60 53
29 61 49
29 62 6
29 63 28
29 64 37
29 65 23
29 66 45
29 67 10
29 68 34
29 69 5
30 1 38
30 2 35
30 3 36
30 4 3
30 5 6
30 6 15
30 7 26
30 8 0
30 9 12
30 10 33
30 11 51
30 12 61
30 13 31
30 14 13
30 15 39
30 16 5
30 17 47
30 18 42
30 19 29
30 20 63
30 21 65
30 22 66
30 23 69
30 24 11
30 25 37
30 26 25
30 27 44
30 28 23
30 29 22
30 30 32
30 31 7
30 32 17
30 33 60
30 34 50
30 35 56
30 36 14
30 37 55
30 38 9
30 39 49
30 40 28
30 41 19
30 42 52
30 43 1
30 44 64
30 45 10
30 46 4
30 47 41
30 48 57
30 49 27
30 50 20
30 51 53
30 52 8
30 53 62
30 54 48
30 55 45
30 56 16
30 57 21
30 58 34
30 59 59
30 60 68
30 61 46
30 62 43
30 63 24
30 64 54
30 65 40
30 66 2
30 67 18
30 68 58
30 69 67
31 1 8
31 2 29
31 3 65
31 4 35
31 5 9
31 6 28
31 7 23
31 8 1
31 9 32
31 10 4
31 11 24
31 12 36
31 13 42
31 14 22
31 15 3
31 16 37
31 17 45
31 18 47
31 19 69
31 20 26
31 21 55
31 22 61
31 23 41
31 24 20
31 25 0
31 26 64
31 27 38
31 28 57
31 29 5
31 30 17
31 31 34
31 32 60
31 33 10
31 34 58
31 35 15
31 36 11
31 37 2
31 38 68
31 39 66
31 40 16
31 41 56
31 42 13
31 43 53
31 44 49
31 45 54
31 46 63
31 47 12
31 48 52
31 49 21
31 50 51
31 51 46
31 52 59
31 53 19
31 54 39
31 55 67
31 56 25
31 57 40
31 58 43
31 59 50
31 60 14
31 61 48
31 62 33
31 63 7
31 64 27
31 65 44
31 66 62
31 67 30
31 68 18
31 69 6
32 1 15
32 2 10
32 3 4
32 4 57
32 5 52
32 6 27
32 7 19
32 8 36
32 9 18
32 10 24
32 11 65
32 12 13
32 13 46
32 14 37
32 15 41
32 16 0
32 17 23
32 18 1
32 19 44
32 20 22
32 21 47
32 22 59
32 23 33
32 24 25
32 25 30
32 26 16
32 27 28
32 28 34
32 29 11
32 30 8
32 31 43
32 32 38
32 33 68
32 34 58
32 35 42
32 36 53
32 37 64
32 38 54
32 39 35
32 40 63
32 41 17
32 42 62
32 43 6
32 44 50
32 45 60
32 46 20
32 47 61
32 48 49
32 49 5
32 50 7
32 51 40
32 52 14
32 53 29
32 54 69
32 55 48
32 56 67
32 57 55
32 58 9
32 59 21
32 60 3
32 61 12
32 62 2
32 63 66
32 64 26
32 65 45
32 66 39
32 67 56
32 68 31
32 69 51
33 1 21
33 2 54
33 3 27
33 4 63
33 5 57
33 6 31
33 7 12
33 8 55
33 9 23
33 10 4
33 11 68
33 12 30
33 13 10
33 14 66
33 15 34
33 16 51
33 17 39
33 18 35
33 19 14
33 20 65
33 21 18
33 22 11
33 23 24
33 24 3
33 25 36
33 26 40
33 27 25
33 28 43
33 29 67
33 30 17
33 31 29
33 32 42
33 33 28
33 34 20
33 35 49
33 36 45
33 37 15
33 38 59
33 39 38
33 40 53
33 41 7
33 42 69
33 43 6
33 44 13
33 45 9
33 46 60
33 47 32
33 48 26
33 49 0
33 50 46
33 51 58
33 52 2
33 53 56
33 54 16
33 55 44
33 56 1
33 57 22
33 58 52
33 59 37
33 60 48
33 61 41
33 62 61
33 63 5
33 64 64
33 65 19
33 66 50
33 67 47
33 68 8
33 69 62
34 1 0
34 2 15
34 3 1
34 4 3
34 5 52
34 6 61
34 7 65
34 8 2
34 9 14
34 10 62
34 11 49
34 12 26
34 13 17
34 14 33
34 15 64
34 16 10
34 17 22
34 18 25
34 19 24
34 20 11
34 21 63
34 22 6
34 23 19
34 24 29
34 25 59
34 26 16
34 27 32
34 28 43
34 29 57
34 30 54
34 31 21
34 32 58
34 33 40
34 34 36
34 35 45
34 36 50
34 37 13
34 38 69
34 39 66
34 40 5
34 41 37
34 42 56
34 43 51
34 44 28
34 45 27
34 46 48
34 47 53
34 48 55
34 49 31
34 50 60
34 51 38
34 52 12
34 53 47
34 54 20
34 55 7
34 56 30
34 57 9
34 58 41
34 59 18
34 60 23
34 61 39
34 62 67
34 63 8
34 64 35
34 65 4
34 66 68
34 67 44
34 68 46
34 69 42
35 1 66
35 2 0
35 3 67
35 4 60
35 5 46
35 6 8
35 7 62
35 8 16
35 9 36
35 10 64
35 11 55
35 12 15
35 13 49
35 14 47
35 15 10
35 16 68
35 17 33
35 18 52
35 19 21
35 20 17
35 21 20
35 22 1
35 23 59
35 24 23
35 25 6
35 26 24
35 27 48
35 28 61
35 29 44
35 30 53
35 31 19
35 32 2
35 33 30
35 34 54
35 35 34
35 36 4
35 37 9
35 38 31
35 39 57
35 40 5
35 41 18
35 42 58
35 43 3
35 44 29
35 45 12
35 46 63
35 47 28
35 48 11
35 49 50
35 50 27
35 51 22
35 52 65
35 53 32
35 54 51
35 55 39
35 56 43
35 57 69
35 58 42
35 59 56
35 60 37
35 61 45
35 62 14
35 63 26
35 64 7
35 65 41
35 66 38
35 67 25
35 68 40
35 69 13
36 1 34
36 2 47
36 3 25
36 4 0
36 5 40
36 6 56
36 7 51
36 8 12
36 9 23
36 10 49
36 11 68
36 12 66
36 13 9
36 14 55
36 15 50
36 16 21
36 17 30
36 18 2
36 19 65
36 20 45
36 21 20
36 22 3
36 23 31
36 24 59
36 25 29
36 26 7
36 27 14
36 28 44
36 29 11
36 30 15
36 31 8
36 32 58
36 33 48
36 34 18
36 35 32
36 36 63
36 37 69
36 38 5
36 39 22
36 40 24
36 41 67
36 42 52
36 43 17
36 44 38
36 45 35
36 46 10
36 47 64
36 48 37
36 49 62
36 50 57
36 51 1
36 52 54
36 53 4
36 54 43
36 55 42
36 56 39
36 57 41
36 58 61
36 59 26
36 60 19
36 61 27
36 62 46
36 63 6
36 64 13
36 65 53
36 66 60
36 67 16
36 68 33
36 69 28
37 1 2
37 2 57
37 3 40
37 4 67
37 5 12
37 6 51
37 7 49
37 8 39
37 9 6
37 10 42
37 11 16
37 12 0
37 13 58
37 14 52
37 15 56
37 16 14
37 17 36
37 18 43
37 19 30
37 20 10
37 21 61
37 22 4
37 23 23
37 24 7
37 25 5
37 26 28
37 27 59
37 28 69
37 29 53
37 30 48
37 31 34
37 32 8
37 33 22
37 34 18
37 35 45
37 36 54
37 37 13
37 38 29
37 39 25
37 40 15
37 41 35
37 42 31
37 43 50
37 44 32
37 45 65
37 46 46
37 47 64
37 48 44
37 49 62
37 50 55
37 51 68
37 52 47
37 53 19
37 54 66
37 55 27
37 56 20
37 57 41
37 58 63
37 59 3
37 60 11
37 61 21
37 62 17
37 63 26
37 64 9
37 65 1
37 66 60
37 67 38
37 68 33
37 69 24
38 1 48
38 2 44
38 3 9
38 4 54
38 5 37
38 6 27
38 7 39
38 8 17
38 9 69
38 10 33
38 11 35
38 12 43
38 13 41
38 14 20
38 15 26
38 16 19
38 17 60
38 18 63
38 19 12
38 20 68
38 21 22
38 22 36
38 23 61
38 24 5
38 25 58
38 26 40
38 27 23
38 28 47
38 29 46
38 30 0
38 31 51
38 32 67
38 33 31
38 34 42
38 35 7
38 36 10
38 37 30
38 38 52
38 39 57
38 40 2
38 41 49
38 42 11
38 43 62
38 44 66
38 45 15
38 46 4
38 47 59
38 48 32
38 49 64
38 50 28
38 51 6
38 52 56
38 53 65
38 54 18
38 55 53
38 56 29
38 57 24
38 58 3
38 59 45
38 60 1
38 61 34
38 62 55
38 63 25
38 64 14
38 65 13
38 66 8
38 67 16
38 68 50
38 69 21
39 1 19
39 2 50
39 3 35
39 4 11
39 5 31
39 6 6
39 7 66
39 8 67
39 9 16
39 10 43
39 11 25
39 12 14
39 13 13
39 14 48
39 15 5
39 16 7
39 17 9
39 18 3
39 19 15
39 20 46
39 21 4
39 22 56
39 23 69
39 24 24
39 25 63
39 26 26
39 27 45
39 28 23
39 29 18
39 30 64
39 31 52
39 32 42
39 33 57
39 34 36
39 35 27
39 36 47
39 37 54
39 38 2
39 39 20
39 40 60
39 41 49
39 42 62
39 43 32
39 44 61
39 45 40
39 46 68
39 47 1
39 48 44
39 49 21
39 50 12
39 51 59
39 52 0
39 53 53
39 54 38
39 55 34
39 56 22
39 57 8
39 58 41
39 59 51
39 60 17
39 61 37
39 62 58
39 63 30
39 64 55
39 65 65
39 66 29
39 67 28
39 68 10
39 69 33
40 1 0
40 2 16
40 3 55
40 4 28
40 5 48
40 6 22
40 7 18
40 8 54
40 9 29
40 10 62
40 11 42
40 12 25
40 13 52
40 14 46
40 15 41
40 16 17
40 17 69
40 18 32
40 19 8
40 20 63
40 21 4
40 22 68
40 23 36
40 24 58
40 25 23
40 26 26
40 27 38
40 28 24
40 29 31
40 30 1
40 31 61
40 32 11
40 33 15
40 34 20
40 35 44
40 36 14
40 37 13
40 38 37
40 39 57
40 40 27
40 41 49
40 42 60
40 43 51
40 44 59
40 45 43
40 46 6
40 47 34
40 48 30
40 49 12
40 50 35
40 51 2
40 52 50
40 53 56
40 54 10
40 55 7
40 56 9
40 57 19
40 58 65
40 59 66
40 60 47
40 61 5
40 62 45
40 63 3
40 64 67
40 65 33
40 66 64
40 67 53
40 68 21
40 69 39
41 1 55
41 2 39
41 3 50
41 4 38
41 5 14
41 6 33
41 7 51
41 8 30
41 9 46
41 10 16
41 11 45
41 12 44
41 13 7
41 14 11
41 15 29
41 16 19
41 17 5
41 18 0
41 19 54
41 20 35
41 21 1
41 22 4
41 23 6
41 24 69
41 25 32
41 26 27
41 27 52
41 28 49
41 29 47
41 30 64
41 31 9
41 32 58
41 33 2
41 34 43
41 35 21
41 36 26
41 37 63
41 38 25
41 39 53
41 40 48
41 41 8
41 42 61
41 43 34
41 44 60
41 45 62
41 46 28
41 47 17
41 48 31
41 49 36
41 50 56
41 51 59
41 52 10
41 53 57
41 54 65
41 55 67
41 56 18
41 57 3
41 58 23
41 59 40
41 60 42
41 61 24
41 62 12
41 63 66
41 64 20
41 65 37
41 66 13
41 67 68
41 68 15
41 69 22
42 1 2
42 2 22
42 3 3
42 4 32
42 5 29
42 6 50
42 7 44
42 8 36
42 9 61
42 10 0
42 11 46
42 12 27
42 13 67
42 14 45
42 15 21
42 16 11
42 17 57
42 18 15
42 19 4
42 20 23
42 21 69
42 22 65
42 23 20
42 24 68
42 25 62
42 26 40
42 27 63
42 28 58
42 29 24
42 30 28
42 31 64
42 32 8
42 33 5
42 34 35
42 35 66
42 36 25
42 37 6
42 38 26
42 39 59
42 40 60
42 41 49
42 42 9
42 43 38
42 44 31
42 45 12
42 46 18
42 47 52
42 48 55
42 49 13
42 50 34
42 51 51
42 52 17
42 53 54
42 54 16
42 55 7
42 56 19
42 57 1
42 58 48
42 59 41
42 60 43
42 61 10
42 62 53
42 63 14
42 64 56
42 65 37
42 66 30
42 67 33
42 68 47
42 69 39
43 1 37
43 2 53
43 3 63
43 4 27
43 5 32
43 6 45
43 7 44
43 8 38
43 9 31
43 10 61
43 11 30
43 12 25
43 13 17
43 14 29
43 15 50
43 16 22
43 17 64
43 18 9
43 19 21
43 20 54
43 21 7
43 22 28
43 23 42
43 24 4
43 25 56
43 26 60
43 27 26
43 28 58
43 29 68
43 30 13
43 31 66
43 32 10
43 33 62
43 34 65
43 35 24
43 36 23
43 37 19
43 38 46
43 39 39
43 40 3
43 41 69
43 42 0
43 43 12
43 44 35
43 45 6
43 46 33
43 47 49
43 48 1
43 49 5
43 50 8
43 51 15
43 52 59
43 53 14
43 54 67
43 55 57
43 56 2
43 57 48
43 58 20
43 59 11
43 60 52
43 61 41
43 62 55
43 63 40
43 64 47
43 65 16
43 66 34
43 67 51
43 68 18
43 69 36
44 1 21
44 2 33
44 3 52
44 4 43
44 5 1
44 6 23
44 7 32
44 8 47
44 9 15
44 10 58
44 11 7
44 12 3
44 13 40
44 14 49
44 15 31
44 16 24
44 17 17
44 18 20
44 19 64
44 20 30
44 21 0
44 22 53
44 23 25
44 24 39
44 25 56
44 26 14
44 27 36
44 28 35
44 29 65
44 30 16
44 31 63
44 32 42
44 33 28
44 34 5
44 35 6
44 36 2
44 37 69
44 38 22
44 39 18
44 40 34
44 41 51
44 42 55
44 43 41
44 44 13
44 45 54
44 46 26
44 47 61
44 48 9
44 49 27
44 50 45
44 51 29
44 52 4
44 53 46
44 54 19
44 55 67
44 56 66
44 57 38
44 58 37
44 59 57
44 60 60
44 61 50
44 62 68
44 63 62
44 64 8
44 65 48
44 66 10
44 67 12
44 68 11
44 69 59
45 1 57
45 2 11
45 3 31
45 4 21
45 5 64
45 6 30
45 7 23
45 8 69
45 9 41
45 10 58
45 11 63
45 12 7
45 13 13
45 14 29
45 15 59
45 16 2
45 17 8
45 18 26
45 19 14
45 20 55
45 21 15
45 22 9
45 23 47
45 24 51
45 25 35
45 26 19
45 27 54
45 28 48
45 29 61
45 30 40
45 31 37
45 32 18
45 33 1
45 34 34
45 35 50
45 36 20
45 37 67
45 38 33
45 39 42
45 40 12
45 41 0
45 42 4
45 43 68
45 44 5
45 45 24
45 46 6
45 47 52
45 48 56
45 49 49
45 50 28
45 51 22
45 52 62
45 53 46
45 54 3
45 55 32
45 56 38
45 57 65
45 58 53
45 59 25
45 60 43
45 61 60
45 62 17
45 63 10
45 64 16
45 65 39
45 66 36
45 67 27
45 68 66
45 69 44
46 1 50
46 2 2
46 3 18
46 4 65
46 5 33
46 6 28
46 7 55
46 8 35
46 9 62
46 10 23
46 11 29
46 12 56
46 13 14
46 14 37
46 15 40
46 16 19
46 17 60
46 18 5
46 19 58
46 20 44
46 21 64
46 22 16
46 23 20
46 24 42
46 25 24
46 26 69
46 27 61
46 28 52
46 29 0
46 30 57
46 31 11
46 32 34
46 33 26
46 34 59
46 35 13
46 36 17
46 37 49
46 38 63
46 39 3
46 40 25
46 41 7
46 42 66
46 43 30
46 44 45
46 45 31
46 46 12
46 47 39
46 48 8
46 49 53
46 50 10
46 51 1
46 52 9
46 53 21
46 54 68
46 55 4
46 56 51
46 57 22
46 58 67
46 59 47
46 60 48
46 61 36
46 62 41
46 63 27
46 64 43
46 65 38
46 66 32
46 67 54
46 68 6
46 69 15
47 1 39
47 2 5
47 3 41
47 4 6
47 5 51
47 6 55
47 7 1
47 8 3
47 9 67
47 10 44
47 11 36
47 12 27
47 13 69
47 14 4
47 15 24
47 16 38
47 17 63
47 18 64
47 19 33
47 20 37
47 21 61
47 22 22
47 23 7
47 24 2
47 25 8
47 26 35
47 27 14
47 28 13
47 29 62
47 30 9
47 31 40
47 32 25
47 33 52
47 34 34
47 35 49
47 36 42
47 37 26
47 38 21
47 39 12
47 40 57
47 41 31
47 42 54
47 43 20
47 44 29
47 45 53
47 46 16
47 47 11
47 48 60
47 49 0
47 50 46
47 51 43
47 52 10
47 53 50
47 54 45
47 55 68
47 56 65
47 57 30
47 58 19
47 59 56
47 60 28
47 61 15
47 62 23
47 63 59
47 64 17
47 65 66
47 66 48
47 67 32
47 68 18
47 69 58
48 1 43
48 2 45
48 3 52
48 4 46
48 5 60
48 6 49
48 7 0
48 8 39
48 9 42
48 10 50
48 11 16
48 12 13
48 13 40
48 14 63
48 15 17
48 16 62
48 17 64
48 18 21
48 19 37
48 20 26
48 21 65
48 22 1
48 23 54
48 24 51
48 25 4
48 26 34
48 27 68
48 28 7
48 29 15
48 30 10
48 31 55
48 32 32
48 33 66
48 34 38
48 35 67
48 36 61
48 37 36
48 38 9
48 39 20
48 40 30
48 41 12
48 42 33
48 43 2
48 44 27
48 45 19
48 46 18
48 47 44
48 48 31
48 49 58
48 50 23
48 51 22
48 52 28
48 53 56
48 54 69
48 55 53
48 56 41
48 57 8
48 58 11
48 59 47
48 60 24
48 61 29
48 62 6
48 63 57
48 64 5
48 65 35
48 66 59
48 67 25
48 68 3
48 69 14
49 1 0
49 2 68
49 3 31
49 4 48
49 5 28
49 6 6
49 7 65
49 8 59
49 9 24
49 10 51
49 11 26
49 12 11
49 13 14
49 14 58
49 15 22
49 16 69
49 17 10
49 18 37
49 19 60
49 20 36
49 21 43
49 22 7
49 23 30
49 24 21
49 25 34
49 26 45
49 27 53
49 28 52
49 29 17
49 30 1
49 31 29
49 32 54
49 33 15
49 34 9
49 35 67
49 36 32
49 37 56
49 38 23
49 39 50
49 40 55
49 41 42
49 42 8
49 43 4
49 44 13
49 45 39
49 46 47
49 47 18
49 48 25
49 49 61
49 50 3
49 51 12
49 52 66
49 53 62
49 54 63
49 55 19
49 56 27
49 57 41
49 58 20
49 59 38
49 60 44
49 61 5
49 62 16
49 63 46
49 64 64
49 65 40
49 66 57
49 67 35
49 68 33
49 69 2
50 1 58
50 2 18
50 3 41
50 4 35
50 5 11
50 6 51
50 7 31
50 8 55
50 9 69
50 10 56
50 11 54
50 12 28
50 13 52
50 14 42
50 15 61
50 16 27
50 17 17
50 18 15
50 19 13
50 20 38
50 21 48
50 22 43
50 23 22
50 24 4
50 25 29
50 26 68
50 27 7
50 28 65
50 29 16
50 30 12
50 31 45
50 32 40
50 33 5
50 34 2
50 35 24
50 36 37
50 37 47
50 38 21
50 39 8
50 40 9
50 41 44
50 42 66
50 43 14
50 44 30
50 45 67
50 46 64
50 47 1
50 48 59
50 49 25
50 50 34
50 51 53
50 52 60
50 53 6
50 54 39
50 55 0
50 56 49
50 57 19
50 58 10
50 59 62
50 60 63
50 61 33
50 62 20
50 63 36
50 64 46
50 65 23
50 66 32
50 67 26
50 68 3
50 69 57
51 1 64
51 2 56
51 3 34
51 4 39
51 5 21
51 6 20
51 7 7
51 8 13
51 9 45
51 10 23
51 11 25
51 12 55
51 13 41
51 14 36
51 15 69
51 16 17
51 17 35
51 18 60
51 19 1
51 20 3
51 21 14
51 22 16
51 23 11
51 24 5
51 25 67
51 26 48
51 27 40
51 28 47
51 29 38
51 30 37
51 31 4
51 32 31
51 33 27
51 34 42
51 35 9
51 36 59
51 37 54
51 38 44
51 39 15
51 40 46
51 41 30
51 42 19
51 43 29
51 44 63
51 45 2
51 46 50
51 47 12
51 48 18
51 49 61
51 50 58
51 51 43
51 52 26
51 53 0
51 54 28
51 55 33
51 56 8
51 57 49
51 58 57
51 59 62
51 60 68
51 61 52
51 62 24
51 63 6
51 64 22
51 65 32
51 66 66
51 67 53
51 68 65
51 69 10
52 1 4
52 2 13
52 3 33
52 4 29
52 5 0
52 6 46
52 7 34
52 8 42
52 9 9
52 10 56
52 11 20
52 12 57
52 13 58
52 14 61
52 15 68
52 16 23
52 17 54
52 18 21
52 19 3
52 20 53
52 21 31
52 22 49
52 23 67
52 24 27
52 25 26
52 26 36
52 27 64
52 28 39
52 29 43
52 30 1
52 31 6
52 32 35
52 33 7
52 34 10
52 35 11
52 36 48
52 37 12
52 38 37
52 39 51
52 40 62
52 41 24
52 42 22
52 43 2
52 44 65
52 45 38
52 46 47
52 47 17
52 48 45
52 49 60
52 50 25
52 51 16
52 52 50
52 53 59
52 54 8
52 55 55
52 56 44
52 57 28
52 58 19
52 59 30
52 60 63
52 61 5
52 62 18
52 63 32
52 64 40
52 65 66
52 66 15
52 67 69
52 68 14
52 69 41
53 1 51
53 2 31
53 3 0
53 4 7
53 5 38
53 6 67
53 7 47
53 8 20
53 9 37
53 10 2
53 11 18
53 12 23
53 13 34
53 14 64
53 15 39
53 16 9
53 17 46
53 18 32
53 19 3
53 20 52
53 21 29
53 22 61
53 23 14
53 24 49
53 25 60
53 26 16
53 27 21
53 28 36
53 29 22
53 30 41
53 31 62
53 32 58
53 33 54
53 34 50
53 35 4
53 36 5
53 37 26
53 38 27
53 39 19
53 40 43
53 41 40
53 42 44
53 43 35
53 44 63
53 45 11
53 46 57
53 47 15
53 48 10
53 49 59
53 50 42
53 51 17
53 52 68
53 53 33
53 54 66
53 55 1
53 56 25
53 57 48
53 58 6
53 59 55
53 60 24
53 61 13
53 62 30
53 63 69
53 64 12
53 65 8
53 66 56
53 67 28
53 68 65
53 69 45
54 1 52
54 2 6
54 3 32
54 4 30
54 5 42
54 6 21
54 7 50
54 8 12
54 9 46
54 10 64
54 11 14
54 12 28
54 13 34
54 14 11
54 15 4
54 16 31
54 17 22
54 18 59
54 19 66
54 20 60
54 21 17
54 22 63
54 23 5
54 24 68
54 25 40
54 26 53
54 27 61
54 28 23
54 29 7
54 30 43
54 31 44
54 32 69
54 33 58
54 34 41
54 35 13
54 36 36
54 37 55
54 38 0
54 39 51
54 40 27
54 41 35
54 42 15
54 43 20
54 44 39
54 45 48
54 46 49
54 47 18
54 48 65
54 49 57
54 50 3
54 51 33
54 52 24
54 53 45
54 54 38
54 55 8
54 56 19
54 57 25
54 58 10
54 59 9
54 60 67
54 61 29
54 62 47
54 63 26
54 64 56
54 65 1
54 66 2
54 67 62
54 68 16
54 69 37
55 1 59
55 2 29
55 3 17
55 4 40
55 5 39
55 6 37
55 7 14
55 8 66
55 9 12
55 10 4
55 11 26
55 12 69
55 13 58
55 14 67
55 15 64
55 16 28
55 17 9
55 18 3
55 19 21
55 20 15
55 21 42
55 22 60
55 23 51
55 24 44
55 25 10
55 26 27
55 27 20
55 28 48
55 29 5
55 30 23
55 31 6
55 32 46
55 33 11
55 34 8
55 35 13
55 36 43
55 37 65
55 38 63
55 39 2
55 40 57
55 41 36
55 42 45
55 43 54
55 44 41
55 45 31
55 46 49
55 47 32
55 48 35
55 49 24
55 50 38
55 51 53
55 52 18
55 53 61
55 54 22
55 55 68
55 56 34
55 57 0
55 58 19
55 59 16
55 60 25
55 61 52
55 62 50
55 63 1
55 64 56
55 65 33
55 66 47
55 67 30
55 68 62
55 69 7
56 1 47
56 2 10
56 3 60
56 4 43
56 5 5
56 6 16
56 7 37
56 8 40
56 9 69
56 10 9
56 11 33
56 12 61
56 13 55
56 14 32
56 15 50
56 16 6
56 17 29
56 18 21
56 19 3
56 20 54
56 21 7
56 22 24
56 23 52
56 24 20
56 25 59
56 26 13
56 27 8
56 28 45
56 29 67
56 30 58
56 31 17
56 32 12
56 33 63
56 34 49
56 35 11
56 36 46
56 37 53
56 38 18
56 39 44
56 40 41
56 41 35
56 42 30
56 43 4
56 44 1
56 45 34
56 46 66
56 47 39
56 48 28
56 49 51
56 50 23
56 51 2
56 52 0
56 53 19
56 54 36
56 55 64
56 56 31
56 57 68
56 58 25
56 59 27
56 60 42
56 61 48
56 62 38
56 63 62
56 64 26
56 65 57
56 66 65
56 67 22
56 68 15
56 69 14
57 1 11
57 2 20
57 3 62
57 4 42
57 5 40
57 6 45
57 7 55
57 8 16
57 9 1
57 10 26
57 11 25
57 12 2
57 13 52
57 14 58
57 15 23
57 16 38
57 17 47
57 18 33
57 19 49
57 20 53
57 21 48
57 22 65
57 23 10
57 24 4
57 25 17
57 26 9
57 27 14
57 28 21
57 29 12
57 30 68
57 31 32
57 32 13
57 33 31
57 34 39
57 35 64
57 36 51
57 37 69
57 38 7
57 39 43
57 40 50
57 41 63
57 42 15
57 43 6
57 44 8
57 45 44
57 46 19
57 47 37
57 48 54
57 49 61
57 50 35
57 51 36
57 52 24
57 53 30
57 54 60
57 55 5
57 56 34
57 57 59
57 58 29
57 59 18
57 60 27
57 61 3
57 62 28
57 63 46
57 64 66
57 65 67
57 66 0
57 67 56
57 68 41
57 69 22
58 1 49
58 2 20
58 3 9
58 4 59
58 5 41
58 6 17
58 7 29
58 8 69
58 9 61
58 10 62
58 11 54
58 12 35
58 13 32
58 14 52
58 15 25
58 16 39
58 17 23
58 18 63
58 19 64
58 20 14
58 21 31
58 22 37
58 23 67
58 24 3
58 25 51
58 26 1
58 27 44
58 28 50
58 29 12
58 30 28
58 31 2
58 32 66
58 33 4
58 34 38
58 35 46
58 36 30
58 37 18
58 38 16
58 39 5
58 40 36
58 41 53
58 42 10
58 43 55
58 44 45
58 45 8
58 46 33
58 47 48
58 48 0
58 49 40
58 50 42
58 51 7
58 52 34
58 53 22
58 54 26
58 55 15
58 56 21
58 57 13
58 58 68
58 59 43
58 60 27
58 61 6
58 62 65
58 63 19
58 64 60
58 65 24
58 66 11
58 67 57
58 68 47
58 69 56
59 1 36
59 2 43
59 3 9
59 4 65
59 5 6
59 6 5
59 7 62
59 8 35
59 9 27
59 10 38
59 11 30
59 12 42
59 13 10
59 14 37
59 15 2
59 16 61
59 17 60
59 18 32
59 19 69
59 20 55
59 21 15
59 22 68
59 23 24
59 24 53
59 25 28
59 26 1
59 27 33
59 28 40
59 29 51
59 30 14
59 31 44
59 32 64
59 33 22
59 34 66
59 35 13
59 36 7
59 37 12
59 38 29
59 39 17
59 40 25
59 41 26
59 42 18
59 43 50
59 44 45
59 45 56
59 46 49
59 47 67
59 48 34
59 49 23
59 50 58
59 51 52
59 52 57
59 53 19
59 54 3
59 55 21
59 56 8
59 57 46
59 58 47
59 59 41
59 60 0
59 61 39
59 62 4
59 63 20
59 64 63
59 65 54
59 66 31
59 67 11
59 68 16
59 69 48
60 1 32
60 2 11
60 3 69
60 4 33
60 5 46
60 6 44
60 7 4
60 8 36
60 9 59
60 10 64
60 11 6
60 12 47
60 13 31
60 14 17
60 15 54
60 16 22
60 17 27
60 18 12
60 19 38
60 20 61
60 21 14
60 22 19
60 23 13
60 24 56
60 25 42
60 26 35
60 27 7
60 28 37
60 29 50
60 30 9
60 31 2
60 32 26
60 33 3
60 34 24
60 35 58
60 36 39
60 37 45
60 38 67
60 39 0
60 40 28
60 41 41
60 42 40
60 43 25
60 44 66
60 45 10
60 46 48
60 47 16
60 48 55
60 49 63
60 50 53
60 51 49
60 52 52
60 53 30
60 54 20
60 55 65
60 56 21
60 57 5
60 58 18
60 59 68
60 60 15
60 61 8
60 62 29
60 63 34
60 64 51
60 65 23
60 66 43
60 67 1
60 68 62
60 69 57
61 1 17
61 2 30
61 3 14
61 4 4
61 5 23
61 6 31
61 7 36
61 8 68
61 9 3
61 10 34
61 11 62
61 12 15
61 13 43
61 14 63
61 15 33
61 16 16
61 17 66
61 18 24
61 19 10
61 20 45
61 21 52
61 22 41
61 23 11
61 24 47
61 25 6
61 26 2
61 27 9
61 28 60
61 29 21
61 30 37
61 31 59
61 32 12
61 33 53
61 34 22
61 35 65
61 36 27
61 37 8
61 38 44
61 39 56
61 40 48
61 41 18
61 42 35
61 43 25
61 44 51
61 45 67
61 46 20
61 47 58
61 48 38
61 49 69
61 50 29
61 51 5
61 52 26
61 53 64
61 54 40
61 55 50
61 56 54
61 57 49
61 58 46
61 59 55
61 60 0
61 61 7
61 62 19
61 63 13
61 64 42
61 65 57
61 66 28
61 67 32
61 68 1
61 69 39
62 1 59
62 2 10
62 3 30
62 4 13
62 5 40
62 6 27
62 7 32
62 8 51
62 9 43
62 10 38
62 11 61
62 12 66
62 13 21
62 14 15
62 15 36
62 16 56
62 17 9
62 18 68
62 19 55
62 20 18
62 21 37
62 22 33
62 23 19
62 24 65
62 25 22
62 26 29
62 27 64
62 28 49
62 29 63
62 30 14
62 31 41
62 32 54
62 33 5
62 34 31
62 35 35
62 36 53
62 37 45
62 38 7
62 39 25
62 40 12
62 41 26
62 42 47
62 43 11
62 44 24
62 45 8
62 46 44
62 47 50
62 48 16
62 49 17
62 50 69
62 51 58
62 52 23
62 53 0
62 54 4
62 55 67
62 56 1
62 57 2
62 58 46
62 59 48
62 60 39
62 61 6
62 62 57
62 63 60
62 64 28
62 65 34
62 66 20
62 67 42
62 68 52
62 69 3
63 1 57
63 2 31
63 3 44
63 4 64
63 5 56
63 6 54
63 7 36
63 8 43
63 9 61
63 10 45
63 11 6
63 12 40
63 13 34
63 14 9
63 15 55
63 16 5
63 17 37
63 18 65
63 19 30
63 20 13
63 21 12
63 22 2
63 23 0
63 24 17
63 25 68
63 26 14
63 27 39
63 28 11
63 29 50
63 30 26
63 31 25
63 32 1
63 33 24
63 34 4
63 35 62
63 36 8
63 37 16
63 38 33
63 39 47
63 40 18
63 41 41
63 42 38
63 43 23
63 44 3
63 45 22
63 46 10
63 47 52
63 48 67
63 49 46
63 50 58
63 51 60
63 52 29
63 53 7
63 54 27
63 55 53
63 56 21
63 57 32
63 58 51
63 59 28
63 60 19
63 61 42
63 62 66
63 63 59
63 64 15
63 65 48
63 66 49
63 67 20
63 68 69
63 69 35
64 1 56
64 2 62
64 3 48
64 4 45
64 5 39
64 6 15
64 7 49
64 8 44
64 9 47
64 10 26
64 11 61
64 12 25
64 13 29
64 14 20
64 15 34
64 16 16
64 17 7
64 18 41
64 19 28
64 20 18
64 21 36
64 22 69
64 23 54
64 24 10
64 25 30
64 26 37
64 27 33
64 28 65
64 29 5
64 30 19
64 31 38
64 32 6
64 33 8
64 34 12
64 35 55
64 36 42
64 37 53
64 38 50
64 39 59
64 40 46
64 41 58
64 42 27
64 43 9
64 44 13
64 45 52
64 46 0
64 47 43
64 48 1
64 49 21
64 50 35
64 51 14
64 52 2
64 53 67
64 54 23
64 55 40
64 56 24
64 57 31
64 58 57
64 59 4
64 60 66
64 61 68
64 62 51
64 63 11
64 64 3
64 65 60
64 66 17
64 67 32
64 68 22
64 69 63
65 1 35
65 2 43
65 3 68
65 4 50
65 5 40
65 6 49
65 7 52
65 8 41
65 9 31
65 10 38
65 11 57
65 12 58
65 13 19
65 14 37
65 15 54
65 16 36
65 17 53
65 18 2
65 19 16
65 20 33
65 21 47
65 22 29
65 23 17
65 24 21
65 25 1
65 26 63
65 27 56
65 28 15
65 29 24
65 30 6
65 31 51
65 32 8
65 33 26
65 34 11
65 35 0
65 36 13
65 37 27
65 38 14
65 39 69
65 40 55
65 41 42
65 42 61
65 43 3
65 44 39
65 45 20
65 46 32
65 47 59
65 48 45
65 49 9
65 50 28
65 51 62
65 52 67
65 53 48
65 54 46
65 55 23
65 56 5
65 57 25
65 58 12
65 59 30
65 60 66
65 61 4
65 62 60
65 63 7
65 64 10
65 65 22
65 66 18
65 67 44
65 68 64
65 69 34
66 1 55
66 2 23
66 3 46
66 4 32
66 5 4
66 6 1
66 7 29
66 8 2
66 9 38
66 10 16
66 11 27
66 12 48
66 13 47
66 14 7
66 15 42
66 16 63
66 17 69
66 18 22
66 19 65
66 20 20
66 21 57
66 22 19
66 23 10
66 24 24
66 25 49
66 26 59
66 27 9
66 28 18
66 29 61
66 30 60
66 31 44
66 32 33
66 33 68
66 34 31
66 35 35
66 36 50
66 37 28
66 38 25
66 39 37
66 40 53
66 41 36
66 42 5
66 43 52
66 44 64
66 45 17
66 46 40
66 47 26
66 48 11
66 49 21
66 50 8
66 51 67
66 52 56
66 53 0
66 54 54
66 55 15
66 56 43
66 57 62
66 58 12
66 59 3
66 60 41
66 61 14
66 62 45
66 63 6
66 64 34
66 65 13
66 66 39
66 67 51
66 68 58
66 69 30
67 1 29
67 2 53
67 3 44
67 4 30
67 5 35
67 6 10
67 7 68
67 8 32
67 9 23
67 10 61
67 11 51
67 12 6
67 13 22
67 14 57
67 15 66
67 16 63
67 17 41
67 18 49
67 19 47
67 20 38
67 21 27
67 22 21
67 23 33
67 24 45
67 25 42
67 26 19
67 27 11
67 28 9
67 29 34
67 30 65
67 31 54
67 32 4
67 33 50
67 34 59
67 35 24
67 36 15
67 37 56
67 38 58
67 39 43
67 40 48
67 41 39
67 42 16
67 43 69
67 44 55
67 45 1
67 46 14
67 47 12
67 48 5
67 49 36
67 50 40
67 51 26
67 52 60
67 53 37
67 54 7
67 55 31
67 56 8
67 57 64
67 58 20
67 59 2
67 60 25
67 61 18
67 62 13
67 63 0
67 64 52
67 65 46
67 66 28
67 67 62
67 68 17
67 69 3
68 1 7
68 2 60
68 3 66
68 4 34
68 5 5
68 6 61
68 7 42
68 8 3
68 9 57
68 10 46
68 11 35
68 12 36
68 13 53
68 14 15
68 15 69
68 16 52
68 17 30
68 18 33
68 19 0
68 20 9
68 21 1
68 22 63
68 23 40
68 24 62
68 25 25
68 26 49
68 27 16
68 28 24
68 29 58
68 30 31
68 31 55
68 32 43
68 33 27
68 34 48
68 35 67
68 36 51
68 37 11
68 38 50
68 39 56
68 40 8
68 41 37
68 42 44
68 43 64
68 44 47
68 45 28
68 46 2
68 47 41
68 48 65
68 49 20
68 50 59
68 51 22
68 52 29
68 53 6
68 54 17
68 55 21
68 56 13
68 57 38
68 58 26
68 59 4
68 60 12
68 61 14
68 62 54
68 63 10
68 64 23
68 65 19
68 66 45
68 67 32
68 68 39
68 69 18
69 1 16
69 2 47
69 3 14
69 4 0
69 5 66
69 6 54
69 7 59
69 8 56
69 9 43
69 10 44
69 11 20
69 12 57
69 13 26
69 14 58
69 15 30
69 16 53
69 17 45
69 18 28
69 19 15
69 20 31
69 21 49
69 22 17
69 23 10
69 24 38
69 25 68
69 26 48
69 27 12
69 28 2
69 29 23
69 30 29
69 31 34
69 32 5
69 33 40
69 34 55
69 35 51
69 36 42
69 37 27
69 38 24
69 39 7
69 40 8
69 41 4
69 42 19
69 43 67
69 44 65
69 45 46
69 46 3
69 47 22
69 48 33
69 49 61
69 50 37
69 51 50
69 52 39
69 53 9
69 54 11
69 55 36
69 56 32
69 57 25
69 58 21
69 59 6
69 60 64
69 61 41
69 62 35
69 63 52
69 64 60
69 65 62
69 66 13
69 67 1
69 68 63
69 69 18