0 1 4
0 2 22
0 3 13
0 4 1
0 5 14
0 6 16
0 7 26
0 8 23
0 9 8
0 10 12
0 11 27
0 12 18
0 13 7
0 14 5
0 15 25
0 16 29
0 17 10
0 18 9
0 19 15
0 20 20
0 21 19
0 22 2
0 23 11
0 24 21
0 25 24
0 26 6
0 27 17
0 28 28
0 29 3
1 1 21
1 2 20
1 3 28
1 4 26
1 5 22
1 6 24
1 7 3
1 8 10
1 9 7
1 10 12
1 11 17
1 12 4
1 13 25
1 14 19
1 15 11
1 16 15
1 17 6
1 18 8
1 19 27
1 20 23
1 21 14
1 22 13
1 23 9
1 24 5
1 25 0
1 26 16
1 27 29
1 28 18
1 29 2
2 1 21
2 2 3
2 3 15
2 4 22
2 5 18
2 6 5
2 7 6
2 8 26
2 9 27
2 10 10
2 11 7
2 12 16
2 13 8
2 14 23
2 15 17
2 16 24
2 17 4
2 18 19
2 19 20
2 20 1
2 21 29
2 22 9
2 23 25
2 24 11
2 25 14
2 26 0
2 27 28
2 28 12
2 29 13
3 1 6
3 2 21
3 3 16
3 4 14
3 5 29
3 6 2
3 7 4
3 8 13
3 9 7
3 10 1
3 11 19
3 12 23
3 13 25
3 14 28
3 15 18
3 16 20
3 17 26
3 18 10
3 19 22
3 20 11
3 21 15
3 22 24
3 23 27
3 24 17
3 25 0
3 26 8
3 27 12
3 28 9
3 29 5
4 1 8
4 2 15
4 3 20
4 4 10
4 5 27
4 6 21
4 7 6
4 8 28
4 9 16
4 10 2
4 11 24
4 12 29
4 13 12
4 14 5
4 15 22
4 16 23
4 17 11
4 18 13
4 19 14
4 20 26
4 21 25
4 22 18
4 23 17
4 24 19
4 25 3
4 26 7
4 27 1
4 28 9
4 29 0
5 1 23
5 2 14
5 3 22
5 4 10
5 5 1
5 6 7
5 7 16
5 8 2
5 9 9
5 10 0
5 11 20
5 12 17
5 13 27
5 14 29
5 15 11
5 16 24
5 17 12
5 18 3
5 19 26
5 20 19
5 21 8
5 22 21
5 23 6
5 24 28
5 25 18
5 26 15
5 27 4
5 28 13
5 29 25
6 1 3
6 2 24
6 3 18
6 4 2
6 5 4
6 6 26
6 7 21
6 8 0
6 9 13
6 10 9
6 11 8
6 12 16
6 13 7
6 14 28
6 15 23
6 16 22
6 17 12
6 18 1
6 19 20
6 20 29
6 21 14
6 22 17
6 23 27
6 24 5
6 25 10
6 26 19
6 27 15
6 28 25
6 29 11
7 1 23
7 2 26
7 3 17
7 4 24
7 5 2
7 6 21
7 7 15
7 8 27
7 9 6
7 10 3
7 11 18
7 12 19
7 13 16
7 14 5
7 15 14
7 16 0
7 17 4
7 18 1
7 19 13
7 20 29
7 21 20
7 22 12
7 23 8
7 24 28
7 25 9
7 26 10
7 27 25
7 28 22
7 29 11
8 1 28
8 2 7
8 3 26
8 4 18
8 5 17
8 6 10
8 7 25
8 8 15
8 9 2
8 10 13
8 11 1
8 12 3
8 13 0
8 14 6
8 15 19
8 16 14
8 17 27
8 18 23
8 19 4
8 20 12
8 21 22
8 22 11
8 23 20
8 24 21
8 25 16
8 26 9
8 27 29
8 28 5
8 29 24
9 1 7
9 2 28
9 3 27
9 4 16
9 5 5
9 6 8
9 7 25
9 8 22
9 9 14
9 10 1
9 11 19
9 12 11
9 13 21
9 14 15
9 15 12
9 16 24
9 17 23
9 18 2
9 19 26
9 20 18
9 21 10
9 22 0
9 23 20
9 24 17
9 25 3
9 26 4
9 27 13
9 28 29
9 29 6
10 1 13
10 2 15
10 3 23
10 4 19
10 5 3
10 6 18
10 7 24
10 8 14
10 9 4
10 10 5
10 11 0
10 12 2
10 13 28
10 14 6
10 15 21
10 16 8
10 17 9
10 18 20
10 19 16
10 20 17
10 21 11
10 22 29
10 23 12
10 24 1
10 25 7
10 26 27
10 27 25
10 28 26
10 29 22
11 1 28
11 2 5
11 3 4
11 4 2
11 5 18
11 6 17
11 7 9
11 8 19
11 9 27
11 10 29
11 11 23
11 12 10
11 13 12
11 14 1
11 15 20
11 16 21
11 17 6
11 18 0
11 19 15
11 20 14
11 21 26
11 22 16
11 23 24
11 24 13
11 25 3
11 26 25
11 27 8
11 28 7
11 29 22
12 1 22
12 2 5
12 3 8
12 4 10
12 5 9
12 6 15
12 7 27
12 8 4
12 9 19
12 10 21
12 11 3
12 12 28
12 13 1
12 14 24
12 15 23
12 16 13
12 17 16
12 18 25
12 19 2
12 20 7
12 21 0
12 22 17
12 23 26
12 24 14
12 25 29
12 26 18
12 27 6
12 28 11
12 29 20
13 1 26
13 2 18
13 3 7
13 4 27
13 5 17
13 6 12
13 7 14
13 8 28
13 9 23
13 10 25
13 11 15
13 12 2
13 13 9
13 14 22
13 15 3
13 16 0
13 17 6
13 18 29
13 19 1
13 20 24
13 21 8
13 22 11
13 23 10
13 24 20
13 25 4
13 26 21
13 27 5
13 28 19
13 29 16
14 1 0
14 2 20
14 3 28
14 4 15
14 5 9
14 6 24
14 7 3
14 8 22
14 9 1
14 10 2
14 11 13
14 12 23
14 13 18
14 14 16
14 15 27
14 16 25
14 17 11
14 18 5
14 19 17
14 20 4
14 21 26
14 22 8
14 23 21
14 24 19
14 25 7
14 26 12
14 27 10
14 28 29
14 29 6
15 1 1
15 2 18
15 3 20
15 4 17
15 5 2
15 6 3
15 7 6
15 8 14
15 9 7
15 10 23
15 11 11
15 12 26
15 13 0
15 14 10
15 15 19
15 16 4
15 17 12
15 18 9
15 19 5
15 20 28
15 21 25
15 22 22
15 23 8
15 24 13
15 25 16
15 26 27
15 27 24
15 28 21
15 29 29
16 1 24
16 2 23
16 3 6
16 4 28
16 5 9
16 6 15
16 7 17
16 8 2
16 9 26
16 10 29
16 11 7
16 12 12
16 13 10
16 14 1
16 15 8
16 16 21
16 17 22
16 18 3
16 19 13
16 20 11
16 21 0
16 22 27
16 23 5
16 24 14
16 25 25
16 26 18
16 27 4
16 28 19
16 29 20
17 1 8
17 2 12
17 3 5
17 4 7
17 5 20
17 6 29
17 7 26
17 8 22
17 9 6
17 10 28
17 11 21
17 12 1
17 13 2
17 14 13
17 15 19
17 16 9
17 17 3
17 18 10
17 19 15
17 20 14
17 21 24
17 22 11
17 23 27
17 24 18
17 25 23
17 26 16
17 27 25
17 28 4
17 29 0
18 1 4
18 2 1
18 3 29
18 4 11
18 5 5
18 6 7
18 7 3
18 8 10
18 9 12
18 10 2
18 11 13
18 12 23
18 13 8
18 14 19
18 15 27
18 16 0
18 17 25
18 18 16
18 19 24
18 20 17
18 21 6
18 22 26
18 23 21
18 24 28
18 25 9
18 26 15
18 27 14
18 28 20
18 29 22
19 1 28
19 2 1
19 3 14
19 4 4
19 5 24
19 6 2
19 7 5
19 8 13
19 9 17
19 10 26
19 11 21
19 12 15
19 13 16
19 14 27
19 15 0
19 16 18
19 17 29
19 18 3
19 19 20
19 20 10
19 21 7
19 22 12
19 23 22
19 24 8
19 25 25
19 26 23
19 27 9
19 28 11
19 29 6
20 1 22
20 2 14
20 3 7
20 4 16
20 5 13
20 6 19
20 7 17
20 8 25
20 9 5
20 10 4
20 11 12
20 12 29
20 13 23
20 14 3
20 15 18
20 16 21
20 17 6
20 18 28
20 19 2
20 20 24
20 21 8
20 22 26
20 23 1
20 24 0
20 25 10
20 26 11
20 27 15
20 28 27
20 29 9
21 1 20
21 2 12
21 3 22
21 4 27
21 5 17
21 6 13
21 7 25
21 8 24
21 9 19
21 10 11
21 11 4
21 12 10
21 13 28
21 14 26
21 15 1
21 16 8
21 17 7
21 18 18
21 19 15
21 20 3
21 21 0
21 22 5
21 23 23
21 24 16
21 25 9
21 26 29
21 27 2
21 28 6
21 29 14
22 1 18
22 2 20
22 3 10
22 4 24
22 5 14
22 6 4
22 7 3
22 8 6
22 9 28
22 10 26
22 11 8
22 12 25
22 13 27
22 14 13
22 15 23
22 16 15
22 17 29
22 18 1
22 19 16
22 20 21
22 21 5
22 22 2
22 23 0
22 24 7
22 25 12
22 26 17
22 27 11
22 28 9
22 29 19
23 1 12
23 2 1
23 3 29
23 4 8
23 5 2
23 6 22
23 7 24
23 8 27
23 9 15
23 10 25
23 11 28
23 12 9
23 13 13
23 14 10
23 15 26
23 16 6
23 17 20
23 18 21
23 19 14
23 20 16
23 21 19
23 22 3
23 23 18
23 24 4
23 25 11
23 26 5
23 27 0
23 28 7
23 29 17
24 1 8
24 2 19
24 3 10
24 4 20
24 5 0
24 6 5
24 7 29
24 8 4
24 9 2
24 10 1
24 11 7
24 12 15
24 13 26
24 14 9
24 15 25
24 16 14
24 17 16
24 18 17
24 19 22
24 20 23
24 21 21
24 22 18
24 23 6
24 24 12
24 25 13
24 26 3
24 27 28
24 28 11
24 29 27
25 1 18
25 2 7
25 3 26
25 4 4
25 5 9
25 6 8
25 7 11
25 8 16
25 9 15
25 10 10
25 11 29
25 12 13
25 13 17
25 14 12
25 15 2
25 16 22
25 17 19
25 18 21
25 19 0
25 20 23
25 21 5
25 22 14
25 23 24
25 24 6
25 25 28
25 26 20
25 27 27
25 28 1
25 29 3
26 1 6
26 2 25
26 3 1
26 4 20
26 5 11
26 6 14
26 7 0
26 8 28
26 9 9
26 10 10
26 11 17
26 12 21
26 13 7
26 14 5
26 15 16
26 16 19
26 17 3
26 18 2
26 19 24
26 20 13
26 21 23
26 22 8
26 23 4
26 24 27
26 25 12
26 26 18
26 27 22
26 28 29
26 29 15
27 1 14
27 2 24
27 3 1
27 4 16
27 5 4
27 6 3
27 7 15
27 8 8
27 9 2
27 10 6
27 11 21
27 12 22
27 13 18
27 14 29
27 15 23
27 16 25
27 17 7
27 18 19
27 19 9
27 20 17
27 21 5
27 22 20
27 23 12
27 24 11
27 25 0
27 26 26
27 27 10
27 28 28
27 29 13
28 1 11
28 2 21
28 3 5
28 4 25
28 5 13
28 6 4
28 7 17
28 8 26
28 9 27
28 10 0
28 11 1
28 12 16
28 13 6
28 14 2
28 15 9
28 16 22
28 17 3
28 18 19
28 19 20
28 20 29
28 21 23
28 22 15
28 23 8
28 24 12
28 25 24
28 26 18
28 27 10
28 28 14
28 29 7
29 1 16
29 2 12
29 3 25
29 4 18
29 5 2
29 6 22
29 7 3
29 8 7
29 9 5
29 10 10
29 11 17
29 12 28
29 13 13
29 14 0
29 15 26
29 16 27
29 17 11
29 18 20
29 19 4
29 20 6
29 21 24
29 22 23
29 23 14
29 24 8
29 25 15
29 26 9
29 27 21
29 28 19
29 29 1