コミュニティ 0:
  NG for Group 1: 3020, 3135, 1129, 1246, 2058, 872, 442, 1565, 3392, 1130, 1645, 2529, 1373, 3141, 2807, 4061, 1487, 2653, 1045, 3631, 1824, 2244, 3295, 1735, 3788, 2861, 1838, 215, 440, 712, 3394, 766, 3029, 198, 691, 1583, 219, 3500, 159, 1637, 2614, 2143, 2039, 3395, 3411, 189, 185, 570, 781, 1294, 563, 3834, 2573, 1906, 3605, 2007, 2695, 764, 2169, 3656, 575, 2700, 1484, 2654, 4121, 2828, 2748, 3913, 1995, 3383, 1519, 1095, 1250, 3848, 748, 1955, 2880, 754, 2427, 1926, 1674, 937, 1090, 2232, 1775, 3142, 2680, 1597, 2878, 2310, 1526, 1297, 1378, 2813, 3380, 3306, 2004, 4122, 192, 1270, 3992, 3993, 318, 1260, 3427, 765, 2378, 2132, 2577, 1126, 2907, 1984, 2816, 2669, 4052, 1705, 1823, 697, 1394, 2242, 3506, 163, 3943, 1718, 2251, 755, 319, 19, 3488, 2354, 2173, 3860, 217, 2230, 721
  NG for Group 2: 3708, 716, 2278, 3023, 713, 2481, 2616, 4, 1750, 1037, 3845, 2827, 813, 1237, 3052, 2128, 4109, 593, 2132, 4102, 932, 1333, 2670, 4043, 3967, 1818, 701, 699, 3141, 3072, 917, 1825, 1248, 1816, 2785, 2040, 3246, 942, 633, 3124, 2112, 2885, 2832, 563, 1638, 2183, 1695, 1735, 1530, 2860, 1481, 869, 195, 2242, 1125, 775, 1705, 1726, 720, 3627, 650, 3411, 866, 4142, 3890, 2173, 2016, 4126, 228, 4000, 1250, 1296, 2523, 1373, 2347, 2698, 2665, 1523, 2219, 2755, 2641, 3486, 1279, 2388, 2871, 3385, 3170, 156, 1736, 2318, 2794, 3357, 3303, 1796, 403, 3132, 2110, 2272, 3396, 1292, 1953, 3050, 1805, 3102, 382, 2814, 2253, 2819, 1809, 696, 3180, 1799, 1837, 2348, 3842, 1912, 2144, 846, 2133, 4041, 1270, 431, 3636, 2294, 2765, 767, 1646, 1247, 2690, 1702, 1779, 855, 2800, 2613, 2282

コミュニティ 1:
  NG for Group 1: 4111, 878, 336, 2975, 2650, 3780, 522, 2601, 2925, 271, 2452, 3930, 2357, 3194, 668, 20, 3854, 2901, 3648, 1889, 690, 3599, 742, 1648, 1316, 2491, 3821, 2359, 2104, 1360, 3671, 2302, 2854, 3758, 1902, 3804, 2088, 245, 1065, 1653, 536, 2609, 1568, 665, 1575, 2482, 3706, 838, 602, 2245, 2977, 1405, 2400, 3071, 1028, 2900, 3206, 3929, 523, 2419, 177, 2486, 2972, 2920, 529, 1366, 3048, 1407, 1305, 4077, 3374, 670, 288, 2081, 275, 4108, 1345, 313, 640, 2413, 2503, 837, 2360, 28, 91, 591, 1731, 4130, 663, 2475, 542, 1334, 881, 3528, 171, 1760, 2434, 287, 2412, 306, 22, 3155, 833, 817, 49, 3168, 4137, 3838, 3535, 292, 1220, 93, 2221, 69, 3566, 1185, 3112, 3700, 3564, 3737, 1654, 2161, 729, 2408, 1699, 1358, 1179, 2504, 3517, 1365, 849, 2971, 2501, 1864, 3231, 299, 525, 3009, 2455, 3615, 46
  NG for Group 2: 1990, 3929, 725, 2905, 3476, 1941, 727, 1893, 3168, 488, 289, 80, 1365, 110, 3881, 1888, 1351, 2920, 3831, 2956, 973, 557, 2519, 3272, 3646, 3297, 482, 671, 1310, 598, 1055, 851, 2455, 2924, 106, 794, 2778, 379, 1562, 381, 33, 2972, 645, 2906, 3986, 4098, 109, 4078, 2499, 824, 1686, 1620, 2107, 1928, 2075, 2088, 3480, 607, 3758, 2491, 55, 3990, 27, 496, 2159, 1782, 170, 3949, 667, 2606, 590, 1987, 293, 3600, 3863, 3649, 58, 1050, 2263, 2399, 97, 28, 878, 67, 2757, 294, 259, 3851, 740, 3645, 2120, 100, 3528, 1301, 3274, 85, 1886, 2445, 4105, 3783, 536, 1699, 116, 724, 3947, 2386, 2921, 346, 3164, 1323, 1404, 2308, 2894, 675, 3973, 527, 321, 3465, 2, 2247, 3116, 2449, 82, 817, 2771, 4106, 2485, 3348, 4083, 3205, 3543, 1345, 77, 3975, 744, 3798, 2398, 1898, 1887, 6, 2356

コミュニティ 2:
  NG for Group 1: 1047, 459, 1949, 1590, 3014, 1000, 1206, 2135, 2495, 2677, 52, 3211, 2543, 3368, 205, 3714, 3235, 2547, 1907, 3653, 2239, 2082, 1498, 3581, 2197, 3516, 3109, 1002, 3068, 2397, 738, 456, 1455, 2148, 1717, 3257, 285, 2234, 3367, 2336, 1012, 906, 3762, 2068, 2887, 1505, 3749, 797, 1842, 2676, 3755, 50, 1384, 1444, 1006, 2593, 2018, 2460, 3123, 444, 3695, 2744, 418, 1604, 3936, 2376, 1107, 1908, 2116, 1395, 629, 498, 2735, 3580, 2522, 3042, 1329, 971, 1415, 3416, 3746, 2739, 3697, 2557, 998, 1673, 3795, 3054, 2180, 2595, 1491, 468, 427, 800, 1153, 2875, 3745, 1014, 1203, 1370, 222, 984, 2478, 3718, 631, 1111, 1858, 373, 179, 1190, 3110, 1186, 3552, 2326, 997, 635, 461, 2868, 3186, 469, 3001, 3063, 2740, 1476, 1468, 1112, 2561, 2404, 2391, 1079, 1845, 2191, 2559, 458, 3867, 2194, 3789, 3064
  NG for Group 2: 2767, 961, 2984, 3083, 1717, 1452, 3696, 1289, 3069, 1604, 2863, 3730, 2296, 2459, 427, 3724, 2477, 2494, 3552, 3389, 1607, 1025, 3000, 1232, 4101, 1392, 1712, 2213, 2532, 1474, 3037, 1215, 3945, 626, 468, 894, 741, 2809, 967, 2559, 1399, 4004, 1504, 2469, 3261, 2406, 2826, 1152, 1496, 3793, 1967, 1669, 1977, 3368, 285, 1371, 1209, 3827, 1867, 3066, 1917, 3703, 979, 1398, 446, 2595, 4139, 467, 1147, 1507, 3387, 354, 3087, 1602, 1141, 3259, 3716, 3198, 1462, 421, 2030, 2825, 4001, 24, 2054, 1156, 692, 1189, 1110, 1187, 3714, 144, 3065, 2328, 1828, 657, 2192, 1826, 974, 1080, 2588, 3513, 625, 3150, 1139, 4128, 1829, 3593, 375, 2338, 1329, 1465, 3839, 1400, 360, 3101, 1458, 473, 2084, 179, 1426, 1513, 2563, 122, 1113, 2983, 2187, 1445, 831, 957, 2898, 1714, 3583, 2620, 3642, 2560, 811, 3657

