0 1 22
0 2 28
0 3 15
0 4 8
0 5 27
0 6 18
0 7 6
0 8 29
0 9 26
0 10 3
0 11 16
0 12 1
0 13 5
0 14 23
0 15 14
0 16 13
0 17 4
0 18 25
0 19 11
0 20 21
0 21 2
0 22 19
0 23 12
0 24 20
0 25 24
0 26 9
0 27 17
0 28 7
0 29 10
1 1 3
1 2 20
1 3 14
1 4 28
1 5 13
1 6 5
1 7 8
1 8 18
1 9 9
1 10 26
1 11 11
1 12 27
1 13 22
1 14 29
1 15 4
1 16 2
1 17 0
1 18 6
1 19 23
1 20 12
1 21 19
1 22 25
1 23 16
1 24 10
1 25 15
1 26 24
1 27 7
1 28 21
1 29 17
2 1 11
2 2 15
2 3 29
2 4 25
2 5 24
2 6 5
2 7 1
2 8 13
2 9 0
2 10 19
2 11 27
2 12 12
2 13 18
2 14 17
2 15 10
2 16 7
2 17 22
2 18 20
2 19 21
2 20 14
2 21 26
2 22 28
2 23 4
2 24 9
2 25 23
2 26 16
2 27 6
2 28 8
2 29 3
3 1 8
3 2 28
3 3 1
3 4 29
3 5 23
3 6 18
3 7 19
3 8 22
3 9 15
3 10 20
3 11 27
3 12 2
3 13 5
3 14 7
3 15 25
3 16 21
3 17 13
3 18 9
3 19 10
3 20 16
3 21 14
3 22 26
3 23 0
3 24 11
3 25 17
3 26 12
3 27 4
3 28 24
3 29 6
4 1 16
4 2 24
4 3 10
4 4 9
4 5 19
4 6 28
4 7 14
4 8 17
4 9 8
4 10 13
4 11 18
4 12 25
4 13 7
4 14 29
4 15 11
4 16 3
4 17 27
4 18 0
4 19 15
4 20 20
4 21 1
4 22 21
4 23 6
4 24 26
4 25 12
4 26 22
4 27 23
4 28 5
4 29 2
5 1 10
5 2 8
5 3 16
5 4 22
5 5 1
5 6 9
5 7 28
5 8 14
5 9 26
5 10 4
5 11 2
5 12 20
5 13 3
5 14 21
5 15 29
5 16 15
5 17 6
5 18 19
5 19 13
5 20 18
5 21 12
5 22 0
5 23 25
5 24 23
5 25 11
5 26 17
5 27 24
5 28 27
5 29 7
6 1 13
6 2 5
6 3 25
6 4 12
6 5 4
6 6 11
6 7 20
6 8 19
6 9 8
6 10 18
6 11 15
6 12 2
6 13 27
6 14 29
6 15 28
6 16 0
6 17 10
6 18 17
6 19 21
6 20 9
6 21 3
6 22 26
6 23 24
6 24 23
6 25 7
6 26 1
6 27 22
6 28 14
6 29 16
7 1 26
7 2 9
7 3 4
7 4 22
7 5 27
7 6 21
7 7 28
7 8 23
7 9 19
7 10 5
7 11 25
7 12 16
7 13 13
7 14 6
7 15 15
7 16 10
7 17 18
7 18 3
7 19 17
7 20 20
7 21 8
7 22 24
7 23 0
7 24 2
7 25 14
7 26 11
7 27 1
7 28 12
7 29 29
8 1 25
8 2 6
8 3 26
8 4 2
8 5 20
8 6 15
8 7 21
8 8 19
8 9 29
8 10 27
8 11 14
8 12 23
8 13 1
8 14 22
8 15 0
8 16 24
8 17 13
8 18 11
8 19 5
8 20 4
8 21 7
8 22 10
8 23 3
8 24 12
8 25 28
8 26 16
8 27 18
8 28 17
8 29 9
9 1 23
9 2 10
9 3 8
9 4 28
9 5 19
9 6 24
9 7 13
9 8 16
9 9 14
9 10 4
9 11 25
9 12 15
9 13 2
9 14 20
9 15 11
9 16 7
9 17 6
9 18 12
9 19 18
9 20 3
9 21 26
9 22 1
9 23 0
9 24 17
9 25 22
9 26 5
9 27 27
9 28 29
9 29 21
10 1 27
10 2 21
10 3 9
10 4 13
10 5 5
10 6 7
10 7 8
10 8 16
10 9 18
10 10 4
10 11 20
10 12 1
10 13 3
10 14 14
10 15 26
10 16 23
10 17 12
10 18 0
10 19 24
10 20 29
10 21 17
10 22 25
10 23 6
10 24 11
10 25 15
10 26 2
10 27 19
10 28 22
10 29 28
11 1 12
11 2 13
11 3 9
11 4 27
11 5 2
11 6 6
11 7 3
11 8 22
11 9 8
11 10 25
11 11 24
11 12 23
11 13 18
11 14 19
11 15 20
11 16 21
11 17 16
11 18 7
11 19 17
11 20 10
11 21 5
11 22 15
11 23 1
11 24 26
11 25 28
11 26 4
11 27 14
11 28 0
11 29 29
12 1 3
12 2 8
12 3 21
12 4 11
12 5 18
12 6 10
12 7 26
12 8 2
12 9 7
12 10 23
12 11 19
12 12 20
12 13 27
12 14 24
12 15 15
12 16 5
12 17 9
12 18 28
12 19 25
12 20 13
12 21 22
12 22 17
12 23 16
12 24 14
12 25 29
12 26 4
12 27 6
12 28 1
12 29 0
13 1 17
13 2 20
13 3 14
13 4 6
13 5 10
13 6 0
13 7 16
13 8 11
13 9 25
13 10 7
13 11 2
13 12 24
13 13 27
13 14 19
13 15 5
13 16 4
13 17 22
13 18 29
13 19 8
13 20 23
13 21 3
13 22 28
13 23 9
13 24 12
13 25 26
13 26 1
13 27 21
13 28 18
13 29 15
14 1 21
14 2 7
14 3 24
14 4 15
14 5 2
14 6 22
14 7 6
14 8 13
14 9 20
14 10 16
14 11 11
14 12 29
14 13 27
14 14 5
14 15 9
14 16 26
14 17 19
14 18 25
14 19 23
14 20 18
14 21 12
14 22 3
14 23 28
14 24 17
14 25 8
14 26 10
14 27 0
14 28 4
14 29 1
15 1 10
15 2 28
15 3 20
15 4 9
15 5 14
15 6 26
15 7 19
15 8 5
15 9 1
15 10 6
15 11 8
15 12 25
15 13 0
15 14 24
15 15 23
15 16 4
15 17 18
15 18 12
15 19 13
15 20 7
15 21 21
15 22 3
15 23 16
15 24 27
15 25 2
15 26 22
15 27 17
15 28 11
15 29 29
16 1 3
16 2 26
16 3 27
16 4 21
16 5 14
16 6 4
16 7 7
16 8 22
16 9 13
16 10 1
16 11 17
16 12 24
16 13 25
16 14 2
16 15 20
16 16 18
16 17 29
16 18 15
16 19 23
16 20 5
16 21 28
16 22 10
16 23 8
16 24 6
16 25 0
16 26 19
16 27 12
16 28 9
16 29 11
17 1 11
17 2 20
17 3 15
17 4 21
17 5 1
17 6 6
17 7 0
17 8 12
17 9 28
17 10 16
17 11 7
17 12 5
17 13 3
17 14 9
17 15 10
17 16 26
17 17 29
17 18 2
17 19 24
17 20 14
17 21 27
17 22 23
17 23 19
17 24 4
17 25 13
17 26 25
17 27 22
17 28 18
17 29 8
18 1 20
18 2 8
18 3 14
18 4 29
18 5 11
18 6 28
18 7 19
18 8 6
18 9 27
18 10 21
18 11 5
18 12 7
18 13 13
18 14 22
18 15 3
18 16 25
18 17 23
18 18 0
18 19 2
18 20 16
18 21 26
18 22 12
18 23 15
18 24 4
18 25 24
18 26 17
18 27 1
18 28 10
18 29 9
19 1 13
19 2 20
19 3 1
19 4 15
19 5 0
19 6 3
19 7 16
19 8 10
19 9 8
19 10 18
19 11 7
19 12 12
19 13 9
19 14 6
19 15 21
19 16 23
19 17 17
19 18 29
19 19 11
19 20 2
19 21 14
19 22 26
19 23 24
19 24 22
19 25 28
19 26 27
19 27 25
19 28 4
19 29 5
20 1 18
20 2 26
20 3 2
20 4 22
20 5 24
20 6 1
20 7 21
20 8 17
20 9 13
20 10 4
20 11 25
20 12 29
20 13 27
20 14 28
20 15 6
20 16 9
20 17 16
20 18 0
20 19 7
20 20 15
20 21 3
20 22 12
20 23 8
20 24 23
20 25 10
20 26 14
20 27 5
20 28 11
20 29 19
21 1 16
21 2 13
21 3 9
21 4 29
21 5 22
21 6 8
21 7 4
21 8 3
21 9 0
21 10 14
21 11 24
21 12 20
21 13 6
21 14 7
21 15 2
21 16 19
21 17 23
21 18 27
21 19 18
21 20 10
21 21 11
21 22 12
21 23 17
21 24 25
21 25 28
21 26 5
21 27 15
21 28 26
21 29 1
22 1 18
22 2 10
22 3 15
22 4 17
22 5 12
22 6 4
22 7 13
22 8 21
22 9 6
22 10 3
22 11 2
22 12 29
22 13 16
22 14 1
22 15 14
22 16 7
22 17 0
22 18 20
22 19 11
22 20 5
22 21 23
22 22 9
22 23 27
22 24 8
22 25 24
22 26 26
22 27 25
22 28 28
22 29 19
23 1 18
23 2 10
23 3 4
23 4 26
23 5 19
23 6 7
23 7 28
23 8 3
23 9 15
23 10 16
23 11 1
23 12 9
23 13 20
23 14 5
23 15 24
23 16 6
23 17 2
23 18 17
23 19 11
23 20 12
23 21 14
23 22 29
23 23 13
23 24 22
23 25 0
23 26 27
23 27 21
23 28 8
23 29 25
24 1 20
24 2 19
24 3 21
24 4 15
24 5 23
24 6 7
24 7 0
24 8 10
24 9 17
24 10 26
24 11 6
24 12 2
24 13 18
24 14 13
24 15 9
24 16 27
24 17 1
24 18 5
24 19 14
24 20 28
24 21 29
24 22 22
24 23 12
24 24 11
24 25 25
24 26 3
24 27 4
24 28 8
24 29 16
25 1 20
25 2 0
25 3 9
25 4 17
25 5 28
25 6 4
25 7 13
25 8 10
25 9 21
25 10 8
25 11 5
25 12 3
25 13 29
25 14 11
25 15 24
25 16 16
25 17 22
25 18 2
25 19 27
25 20 19
25 21 18
25 22 1
25 23 15
25 24 26
25 25 7
25 26 23
25 27 12
25 28 14
25 29 6
26 1 19
26 2 14
26 3 13
26 4 27
26 5 29
26 6 22
26 7 1
26 8 6
26 9 24
26 10 15
26 11 21
26 12 16
26 13 10
26 14 0
26 15 4
26 16 9
26 17 23
26 18 3
26 19 2
26 20 20
26 21 18
26 22 12
26 23 11
26 24 17
26 25 8
26 26 25
26 27 7
26 28 28
26 29 5
27 1 19
27 2 20
27 3 23
27 4 25
27 5 17
27 6 14
27 7 9
27 8 2
27 9 21
27 10 7
27 11 29
27 12 5
27 13 24
27 14 15
27 15 22
27 16 8
27 17 13
27 18 26
27 19 10
27 20 16
27 21 1
27 22 3
27 23 0
27 24 4
27 25 28
27 26 12
27 27 18
27 28 6
27 29 11
28 1 19
28 2 20
28 3 1
28 4 5
28 5 9
28 6 7
28 7 17
28 8 23
28 9 10
28 10 26
28 11 15
28 12 22
28 13 21
28 14 3
28 15 8
28 16 18
28 17 11
28 18 14
28 19 6
28 20 25
28 21 0
28 22 13
28 23 29
28 24 4
28 25 2
28 26 27
28 27 12
28 28 24
28 29 16
29 1 19
29 2 25
29 3 6
29 4 24
29 5 20
29 6 16
29 7 4
29 8 22
29 9 2
29 10 21
29 11 27
29 12 15
29 13 18
29 14 14
29 15 7
29 16 8
29 17 17
29 18 0
29 19 5
29 20 28
29 21 3
29 22 10
29 23 9
29 24 26
29 25 12
29 26 13
29 27 11
29 28 1
29 29 23