0 1 39
0 2 16
0 3 47
0 4 18
0 5 37
0 6 19
0 7 2
0 8 49
0 9 43
0 10 10
0 11 26
0 12 31
0 13 28
0 14 36
0 15 11
0 16 22
0 17 53
0 18 30
0 19 32
0 20 52
0 21 42
0 22 13
0 23 44
0 24 12
0 25 23
0 26 50
0 27 45
0 28 40
0 29 25
0 30 24
0 31 46
0 32 3
0 33 21
0 34 17
0 35 6
0 36 38
0 37 51
0 38 9
0 39 15
0 40 1
0 41 54
0 42 34
0 43 4
0 44 48
0 45 27
0 46 41
0 47 35
0 48 33
0 49 8
0 50 5
0 51 7
0 52 14
0 53 29
0 54 20
1 1 8
1 2 51
1 3 35
1 4 23
1 5 25
1 6 26
1 7 7
1 8 52
1 9 3
1 10 41
1 11 29
1 12 42
1 13 6
1 14 0
1 15 43
1 16 47
1 17 24
1 18 20
1 19 13
1 20 15
1 21 27
1 22 37
1 23 28
1 24 5
1 25 39
1 26 54
1 27 22
1 28 21
1 29 31
1 30 9
1 31 18
1 32 2
1 33 34
1 34 45
1 35 19
1 36 46
1 37 30
1 38 38
1 39 17
1 40 12
1 41 33
1 42 16
1 43 49
1 44 53
1 45 50
1 46 48
1 47 10
1 48 44
1 49 32
1 50 11
1 51 14
1 52 36
1 53 40
1 54 4
2 1 44
2 2 11
2 3 32
2 4 14
2 5 25
2 6 16
2 7 42
2 8 51
2 9 38
2 10 30
2 11 31
2 12 13
2 13 24
2 14 17
2 15 35
2 16 8
2 17 39
2 18 12
2 19 27
2 20 48
2 21 0
2 22 18
2 23 6
2 24 36
2 25 19
2 26 47
2 27 15
2 28 49
2 29 5
2 30 7
2 31 43
2 32 22
2 33 4
2 34 23
2 35 46
2 36 37
2 37 40
2 38 26
2 39 34
2 40 41
2 41 53
2 42 1
2 43 9
2 44 50
2 45 29
2 46 28
2 47 45
2 48 21
2 49 33
2 50 3
2 51 10
2 52 20
2 53 52
2 54 54
3 1 45
3 2 52
3 3 37
3 4 6
3 5 42
3 6 22
3 7 34
3 8 12
3 9 13
3 10 7
3 11 51
3 12 23
3 13 1
3 14 25
3 15 20
3 16 30
3 17 39
3 18 47
3 19 27
3 20 31
3 21 9
3 22 50
3 23 35
3 24 18
3 25 41
3 26 53
3 27 48
3 28 38
3 29 4
3 30 16
3 31 29
3 32 10
3 33 46
3 34 8
3 35 54
3 36 26
3 37 49
3 38 32
3 39 21
3 40 43
3 41 17
3 42 33
3 43 0
3 44 11
3 45 14
3 46 5
3 47 36
3 48 19
3 49 2
3 50 24
3 51 40
3 52 28
3 53 15
3 54 44
4 1 53
4 2 21
4 3 18
4 4 49
4 5 28
4 6 1
4 7 22
4 8 40
4 9 30
4 10 7
4 11 25
4 12 3
4 13 50
4 14 51
4 15 24
4 16 27
4 17 48
4 18 14
4 19 47
4 20 13
4 21 34
4 22 8
4 23 36
4 24 12
4 25 43
4 26 37
4 27 29
4 28 26
4 29 19
4 30 45
4 31 23
4 32 41
4 33 17
4 34 52
4 35 15
4 36 32
4 37 0
4 38 33
4 39 20
4 40 46
4 41 16
4 42 2
4 43 31
4 44 42
4 45 44
4 46 38
4 47 10
4 48 11
4 49 35
4 50 9
4 51 5
4 52 54
4 53 6
4 54 39
5 1 31
5 2 21
5 3 25
5 4 33
5 5 52
5 6 39
5 7 6
5 8 36
5 9 11
5 10 12
5 11 51
5 12 44
5 13 54
5 14 20
5 15 7
5 16 16
5 17 3
5 18 38
5 19 35
5 20 49
5 21 22
5 22 28
5 23 46
5 24 30
5 25 32
5 26 27
5 27 40
5 28 8
5 29 37
5 30 43
5 31 41
5 32 2
5 33 26
5 34 15
5 35 10
5 36 50
5 37 0
5 38 23
5 39 17
5 40 47
5 41 14
5 42 34
5 43 53
5 44 13
5 45 1
5 46 19
5 47 24
5 48 29
5 49 48
5 50 4
5 51 18
5 52 45
5 53 42
5 54 9
6 1 15
6 2 42
6 3 1
6 4 31
6 5 54
6 6 24
6 7 0
6 8 48
6 9 13
6 10 36
6 11 44
6 12 39
6 13 40
6 14 43
6 15 45
6 16 25
6 17 22
6 18 50
6 19 11
6 20 27
6 21 23
6 22 52
6 23 9
6 24 2
6 25 47
6 26 32
6 27 26
6 28 14
6 29 18
6 30 51
6 31 41
6 32 8
6 33 19
6 34 21
6 35 35
6 36 49
6 37 17
6 38 53
6 39 20
6 40 46
6 41 5
6 42 37
6 43 3
6 44 16
6 45 12
6 46 29
6 47 10
6 48 33
6 49 38
6 50 4
6 51 28
6 52 7
6 53 34
6 54 30
7 1 21
7 2 31
7 3 3
7 4 5
7 5 28
7 6 15
7 7 10
7 8 34
7 9 30
7 10 27
7 11 46
7 12 19
7 13 13
7 14 4
7 15 2
7 16 37
7 17 51
7 18 36
7 19 1
7 20 35
7 21 49
7 22 52
7 23 43
7 24 16
7 25 17
7 26 14
7 27 41
7 28 12
7 29 44
7 30 45
7 31 20
7 32 42
7 33 32
7 34 39
7 35 6
7 36 9
7 37 8
7 38 25
7 39 29
7 40 24
7 41 23
7 42 11
7 43 26
7 44 48
7 45 18
7 46 50
7 47 53
7 48 47
7 49 40
7 50 33
7 51 54
7 52 38
7 53 22
7 54 0
8 1 51
8 2 9
8 3 2
8 4 47
8 5 29
8 6 50
8 7 17
8 8 49
8 9 26
8 10 10
8 11 31
8 12 20
8 13 16
8 14 28
8 15 52
8 16 22
8 17 54
8 18 13
8 19 36
8 20 35
8 21 1
8 22 42
8 23 33
8 24 43
8 25 14
8 26 44
8 27 3
8 28 38
8 29 30
8 30 18
8 31 48
8 32 7
8 33 21
8 34 45
8 35 24
8 36 53
8 37 6
8 38 39
8 39 46
8 40 5
8 41 32
8 42 41
8 43 27
8 44 25
8 45 40
8 46 37
8 47 23
8 48 12
8 49 4
8 50 11
8 51 19
8 52 15
8 53 0
8 54 34
9 1 25
9 2 38
9 3 3
9 4 31
9 5 2
9 6 14
9 7 24
9 8 45
9 9 10
9 10 34
9 11 12
9 12 44
9 13 53
9 14 52
9 15 15
9 16 40
9 17 1
9 18 41
9 19 18
9 20 46
9 21 43
9 22 19
9 23 20
9 24 16
9 25 6
9 26 42
9 27 37
9 28 50
9 29 27
9 30 22
9 31 36
9 32 0
9 33 21
9 34 7
9 35 35
9 36 17
9 37 8
9 38 51
9 39 32
9 40 26
9 41 47
9 42 29
9 43 28
9 44 30
9 45 39
9 46 54
9 47 49
9 48 33
9 49 23
9 50 4
9 51 5
9 52 48
9 53 13
9 54 11
10 1 36
10 2 31
10 3 26
10 4 40
10 5 19
10 6 52
10 7 25
10 8 28
10 9 43
10 10 17
10 11 45
10 12 12
10 13 2
10 14 3
10 15 11
10 16 49
10 17 33
10 18 47
10 19 21
10 20 53
10 21 34
10 22 29
10 23 48
10 24 18
10 25 51
10 26 44
10 27 13
10 28 4
10 29 37
10 30 7
10 31 8
10 32 54
10 33 30
10 34 24
10 35 14
10 36 1
10 37 46
10 38 23
10 39 9
10 40 22
10 41 6
10 42 32
10 43 39
10 44 38
10 45 27
10 46 20
10 47 15
10 48 41
10 49 5
10 50 35
10 51 50
10 52 0
10 53 16
10 54 42
11 1 43
11 2 4
11 3 29
11 4 0
11 5 42
11 6 31
11 7 3
11 8 9
11 9 46
11 10 28
11 11 35
11 12 41
11 13 21
11 14 51
11 15 39
11 16 32
11 17 1
11 18 37
11 19 5
11 20 12
11 21 48
11 22 23
11 23 20
11 24 44
11 25 52
11 26 2
11 27 17
11 28 25
11 29 18
11 30 34
11 31 36
11 32 50
11 33 15
11 34 14
11 35 27
11 36 53
11 37 13
11 38 22
11 39 6
11 40 24
11 41 30
11 42 40
11 43 45
11 44 10
11 45 38
11 46 47
11 47 16
11 48 33
11 49 8
11 50 54
11 51 7
11 52 26
11 53 19
11 54 49
12 1 53
12 2 5
12 3 54
12 4 16
12 5 1
12 6 10
12 7 28
12 8 32
12 9 13
12 10 27
12 11 40
12 12 33
12 13 14
12 14 9
12 15 19
12 16 17
12 17 15
12 18 18
12 19 37
12 20 7
12 21 4
12 22 26
12 23 0
12 24 21
12 25 3
12 26 35
12 27 22
12 28 23
12 29 47
12 30 31
12 31 43
12 32 34
12 33 41
12 34 45
12 35 39
12 36 11
12 37 8
12 38 52
12 39 2
12 40 38
12 41 49
12 42 46
12 43 42
12 44 6
12 45 51
12 46 25
12 47 24
12 48 48
12 49 30
12 50 50
12 51 44
12 52 29
12 53 36
12 54 20
13 1 0
13 2 28
13 3 11
13 4 16
13 5 30
13 6 44
13 7 20
13 8 5
13 9 52
13 10 23
13 11 50
13 12 32
13 13 54
13 14 53
13 15 9
13 16 18
13 17 21
13 18 7
13 19 35
13 20 8
13 21 34
13 22 4
13 23 19
13 24 43
13 25 17
13 26 25
13 27 38
13 28 14
13 29 49
13 30 37
13 31 27
13 32 24
13 33 39
13 34 31
13 35 46
13 36 36
13 37 15
13 38 40
13 39 48
13 40 29
13 41 10
13 42 12
13 43 41
13 44 3
13 45 2
13 46 47
13 47 42
13 48 22
13 49 1
13 50 33
13 51 6
13 52 51
13 53 45
13 54 26
14 1 34
14 2 48
14 3 44
14 4 24
14 5 35
14 6 7
14 7 46
14 8 21
14 9 9
14 10 54
14 11 22
14 12 32
14 13 0
14 14 42
14 15 15
14 16 10
14 17 41
14 18 17
14 19 1
14 20 4
14 21 29
14 22 5
14 23 19
14 24 51
14 25 39
14 26 53
14 27 33
14 28 36
14 29 3
14 30 25
14 31 38
14 32 40
14 33 2
14 34 31
14 35 6
14 36 30
14 37 50
14 38 49
14 39 23
14 40 20
14 41 45
14 42 12
14 43 8
14 44 27
14 45 18
14 46 11
14 47 47
14 48 52
14 49 43
14 50 28
14 51 37
14 52 26
14 53 13
14 54 16
15 1 51
15 2 54
15 3 17
15 4 45
15 5 25
15 6 39
15 7 16
15 8 24
15 9 53
15 10 40
15 11 13
15 12 21
15 13 12
15 14 2
15 15 29
15 16 4
15 17 48
15 18 26
15 19 31
15 20 30
15 21 38
15 22 47
15 23 52
15 24 5
15 25 28
15 26 36
15 27 32
15 28 6
15 29 0
15 30 10
15 31 43
15 32 34
15 33 18
15 34 33
15 35 3
15 36 9
15 37 22
15 38 42
15 39 50
15 40 44
15 41 8
15 42 11
15 43 41
15 44 46
15 45 23
15 46 1
15 47 7
15 48 37
15 49 35
15 50 49
15 51 27
15 52 14
15 53 19
15 54 20
16 1 42
16 2 45
16 3 5
16 4 28
16 5 2
16 6 11
16 7 7
16 8 32
16 9 49
16 10 46
16 11 9
16 12 24
16 13 19
16 14 36
16 15 18
16 16 13
16 17 3
16 18 48
16 19 27
16 20 39
16 21 25
16 22 43
16 23 22
16 24 52
16 25 34
16 26 47
16 27 53
16 28 1
16 29 54
16 30 17
16 31 14
16 32 31
16 33 50
16 34 12
16 35 51
16 36 10
16 37 33
16 38 21
16 39 4
16 40 35
16 41 37
16 42 26
16 43 38
16 44 15
16 45 23
16 46 41
16 47 20
16 48 40
16 49 6
16 50 30
16 51 29
16 52 44
16 53 0
16 54 8
17 1 48
17 2 44
17 3 23
17 4 34
17 5 40
17 6 50
17 7 24
17 8 29
17 9 36
17 10 38
17 11 27
17 12 46
17 13 25
17 14 22
17 15 28
17 16 32
17 17 42
17 18 14
17 19 51
17 20 18
17 21 52
17 22 54
17 23 30
17 24 2
17 25 4
17 26 10
17 27 8
17 28 5
17 29 9
17 30 0
17 31 33
17 32 53
17 33 39
17 34 21
17 35 20
17 36 11
17 37 3
17 38 16
17 39 49
17 40 6
17 41 37
17 42 43
17 43 47
17 44 1
17 45 13
17 46 41
17 47 45
17 48 35
17 49 19
17 50 7
17 51 15
17 52 12
17 53 31
17 54 26
18 1 32
18 2 39
18 3 41
18 4 30
18 5 5
18 6 37
18 7 19
18 8 14
18 9 51
18 10 35
18 11 33
18 12 48
18 13 7
18 14 9
18 15 11
18 16 2
18 17 24
18 18 17
18 19 15
18 20 3
18 21 40
18 22 8
18 23 22
18 24 36
18 25 29
18 26 4
18 27 13
18 28 25
18 29 0
18 30 43
18 31 23
18 32 50
18 33 38
18 34 46
18 35 26
18 36 28
18 37 1
18 38 34
18 39 21
18 40 10
18 41 6
18 42 47
18 43 42
18 44 54
18 45 45
18 46 49
18 47 52
18 48 20
18 49 16
18 50 44
18 51 53
18 52 27
18 53 12
18 54 31
19 1 4
19 2 24
19 3 47
19 4 2
19 5 39
19 6 11
19 7 12
19 8 50
19 9 40
19 10 14
19 11 46
19 12 9
19 13 23
19 14 22
19 15 36
19 16 25
19 17 35
19 18 48
19 19 0
19 20 3
19 21 15
19 22 30
19 23 32
19 24 31
19 25 44
19 26 16
19 27 17
19 28 13
19 29 49
19 30 41
19 31 1
19 32 7
19 33 27
19 34 52
19 35 20
19 36 18
19 37 42
19 38 5
19 39 33
19 40 29
19 41 26
19 42 38
19 43 53
19 44 54
19 45 8
19 46 21
19 47 51
19 48 28
19 49 37
19 50 45
19 51 43
19 52 6
19 53 10
19 54 34
20 1 46
20 2 41
20 3 2
20 4 40
20 5 45
20 6 23
20 7 17
20 8 7
20 9 14
20 10 38
20 11 25
20 12 5
20 13 18
20 14 3
20 15 0
20 16 49
20 17 34
20 18 8
20 19 42
20 20 29
20 21 16
20 22 43
20 23 54
20 24 21
20 25 6
20 26 32
20 27 36
20 28 1
20 29 39
20 30 24
20 31 27
20 32 51
20 33 30
20 34 13
20 35 9
20 36 31
20 37 4
20 38 37
20 39 26
20 40 48
20 41 52
20 42 35
20 43 50
20 44 11
20 45 15
20 46 28
20 47 19
20 48 22
20 49 53
20 50 12
20 51 47
20 52 44
20 53 10
20 54 33
21 1 10
21 2 14
21 3 11
21 4 32
21 5 9
21 6 33
21 7 52
21 8 51
21 9 5
21 10 23
21 11 41
21 12 15
21 13 29
21 14 0
21 15 20
21 16 37
21 17 40
21 18 36
21 19 44
21 20 19
21 21 24
21 22 34
21 23 35
21 24 13
21 25 22
21 26 26
21 27 50
21 28 27
21 29 25
21 30 3
21 31 42
21 32 18
21 33 43
21 34 54
21 35 45
21 36 47
21 37 48
21 38 6
21 39 2
21 40 7
21 41 17
21 42 31
21 43 28
21 44 8
21 45 53
21 46 30
21 47 38
21 48 1
21 49 12
21 50 4
21 51 46
21 52 49
21 53 39
21 54 16
22 1 32
22 2 6
22 3 39
22 4 14
22 5 2
22 6 1
22 7 7
22 8 3
22 9 5
22 10 21
22 11 33
22 12 10
22 13 16
22 14 19
22 15 41
22 16 42
22 17 23
22 18 45
22 19 0
22 20 27
22 21 49
22 22 17
22 23 36
22 24 44
22 25 53
22 26 25
22 27 4
22 28 29
22 29 46
22 30 20
22 31 35
22 32 47
22 33 15
22 34 30
22 35 40
22 36 18
22 37 28
22 38 37
22 39 34
22 40 54
22 41 9
22 42 12
22 43 26
22 44 50
22 45 52
22 46 8
22 47 11
22 48 38
22 49 31
22 50 24
22 51 51
22 52 13
22 53 43
22 54 48
23 1 46
23 2 31
23 3 42
23 4 0
23 5 11
23 6 28
23 7 48
23 8 50
23 9 19
23 10 52
23 11 25
23 12 36
23 13 12
23 14 14
23 15 4
23 16 47
23 17 7
23 18 2
23 19 32
23 20 22
23 21 27
23 22 13
23 23 21
23 24 1
23 25 40
23 26 49
23 27 10
23 28 53
23 29 26
23 30 41
23 31 30
23 32 20
23 33 17
23 34 43
23 35 39
23 36 6
23 37 8
23 38 38
23 39 44
23 40 5
23 41 51
23 42 33
23 43 16
23 44 24
23 45 37
23 46 45
23 47 9
23 48 35
23 49 34
23 50 54
23 51 18
23 52 3
23 53 15
23 54 29
24 1 49
24 2 5
24 3 34
24 4 47
24 5 23
24 6 43
24 7 32
24 8 53
24 9 3
24 10 33
24 11 27
24 12 39
24 13 48
24 14 31
24 15 21
24 16 8
24 17 20
24 18 14
24 19 51
24 20 1
24 21 29
24 22 52
24 23 26
24 24 36
24 25 54
24 26 30
24 27 17
24 28 4
24 29 12
24 30 35
24 31 6
24 32 18
24 33 22
24 34 13
24 35 19
24 36 41
24 37 10
24 38 28
24 39 9
24 40 44
24 41 40
24 42 45
24 43 38
24 44 50
24 45 25
24 46 37
24 47 46
24 48 11
24 49 2
24 50 42
24 51 7
24 52 15
24 53 16
24 54 0
25 1 49
25 2 28
25 3 51
25 4 10
25 5 15
25 6 22
25 7 3
25 8 1
25 9 16
25 10 43
25 11 34
25 12 30
25 13 32
25 14 29
25 15 52
25 16 46
25 17 17
25 18 11
25 19 4
25 20 2
25 21 0
25 22 26
25 23 21
25 24 24
25 25 36
25 26 39
25 27 9
25 28 14
25 29 5
25 30 48
25 31 33
25 32 31
25 33 13
25 34 18
25 35 20
25 36 44
25 37 45
25 38 6
25 39 40
25 40 23
25 41 35
25 42 54
25 43 27
25 44 50
25 45 37
25 46 8
25 47 38
25 48 41
25 49 19
25 50 42
25 51 47
25 52 53
25 53 7
25 54 12
26 1 6
26 2 45
26 3 43
26 4 10
26 5 12
26 6 46
26 7 7
26 8 25
26 9 3
26 10 8
26 11 35
26 12 53
26 13 0
26 14 17
26 15 51
26 16 39
26 17 29
26 18 2
26 19 15
26 20 52
26 21 22
26 22 28
26 23 5
26 24 1
26 25 36
26 26 47
26 27 40
26 28 19
26 29 27
26 30 11
26 31 32
26 32 4
26 33 20
26 34 49
26 35 14
26 36 54
26 37 42
26 38 38
26 39 50
26 40 34
26 41 23
26 42 44
26 43 31
26 44 18
26 45 37
26 46 13
26 47 24
26 48 33
26 49 21
26 50 48
26 51 30
26 52 9
26 53 41
26 54 16
27 1 45
27 2 8
27 3 52
27 4 3
27 5 54
27 6 7
27 7 0
27 8 47
27 9 11
27 10 30
27 11 16
27 12 42
27 13 22
27 14 49
27 15 41
27 16 4
27 17 34
27 18 38
27 19 46
27 20 24
27 21 2
27 22 18
27 23 15
27 24 20
27 25 35
27 26 37
27 27 44
27 28 48
27 29 12
27 30 26
27 31 23
27 32 51
27 33 28
27 34 21
27 35 9
27 36 6
27 37 33
27 38 25
27 39 32
27 40 19
27 41 36
27 42 53
27 43 5
27 44 29
27 45 10
27 46 50
27 47 43
27 48 40
27 49 39
27 50 31
27 51 1
27 52 13
27 53 17
27 54 14
28 1 0
28 2 2
28 3 6
28 4 50
28 5 12
28 6 33
28 7 23
28 8 41
28 9 47
28 10 26
28 11 9
28 12 17
28 13 40
28 14 45
28 15 43
28 16 36
28 17 30
28 18 46
28 19 31
28 20 20
28 21 51
28 22 15
28 23 24
28 24 49
28 25 21
28 26 27
28 27 4
28 28 54
28 29 29
28 30 22
28 31 39
28 32 10
28 33 42
28 34 16
28 35 32
28 36 38
28 37 44
28 38 3
28 39 25
28 40 1
28 41 13
28 42 19
28 43 48
28 44 35
28 45 8
28 46 53
28 47 7
28 48 37
28 49 34
28 50 11
28 51 18
28 52 52
28 53 14
28 54 5
29 1 53
29 2 0
29 3 1
29 4 22
29 5 51
29 6 4
29 7 44
29 8 9
29 9 8
29 10 50
29 11 25
29 12 47
29 13 38
29 14 23
29 15 36
29 16 54
29 17 20
29 18 48
29 19 52
29 20 6
29 21 10
29 22 21
29 23 13
29 24 19
29 25 39
29 26 40
29 27 32
29 28 12
29 29 28
29 30 49
29 31 45
29 32 30
29 33 33
29 34 17
29 35 11
29 36 35
29 37 42
29 38 2
29 39 18
29 40 34
29 41 16
29 42 27
29 43 26
29 44 46
29 45 7
29 46 41
29 47 37
29 48 3
29 49 43
29 50 14
29 51 15
29 52 5
29 53 24
29 54 31
30 1 12
30 2 7
30 3 20
30 4 11
30 5 10
30 6 52
30 7 26
30 8 32
30 9 18
30 10 14
30 11 47
30 12 31
30 13 23
30 14 34
30 15 54
30 16 5
30 17 38
30 18 4
30 19 40
30 20 49
30 21 8
30 22 9
30 23 1
30 24 24
30 25 16
30 26 43
30 27 15
30 28 25
30 29 48
30 30 53
30 31 36
30 32 39
30 33 28
30 34 22
30 35 27
30 36 51
30 37 29
30 38 21
30 39 35
30 40 33
30 41 44
30 42 3
30 43 45
30 44 37
30 45 19
30 46 46
30 47 6
30 48 41
30 49 17
30 50 42
30 51 13
30 52 50
30 53 0
30 54 2
31 1 23
31 2 49
31 3 22
31 4 34
31 5 46
31 6 4
31 7 29
31 8 45
31 9 9
31 10 0
31 11 19
31 12 38
31 13 50
31 14 16
31 15 39
31 16 2
31 17 12
31 18 10
31 19 47
31 20 5
31 21 17
31 22 36
31 23 20
31 24 44
31 25 11
31 26 42
31 27 41
31 28 28
31 29 43
31 30 51
31 31 32
31 32 1
31 33 48
31 34 24
31 35 14
31 36 8
31 37 27
31 38 53
31 39 7
31 40 35
31 41 26
31 42 6
31 43 3
31 44 15
31 45 40
31 46 18
31 47 13
31 48 33
31 49 25
31 50 54
31 51 21
31 52 52
31 53 37
31 54 30
32 1 23
32 2 41
32 3 15
32 4 25
32 5 43
32 6 16
32 7 14
32 8 2
32 9 45
32 10 22
32 11 36
32 12 20
32 13 4
32 14 53
32 15 29
32 16 12
32 17 50
32 18 42
32 19 21
32 20 6
32 21 30
32 22 49
32 23 17
32 24 3
32 25 44
32 26 47
32 27 10
32 28 18
32 29 33
32 30 27
32 31 28
32 32 48
32 33 31
32 34 34
32 35 0
32 36 38
32 37 54
32 38 9
32 39 11
32 40 26
32 41 46
32 42 51
32 43 8
32 44 52
32 45 35
32 46 39
32 47 19
32 48 7
32 49 13
32 50 1
32 51 24
32 52 40
32 53 5
32 54 37
33 1 35
33 2 3
33 3 49
33 4 42
33 5 36
33 6 25
33 7 21
33 8 37
33 9 7
33 10 46
33 11 26
33 12 34
33 13 29
33 14 22
33 15 44
33 16 15
33 17 17
33 18 45
33 19 9
33 20 39
33 21 40
33 22 12
33 23 19
33 24 47
33 25 20
33 26 30
33 27 48
33 28 32
33 29 18
33 30 10
33 31 5
33 32 23
33 33 6
33 34 13
33 35 43
33 36 1
33 37 24
33 38 0
33 39 41
33 40 2
33 41 16
33 42 27
33 43 51
33 44 38
33 45 53
33 46 8
33 47 31
33 48 11
33 49 52
33 50 28
33 51 4
33 52 54
33 53 14
33 54 50
34 1 8
34 2 24
34 3 14
34 4 28
34 5 36
34 6 49
34 7 39
34 8 21
34 9 33
34 10 51
34 11 30
34 12 41
34 13 46
34 14 10
34 15 27
34 16 47
34 17 4
34 18 35
34 19 15
34 20 50
34 21 0
34 22 18
34 23 17
34 24 37
34 25 31
34 26 12
34 27 42
34 28 1
34 29 40
34 30 19
34 31 25
34 32 3
34 33 52
34 34 9
34 35 6
34 36 11
34 37 22
34 38 48
34 39 43
34 40 53
34 41 26
34 42 32
34 43 13
34 44 2
34 45 29
34 46 45
34 47 5
34 48 54
34 49 7
34 50 20
34 51 23
34 52 16
34 53 38
34 54 44
35 1 40
35 2 33
35 3 26
35 4 32
35 5 24
35 6 50
35 7 29
35 8 22
35 9 3
35 10 47
35 11 17
35 12 52
35 13 53
35 14 10
35 15 51
35 16 15
35 17 31
35 18 13
35 19 46
35 20 37
35 21 30
35 22 44
35 23 48
35 24 28
35 25 5
35 26 54
35 27 4
35 28 39
35 29 36
35 30 41
35 31 11
35 32 49
35 33 18
35 34 14
35 35 25
35 36 27
35 37 23
35 38 19
35 39 0
35 40 34
35 41 21
35 42 38
35 43 1
35 44 2
35 45 43
35 46 12
35 47 16
35 48 6
35 49 9
35 50 8
35 51 45
35 52 20
35 53 42
35 54 7
36 1 12
36 2 43
36 3 20
36 4 35
36 5 23
36 6 5
36 7 33
36 8 38
36 9 22
36 10 31
36 11 2
36 12 42
36 13 21
36 14 44
36 15 18
36 16 3
36 17 8
36 18 7
36 19 27
36 20 26
36 21 50
36 22 29
36 23 49
36 24 52
36 25 39
36 26 17
36 27 54
36 28 9
36 29 28
36 30 47
36 31 13
36 32 51
36 33 37
36 34 4
36 35 6
36 36 10
36 37 15
36 38 11
36 39 34
36 40 53
36 41 40
36 42 19
36 43 45
36 44 48
36 45 14
36 46 30
36 47 1
36 48 0
36 49 24
36 50 32
36 51 46
36 52 41
36 53 16
36 54 25
37 1 16
37 2 32
37 3 54
37 4 48
37 5 36
37 6 18
37 7 22
37 8 2
37 9 51
37 10 42
37 11 6
37 12 11
37 13 4
37 14 17
37 15 5
37 16 30
37 17 20
37 18 44
37 19 35
37 20 19
37 21 45
37 22 52
37 23 26
37 24 38
37 25 47
37 26 39
37 27 53
37 28 9
37 29 21
37 30 14
37 31 41
37 32 28
37 33 33
37 34 25
37 35 3
37 36 7
37 37 23
37 38 31
37 39 24
37 40 1
37 41 8
37 42 12
37 43 0
37 44 29
37 45 49
37 46 10
37 47 34
37 48 43
37 49 46
37 50 27
37 51 40
37 52 13
37 53 15
37 54 50
38 1 39
38 2 16
38 3 50
38 4 52
38 5 17
38 6 54
38 7 10
38 8 40
38 9 22
38 10 49
38 11 33
38 12 0
38 13 47
38 14 25
38 15 32
38 16 7
38 17 41
38 18 5
38 19 29
38 20 34
38 21 21
38 22 23
38 23 24
38 24 31
38 25 2
38 26 13
38 27 8
38 28 3
38 29 44
38 30 11
38 31 46
38 32 43
38 33 18
38 34 48
38 35 1
38 36 28
38 37 42
38 38 6
38 39 12
38 40 14
38 41 37
38 42 26
38 43 9
38 44 51
38 45 36
38 46 4
38 47 35
38 48 45
38 49 30
38 50 19
38 51 27
38 52 53
38 53 20
38 54 15
39 1 49
39 2 0
39 3 40
39 4 34
39 5 54
39 6 38
39 7 23
39 8 17
39 9 22
39 10 27
39 11 15
39 12 36
39 13 24
39 14 53
39 15 31
39 16 1
39 17 8
39 18 42
39 19 48
39 20 11
39 21 9
39 22 19
39 23 45
39 24 30
39 25 32
39 26 52
39 27 18
39 28 12
39 29 5
39 30 13
39 31 21
39 32 25
39 33 29
39 34 28
39 35 10
39 36 43
39 37 3
39 38 20
39 39 51
39 40 35
39 41 50
39 42 4
39 43 2
39 44 7
39 45 26
39 46 33
39 47 44
39 48 16
39 49 14
39 50 47
39 51 46
39 52 6
39 53 41
39 54 37
40 1 54
40 2 30
40 3 29
40 4 26
40 5 13
40 6 34
40 7 11
40 8 15
40 9 21
40 10 41
40 11 0
40 12 7
40 13 12
40 14 18
40 15 51
40 16 27
40 17 2
40 18 50
40 19 23
40 20 49
40 21 22
40 22 8
40 23 3
40 24 36
40 25 37
40 26 6
40 27 53
40 28 24
40 29 45
40 30 1
40 31 5
40 32 32
40 33 20
40 34 4
40 35 38
40 36 43
40 37 52
40 38 17
40 39 19
40 40 47
40 41 48
40 42 31
40 43 33
40 44 14
40 45 44
40 46 46
40 47 16
40 48 39
40 49 10
40 50 25
40 51 42
40 52 35
40 53 9
40 54 28
41 1 14
41 2 47
41 3 20
41 4 43
41 5 27
41 6 40
41 7 21
41 8 29
41 9 2
41 10 8
41 11 50
41 12 10
41 13 30
41 14 26
41 15 3
41 16 45
41 17 11
41 18 32
41 19 22
41 20 52
41 21 24
41 22 42
41 23 12
41 24 6
41 25 48
41 26 54
41 27 31
41 28 23
41 29 33
41 30 1
41 31 7
41 32 49
41 33 36
41 34 4
41 35 35
41 36 37
41 37 39
41 38 16
41 39 38
41 40 17
41 41 34
41 42 15
41 43 9
41 44 53
41 45 19
41 46 51
41 47 13
41 48 0
41 49 44
41 50 5
41 51 25
41 52 46
41 53 28
41 54 18
42 1 20
42 2 29
42 3 39
42 4 38
42 5 7
42 6 21
42 7 46
42 8 27
42 9 11
42 10 5
42 11 24
42 12 37
42 13 32
42 14 35
42 15 0
42 16 48
42 17 47
42 18 9
42 19 41
42 20 44
42 21 49
42 22 3
42 23 14
42 24 18
42 25 43
42 26 16
42 27 50
42 28 8
42 29 26
42 30 45
42 31 6
42 32 31
42 33 30
42 34 36
42 35 33
42 36 28
42 37 19
42 38 15
42 39 22
42 40 4
42 41 52
42 42 34
42 43 17
42 44 25
42 45 51
42 46 12
42 47 54
42 48 40
42 49 10
42 50 53
42 51 2
42 52 1
42 53 23
42 54 13
43 1 32
43 2 35
43 3 15
43 4 39
43 5 11
43 6 17
43 7 33
43 8 24
43 9 31
43 10 23
43 11 20
43 12 52
43 13 12
43 14 10
43 15 28
43 16 0
43 17 53
43 18 29
43 19 13
43 20 49
43 21 1
43 22 26
43 23 40
43 24 2
43 25 5
43 26 36
43 27 51
43 28 37
43 29 3
43 30 7
43 31 47
43 32 9
43 33 6
43 34 16
43 35 22
43 36 42
43 37 41
43 38 18
43 39 4
43 40 54
43 41 30
43 42 48
43 43 50
43 44 14
43 45 25
43 46 34
43 47 21
43 48 38
43 49 45
43 50 27
43 51 8
43 52 46
43 53 19
43 54 44
44 1 30
44 2 18
44 3 24
44 4 50
44 5 53
44 6 47
44 7 5
44 8 2
44 9 8
44 10 43
44 11 9
44 12 0
44 13 10
44 14 34
44 15 7
44 16 38
44 17 28
44 18 16
44 19 36
44 20 52
44 21 39
44 22 46
44 23 37
44 24 1
44 25 17
44 26 33
44 27 22
44 28 32
44 29 20
44 30 45
44 31 31
44 32 41
44 33 48
44 34 19
44 35 40
44 36 54
44 37 15
44 38 29
44 39 3
44 40 49
44 41 13
44 42 51
44 43 6
44 44 42
44 45 27
44 46 21
44 47 23
44 48 12
44 49 14
44 50 4
44 51 11
44 52 25
44 53 26
44 54 35
45 1 12
45 2 49
45 3 10
45 4 40
45 5 8
45 6 5
45 7 36
45 8 26
45 9 24
45 10 51
45 11 52
45 12 28
45 13 17
45 14 18
45 15 27
45 16 20
45 17 42
45 18 19
45 19 15
45 20 25
45 21 14
45 22 32
45 23 41
45 24 47
45 25 43
45 26 30
45 27 54
45 28 44
45 29 37
45 30 4
45 31 46
45 32 39
45 33 2
45 34 29
45 35 23
45 36 22
45 37 0
45 38 34
45 39 31
45 40 35
45 41 21
45 42 1
45 43 6
45 44 33
45 45 13
45 46 50
45 47 16
45 48 53
45 49 48
45 50 9
45 51 38
45 52 3
45 53 11
45 54 7
46 1 16
46 2 37
46 3 21
46 4 27
46 5 7
46 6 51
46 7 0
46 8 53
46 9 25
46 10 8
46 11 40
46 12 29
46 13 31
46 14 33
46 15 32
46 16 26
46 17 4
46 18 54
46 19 24
46 20 19
46 21 22
46 22 35
46 23 3
46 24 13
46 25 6
46 26 28
46 27 9
46 28 43
46 29 5
46 30 36
46 31 38
46 32 17
46 33 1
46 34 49
46 35 47
46 36 52
46 37 42
46 38 30
46 39 48
46 40 39
46 41 23
46 42 15
46 43 10
46 44 20
46 45 12
46 46 45
46 47 14
46 48 11
46 49 34
46 50 18
46 51 50
46 52 44
46 53 41
46 54 2
47 1 15
47 2 44
47 3 8
47 4 54
47 5 1
47 6 35
47 7 53
47 8 26
47 9 27
47 10 19
47 11 29
47 12 6
47 13 16
47 14 10
47 15 20
47 16 51
47 17 17
47 18 43
47 19 49
47 20 25
47 21 23
47 22 3
47 23 30
47 24 41
47 25 52
47 26 37
47 27 31
47 28 50
47 29 18
47 30 22
47 31 0
47 32 28
47 33 9
47 34 12
47 35 14
47 36 40
47 37 45
47 38 32
47 39 21
47 40 2
47 41 4
47 42 24
47 43 39
47 44 13
47 45 38
47 46 34
47 47 48
47 48 46
47 49 42
47 50 36
47 51 7
47 52 11
47 53 33
47 54 5
48 1 38
48 2 45
48 3 27
48 4 7
48 5 13
48 6 54
48 7 16
48 8 12
48 9 18
48 10 51
48 11 23
48 12 37
48 13 1
48 14 17
48 15 10
48 16 20
48 17 6
48 18 52
48 19 3
48 20 2
48 21 36
48 22 46
48 23 39
48 24 5
48 25 32
48 26 35
48 27 8
48 28 25
48 29 11
48 30 28
48 31 43
48 32 21
48 33 24
48 34 49
48 35 26
48 36 42
48 37 30
48 38 44
48 39 53
48 40 34
48 41 50
48 42 47
48 43 9
48 44 0
48 45 22
48 46 14
48 47 19
48 48 15
48 49 41
48 50 31
48 51 40
48 52 4
48 53 29
48 54 33
49 1 40
49 2 1
49 3 38
49 4 3
49 5 52
49 6 20
49 7 51
49 8 8
49 9 22
49 10 12
49 11 23
49 12 48
49 13 53
49 14 0
49 15 43
49 16 42
49 17 21
49 18 31
49 19 54
49 20 33
49 21 37
49 22 24
49 23 44
49 24 4
49 25 50
49 26 29
49 27 34
49 28 13
49 29 41
49 30 5
49 31 28
49 32 32
49 33 16
49 34 39
49 35 30
49 36 7
49 37 26
49 38 18
49 39 19
49 40 15
49 41 14
49 42 17
49 43 47
49 44 10
49 45 25
49 46 6
49 47 35
49 48 27
49 49 45
49 50 2
49 51 11
49 52 46
49 53 36
49 54 9
50 1 34
50 2 13
50 3 32
50 4 3
50 5 10
50 6 54
50 7 23
50 8 12
50 9 0
50 10 29
50 11 40
50 12 48
50 13 22
50 14 2
50 15 17
50 16 45
50 17 24
50 18 14
50 19 1
50 20 28
50 21 47
50 22 21
50 23 41
50 24 43
50 25 20
50 26 39
50 27 8
50 28 9
50 29 51
50 30 18
50 31 38
50 32 16
50 33 35
50 34 42
50 35 27
50 36 19
50 37 30
50 38 7
50 39 15
50 40 53
50 41 44
50 42 26
50 43 36
50 44 33
50 45 37
50 46 5
50 47 31
50 48 4
50 49 52
50 50 49
50 51 46
50 52 6
50 53 11
50 54 25
51 1 5
51 2 50
51 3 12
51 4 6
51 5 17
51 6 32
51 7 48
51 8 23
51 9 10
51 10 7
51 11 15
51 12 31
51 13 26
51 14 2
51 15 20
51 16 28
51 17 46
51 18 18
51 19 30
51 20 54
51 21 9
51 22 21
51 23 42
51 24 36
51 25 40
51 26 24
51 27 25
51 28 27
51 29 22
51 30 3
51 31 14
51 32 53
51 33 39
51 34 34
51 35 37
51 36 11
51 37 29
51 38 0
51 39 35
51 40 52
51 41 44
51 42 19
51 43 43
51 44 45
51 45 16
51 46 13
51 47 8
51 48 33
51 49 1
51 50 38
51 51 49
51 52 4
51 53 41
51 54 47
52 1 51
52 2 26
52 3 21
52 4 14
52 5 47
52 6 6
52 7 13
52 8 4
52 9 28
52 10 33
52 11 37
52 12 35
52 13 36
52 14 20
52 15 39
52 16 8
52 17 10
52 18 16
52 19 48
52 20 40
52 21 7
52 22 32
52 23 46
52 24 41
52 25 54
52 26 44
52 27 29
52 28 11
52 29 1
52 30 25
52 31 15
52 32 5
52 33 18
52 34 34
52 35 0
52 36 12
52 37 53
52 38 43
52 39 49
52 40 50
52 41 3
52 42 42
52 43 23
52 44 9
52 45 38
52 46 24
52 47 2
52 48 19
52 49 30
52 50 17
52 51 31
52 52 45
52 53 27
52 54 22
53 1 24
53 2 2
53 3 44
53 4 49
53 5 33
53 6 4
53 7 3
53 8 7
53 9 40
53 10 8
53 11 48
53 12 23
53 13 11
53 14 12
53 15 27
53 16 50
53 17 42
53 18 39
53 19 29
53 20 6
53 21 26
53 22 46
53 23 45
53 24 9
53 25 28
53 26 22
53 27 51
53 28 14
53 29 20
53 30 47
53 31 38
53 32 36
53 33 1
53 34 13
53 35 54
53 36 17
53 37 21
53 38 30
53 39 41
53 40 16
53 41 5
53 42 15
53 43 34
53 44 43
53 45 31
53 46 19
53 47 18
53 48 37
53 49 35
53 50 25
53 51 0
53 52 10
53 53 52
53 54 32
54 1 5
54 2 48
54 3 42
54 4 16
54 5 8
54 6 4
54 7 11
54 8 27
54 9 22
54 10 45
54 11 51
54 12 20
54 13 44
54 14 37
54 15 19
54 16 46
54 17 30
54 18 41
54 19 26
54 20 1
54 21 39
54 22 52
54 23 25
54 24 29
54 25 33
54 26 32
54 27 7
54 28 50
54 29 6
54 30 31
54 31 21
54 32 36
54 33 14
54 34 13
54 35 23
54 36 15
54 37 47
54 38 24
54 39 38
54 40 34
54 41 12
54 42 53
54 43 40
54 44 35
54 45 10
54 46 3
54 47 9
54 48 49
54 49 28
54 50 18
54 51 2
54 52 0
54 53 17
54 54 43