0 1 73
0 2 12
0 3 37
0 4 40
0 5 59
0 6 5
0 7 31
0 8 17
0 9 74
0 10 47
0 11 42
0 12 58
0 13 46
0 14 23
0 15 7
0 16 62
0 17 45
0 18 66
0 19 72
0 20 8
0 21 2
0 22 30
0 23 64
0 24 68
0 25 10
0 26 33
0 27 29
0 28 56
0 29 39
0 30 15
0 31 55
0 32 20
0 33 28
0 34 26
0 35 36
0 36 25
0 37 4
0 38 61
0 39 53
0 40 41
0 41 52
0 42 27
0 43 48
0 44 51
0 45 38
0 46 43
0 47 71
0 48 57
0 49 14
0 50 3
0 51 35
0 52 70
0 53 22
0 54 24
0 55 54
0 56 67
0 57 16
0 58 9
0 59 65
0 60 18
0 61 19
0 62 49
0 63 69
0 64 60
0 65 13
0 66 11
0 67 44
0 68 21
0 69 6
0 70 1
0 71 50
0 72 34
0 73 63
0 74 32
1 1 56
1 2 9
1 3 45
1 4 61
1 5 49
1 6 52
1 7 8
1 8 64
1 9 38
1 10 16
1 11 70
1 12 23
1 13 36
1 14 65
1 15 68
1 16 71
1 17 13
1 18 48
1 19 17
1 20 34
1 21 33
1 22 58
1 23 66
1 24 28
1 25 60
1 26 51
1 27 39
1 28 0
1 29 18
1 30 67
1 31 12
1 32 53
1 33 19
1 34 20
1 35 74
1 36 7
1 37 24
1 38 2
1 39 59
1 40 29
1 41 14
1 42 37
1 43 40
1 44 69
1 45 42
1 46 57
1 47 47
1 48 26
1 49 3
1 50 25
1 51 32
1 52 46
1 53 50
1 54 4
1 55 72
1 56 54
1 57 10
1 58 44
1 59 22
1 60 5
1 61 30
1 62 6
1 63 27
1 64 63
1 65 73
1 66 35
1 67 15
1 68 41
1 69 43
1 70 55
1 71 31
1 72 62
1 73 11
1 74 21
2 1 34
2 2 17
2 3 35
2 4 73
2 5 42
2 6 63
2 7 51
2 8 53
2 9 68
2 10 50
2 11 28
2 12 4
2 13 71
2 14 67
2 15 52
2 16 39
2 17 19
2 18 54
2 19 15
2 20 43
2 21 14
2 22 25
2 23 5
2 24 12
2 25 55
2 26 27
2 27 22
2 28 33
2 29 44
2 30 59
2 31 8
2 32 21
2 33 31
2 34 3
2 35 10
2 36 26
2 37 74
2 38 46
2 39 60
2 40 41
2 41 66
2 42 37
2 43 13
2 44 30
2 45 69
2 46 7
2 47 29
2 48 56
2 49 9
2 50 64
2 51 61
2 52 70
2 53 24
2 54 45
2 55 57
2 56 47
2 57 11
2 58 32
2 59 16
2 60 48
2 61 49
2 62 62
2 63 40
2 64 1
2 65 38
2 66 36
2 67 65
2 68 72
2 69 6
2 70 20
2 71 18
2 72 0
2 73 23
2 74 58
3 1 26
3 2 24
3 3 66
3 4 42
3 5 1
3 6 51
3 7 64
3 8 36
3 9 67
3 10 37
3 11 4
3 12 12
3 13 27
3 14 60
3 15 31
3 16 41
3 17 54
3 18 45
3 19 8
3 20 55
3 21 7
3 22 57
3 23 38
3 24 19
3 25 70
3 26 40
3 27 48
3 28 46
3 29 29
3 30 22
3 31 47
3 32 28
3 33 50
3 34 44
3 35 10
3 36 6
3 37 43
3 38 56
3 39 58
3 40 2
3 41 23
3 42 72
3 43 14
3 44 52
3 45 39
3 46 68
3 47 59
3 48 5
3 49 11
3 50 18
3 51 25
3 52 17
3 53 73
3 54 21
3 55 0
3 56 53
3 57 71
3 58 74
3 59 9
3 60 20
3 61 32
3 62 35
3 63 30
3 64 13
3 65 15
3 66 62
3 67 69
3 68 34
3 69 61
3 70 65
3 71 49
3 72 63
3 73 33
3 74 16
4 1 41
4 2 54
4 3 23
4 4 25
4 5 13
4 6 74
4 7 6
4 8 31
4 9 28
4 10 72
4 11 3
4 12 11
4 13 18
4 14 16
4 15 62
4 16 5
4 17 65
4 18 58
4 19 50
4 20 21
4 21 66
4 22 27
4 23 44
4 24 53
4 25 26
4 26 55
4 27 20
4 28 73
4 29 40
4 30 14
4 31 47
4 32 30
4 33 52
4 34 64
4 35 37
4 36 49
4 37 0
4 38 59
4 39 45
4 40 9
4 41 43
4 42 7
4 43 24
4 44 36
4 45 1
4 46 51
4 47 10
4 48 17
4 49 8
4 50 19
4 51 63
4 52 29
4 53 38
4 54 57
4 55 42
4 56 71
4 57 56
4 58 34
4 59 12
4 60 70
4 61 46
4 62 68
4 63 67
4 64 15
4 65 39
4 66 22
4 67 61
4 68 69
4 69 60
4 70 35
4 71 32
4 72 2
4 73 33
4 74 48
5 1 71
5 2 61
5 3 35
5 4 47
5 5 69
5 6 13
5 7 12
5 8 43
5 9 42
5 10 21
5 11 58
5 12 14
5 13 39
5 14 28
5 15 51
5 16 56
5 17 15
5 18 3
5 19 2
5 20 0
5 21 19
5 22 52
5 23 6
5 24 55
5 25 33
5 26 67
5 27 32
5 28 48
5 29 46
5 30 11
5 31 29
5 32 54
5 33 22
5 34 73
5 35 53
5 36 66
5 37 65
5 38 18
5 39 34
5 40 38
5 41 37
5 42 50
5 43 30
5 44 26
5 45 1
5 46 25
5 47 62
5 48 49
5 49 10
5 50 68
5 51 60
5 52 4
5 53 41
5 54 45
5 55 27
5 56 64
5 57 40
5 58 70
5 59 74
5 60 8
5 61 20
5 62 63
5 63 16
5 64 9
5 65 17
5 66 44
5 67 36
5 68 31
5 69 72
5 70 7
5 71 24
5 72 23
5 73 59
5 74 57
6 1 25
6 2 12
6 3 0
6 4 4
6 5 40
6 6 67
6 7 43
6 8 9
6 9 11
6 10 8
6 11 73
6 12 42
6 13 31
6 14 54
6 15 63
6 16 61
6 17 38
6 18 46
6 19 57
6 20 27
6 21 68
6 22 5
6 23 29
6 24 22
6 25 70
6 26 15
6 27 3
6 28 64
6 29 13
6 30 50
6 31 72
6 32 59
6 33 62
6 34 69
6 35 37
6 36 71
6 37 7
6 38 39
6 39 30
6 40 16
6 41 36
6 42 28
6 43 60
6 44 66
6 45 74
6 46 19
6 47 18
6 48 33
6 49 58
6 50 17
6 51 26
6 52 10
6 53 55
6 54 2
6 55 53
6 56 20
6 57 49
6 58 24
6 59 52
6 60 56
6 61 44
6 62 14
6 63 47
6 64 41
6 65 34
6 66 35
6 67 51
6 68 1
6 69 48
6 70 65
6 71 32
6 72 45
6 73 23
6 74 21
7 1 25
7 2 16
7 3 65
7 4 8
7 5 59
7 6 46
7 7 42
7 8 45
7 9 2
7 10 21
7 11 51
7 12 24
7 13 37
7 14 56
7 15 74
7 16 70
7 17 17
7 18 31
7 19 57
7 20 23
7 21 48
7 22 54
7 23 63
7 24 4
7 25 33
7 26 73
7 27 71
7 28 26
7 29 67
7 30 66
7 31 47
7 32 49
7 33 55
7 34 12
7 35 27
7 36 68
7 37 53
7 38 40
7 39 36
7 40 3
7 41 6
7 42 20
7 43 69
7 44 50
7 45 35
7 46 0
7 47 13
7 48 10
7 49 1
7 50 29
7 51 34
7 52 64
7 53 60
7 54 44
7 55 5
7 56 61
7 57 30
7 58 39
7 59 41
7 60 15
7 61 22
7 62 19
7 63 9
7 64 32
7 65 28
7 66 11
7 67 62
7 68 52
7 69 14
7 70 58
7 71 38
7 72 43
7 73 72
7 74 18
8 1 25
8 2 41
8 3 10
8 4 35
8 5 17
8 6 62
8 7 48
8 8 18
8 9 56
8 10 14
8 11 54
8 12 45
8 13 11
8 14 44
8 15 42
8 16 52
8 17 39
8 18 26
8 19 59
8 20 68
8 21 34
8 22 38
8 23 72
8 24 64
8 25 63
8 26 71
8 27 74
8 28 2
8 29 12
8 30 66
8 31 73
8 32 30
8 33 27
8 34 61
8 35 57
8 36 67
8 37 20
8 38 46
8 39 37
8 40 65
8 41 23
8 42 9
8 43 32
8 44 31
8 45 3
8 46 43
8 47 33
8 48 36
8 49 15
8 50 19
8 51 49
8 52 51
8 53 16
8 54 0
8 55 58
8 56 13
8 57 7
8 58 50
8 59 69
8 60 21
8 61 29
8 62 55
8 63 40
8 64 24
8 65 70
8 66 6
8 67 4
8 68 1
8 69 53
8 70 60
8 71 47
8 72 22
8 73 5
8 74 28
9 1 18
9 2 10
9 3 32
9 4 13
9 5 39
9 6 73
9 7 16
9 8 51
9 9 50
9 10 69
9 11 41
9 12 11
9 13 59
9 14 4
9 15 74
9 16 71
9 17 40
9 18 31
9 19 25
9 20 8
9 21 55
9 22 68
9 23 20
9 24 64
9 25 3
9 26 0
9 27 12
9 28 30
9 29 5
9 30 22
9 31 58
9 32 28
9 33 65
9 34 42
9 35 17
9 36 36
9 37 72
9 38 48
9 39 29
9 40 45
9 41 70
9 42 35
9 43 61
9 44 26
9 45 62
9 46 6
9 47 21
9 48 37
9 49 63
9 50 49
9 51 57
9 52 34
9 53 67
9 54 56
9 55 43
9 56 33
9 57 46
9 58 27
9 59 54
9 60 14
9 61 15
9 62 53
9 63 1
9 64 24
9 65 7
9 66 44
9 67 47
9 68 66
9 69 38
9 70 23
9 71 60
9 72 52
9 73 2
9 74 19
10 1 52
10 2 6
10 3 39
10 4 57
10 5 15
10 6 19
10 7 40
10 8 60
10 9 17
10 10 21
10 11 38
10 12 45
10 13 68
10 14 28
10 15 34
10 16 22
10 17 18
10 18 7
10 19 50
10 20 35
10 21 66
10 22 74
10 23 12
10 24 53
10 25 69
10 26 25
10 27 54
10 28 3
10 29 27
10 30 65
10 31 70
10 32 0
10 33 46
10 34 24
10 35 36
10 36 56
10 37 4
10 38 55
10 39 8
10 40 11
10 41 26
10 42 37
10 43 73
10 44 20
10 45 9
10 46 48
10 47 62
10 48 31
10 49 29
10 50 23
10 51 41
10 52 49
10 53 1
10 54 42
10 55 67
10 56 51
10 57 71
10 58 61
10 59 33
10 60 63
10 61 59
10 62 72
10 63 43
10 64 44
10 65 2
10 66 32
10 67 64
10 68 13
10 69 47
10 70 16
10 71 14
10 72 58
10 73 5
10 74 30
11 1 7
11 2 54
11 3 49
11 4 16
11 5 56
11 6 61
11 7 52
11 8 27
11 9 64
11 10 73
11 11 48
11 12 58
11 13 24
11 14 59
11 15 62
11 16 3
11 17 13
11 18 2
11 19 43
11 20 5
11 21 68
11 22 12
11 23 26
11 24 44
11 25 69
11 26 53
11 27 1
11 28 20
11 29 35
11 30 72
11 31 19
11 32 8
11 33 67
11 34 50
11 35 29
11 36 0
11 37 65
11 38 40
11 39 70
11 40 4
11 41 31
11 42 63
11 43 10
11 44 25
11 45 23
11 46 42
11 47 22
11 48 71
11 49 37
11 50 28
11 51 32
11 52 51
11 53 47
11 54 46
11 55 6
11 56 57
11 57 21
11 58 45
11 59 60
11 60 33
11 61 18
11 62 14
11 63 39
11 64 15
11 65 17
11 66 74
11 67 9
11 68 55
11 69 41
11 70 66
11 71 36
11 72 30
11 73 38
11 74 34
12 1 72
12 2 44
12 3 74
12 4 71
12 5 23
12 6 20
12 7 73
12 8 31
12 9 50
12 10 5
12 11 69
12 12 65
12 13 51
12 14 7
12 15 60
12 16 66
12 17 34
12 18 46
12 19 38
12 20 67
12 21 68
12 22 21
12 23 53
12 24 45
12 25 54
12 26 14
12 27 61
12 28 2
12 29 33
12 30 70
12 31 9
12 32 30
12 33 57
12 34 16
12 35 48
12 36 8
12 37 15
12 38 32
12 39 0
12 40 64
12 41 19
12 42 25
12 43 4
12 44 43
12 45 18
12 46 6
12 47 55
12 48 40
12 49 13
12 50 36
12 51 24
12 52 39
12 53 26
12 54 37
12 55 49
12 56 27
12 57 52
12 58 3
12 59 11
12 60 56
12 61 10
12 62 35
12 63 29
12 64 22
12 65 1
12 66 47
12 67 59
12 68 41
12 69 17
12 70 63
12 71 42
12 72 58
12 73 62
12 74 28
13 1 32
13 2 67
13 3 0
13 4 43
13 5 44
13 6 15
13 7 22
13 8 10
13 9 27
13 10 37
13 11 40
13 12 38
13 13 55
13 14 54
13 15 61
13 16 17
13 17 51
13 18 41
13 19 6
13 20 14
13 21 21
13 22 26
13 23 20
13 24 73
13 25 35
13 26 19
13 27 70
13 28 24
13 29 56
13 30 11
13 31 25
13 32 9
13 33 45
13 34 34
13 35 42
13 36 4
13 37 48
13 38 23
13 39 28
13 40 29
13 41 58
13 42 63
13 43 57
13 44 12
13 45 65
13 46 50
13 47 39
13 48 64
13 49 74
13 50 30
13 51 36
13 52 7
13 53 49
13 54 59
13 55 46
13 56 71
13 57 16
13 58 3
13 59 62
13 60 47
13 61 60
13 62 68
13 63 5
13 64 53
13 65 33
13 66 52
13 67 72
13 68 1
13 69 66
13 70 18
13 71 31
13 72 2
13 73 8
13 74 69
14 1 47
14 2 30
14 3 72
14 4 59
14 5 6
14 6 24
14 7 20
14 8 7
14 9 38
14 10 52
14 11 33
14 12 58
14 13 15
14 14 1
14 15 37
14 16 26
14 17 27
14 18 9
14 19 29
14 20 56
14 21 71
14 22 65
14 23 69
14 24 0
14 25 55
14 26 44
14 27 23
14 28 16
14 29 4
14 30 3
14 31 32
14 32 25
14 33 31
14 34 28
14 35 50
14 36 8
14 37 34
14 38 39
14 39 48
14 40 2
14 41 45
14 42 64
14 43 57
14 44 66
14 45 41
14 46 53
14 47 63
14 48 18
14 49 40
14 50 11
14 51 36
14 52 13
14 53 67
14 54 5
14 55 12
14 56 54
14 57 42
14 58 62
14 59 43
14 60 21
14 61 70
14 62 68
14 63 49
14 64 17
14 65 10
14 66 60
14 67 35
14 68 74
14 69 46
14 70 22
14 71 19
14 72 51
14 73 73
14 74 61
15 1 6
15 2 27
15 3 51
15 4 29
15 5 24
15 6 3
15 7 4
15 8 60
15 9 59
15 10 17
15 11 25
15 12 19
15 13 31
15 14 55
15 15 42
15 16 28
15 17 22
15 18 18
15 19 12
15 20 65
15 21 23
15 22 52
15 23 2
15 24 7
15 25 5
15 26 68
15 27 44
15 28 26
15 29 46
15 30 38
15 31 39
15 32 21
15 33 1
15 34 36
15 35 10
15 36 57
15 37 0
15 38 34
15 39 11
15 40 48
15 41 35
15 42 70
15 43 20
15 44 71
15 45 16
15 46 63
15 47 73
15 48 32
15 49 37
15 50 30
15 51 43
15 52 72
15 53 8
15 54 66
15 55 45
15 56 9
15 57 67
15 58 47
15 59 40
15 60 33
15 61 56
15 62 64
15 63 13
15 64 69
15 65 41
15 66 53
15 67 14
15 68 54
15 69 74
15 70 62
15 71 50
15 72 58
15 73 49
15 74 61
16 1 56
16 2 2
16 3 33
16 4 53
16 5 13
16 6 8
16 7 43
16 8 20
16 9 30
16 10 23
16 11 41
16 12 45
16 13 1
16 14 65
16 15 60
16 16 25
16 17 36
16 18 69
16 19 42
16 20 62
16 21 54
16 22 66
16 23 44
16 24 18
16 25 39
16 26 28
16 27 47
16 28 27
16 29 32
16 30 35
16 31 48
16 32 46
16 33 49
16 34 64
16 35 37
16 36 67
16 37 63
16 38 29
16 39 51
16 40 11
16 41 7
16 42 71
16 43 0
16 44 9
16 45 73
16 46 50
16 47 40
16 48 4
16 49 19
16 50 3
16 51 52
16 52 12
16 53 38
16 54 59
16 55 6
16 56 57
16 57 26
16 58 22
16 59 74
16 60 17
16 61 72
16 62 68
16 63 10
16 64 70
16 65 21
16 66 61
16 67 14
16 68 24
16 69 58
16 70 15
16 71 5
16 72 34
16 73 31
16 74 55
17 1 20
17 2 27
17 3 53
17 4 26
17 5 23
17 6 16
17 7 64
17 8 0
17 9 5
17 10 28
17 11 61
17 12 35
17 13 7
17 14 29
17 15 37
17 16 52
17 17 49
17 18 73
17 19 19
17 20 4
17 21 66
17 22 54
17 23 47
17 24 44
17 25 72
17 26 11
17 27 13
17 28 14
17 29 42
17 30 71
17 31 69
17 32 43
17 33 32
17 34 15
17 35 21
17 36 12
17 37 2
17 38 58
17 39 18
17 40 1
17 41 39
17 42 51
17 43 67
17 44 31
17 45 50
17 46 9
17 47 3
17 48 46
17 49 41
17 50 38
17 51 25
17 52 63
17 53 34
17 54 56
17 55 74
17 56 36
17 57 60
17 58 68
17 59 65
17 60 30
17 61 48
17 62 10
17 63 62
17 64 45
17 65 24
17 66 33
17 67 40
17 68 70
17 69 22
17 70 6
17 71 59
17 72 57
17 73 8
17 74 55
18 1 57
18 2 19
18 3 52
18 4 67
18 5 13
18 6 66
18 7 16
18 8 60
18 9 36
18 10 27
18 11 70
18 12 58
18 13 17
18 14 1
18 15 72
18 16 43
18 17 8
18 18 24
18 19 10
18 20 31
18 21 39
18 22 21
18 23 62
18 24 71
18 25 49
18 26 3
18 27 59
18 28 69
18 29 55
18 30 22
18 31 63
18 32 25
18 33 61
18 34 30
18 35 11
18 36 6
18 37 41
18 38 4
18 39 23
18 40 32
18 41 40
18 42 73
18 43 53
18 44 46
18 45 28
18 46 35
18 47 64
18 48 12
18 49 38
18 50 9
18 51 0
18 52 47
18 53 45
18 54 48
18 55 54
18 56 34
18 57 50
18 58 29
18 59 33
18 60 65
18 61 5
18 62 20
18 63 74
18 64 2
18 65 42
18 66 37
18 67 44
18 68 56
18 69 68
18 70 15
18 71 51
18 72 26
18 73 7
18 74 14
19 1 3
19 2 64
19 3 42
19 4 38
19 5 15
19 6 49
19 7 27
19 8 10
19 9 7
19 10 32
19 11 66
19 12 37
19 13 51
19 14 44
19 15 34
19 16 40
19 17 73
19 18 17
19 19 61
19 20 24
19 21 48
19 22 72
19 23 69
19 24 50
19 25 9
19 26 16
19 27 59
19 28 54
19 29 22
19 30 74
19 31 56
19 32 70
19 33 53
19 34 5
19 35 47
19 36 63
19 37 45
19 38 21
19 39 36
19 40 62
19 41 67
19 42 41
19 43 2
19 44 13
19 45 0
19 46 20
19 47 33
19 48 12
19 49 14
19 50 55
19 51 52
19 52 30
19 53 18
19 54 35
19 55 6
19 56 25
19 57 11
19 58 31
19 59 29
19 60 65
19 61 26
19 62 39
19 63 60
19 64 71
19 65 68
19 66 57
19 67 43
19 68 23
19 69 8
19 70 58
19 71 46
19 72 28
19 73 1
19 74 4
20 1 65
20 2 36
20 3 31
20 4 60
20 5 45
20 6 41
20 7 56
20 8 27
20 9 49
20 10 73
20 11 34
20 12 58
20 13 37
20 14 29
20 15 50
20 16 19
20 17 28
20 18 46
20 19 22
20 20 17
20 21 40
20 22 8
20 23 62
20 24 51
20 25 25
20 26 48
20 27 12
20 28 21
20 29 33
20 30 1
20 31 39
20 32 69
20 33 2
20 34 18
20 35 55
20 36 59
20 37 32
20 38 42
20 39 71
20 40 5
20 41 24
20 42 47
20 43 10
20 44 70
20 45 74
20 46 72
20 47 16
20 48 38
20 49 13
20 50 67
20 51 53
20 52 9
20 53 66
20 54 14
20 55 64
20 56 61
20 57 63
20 58 11
20 59 23
20 60 3
20 61 6
20 62 57
20 63 0
20 64 35
20 65 52
20 66 43
20 67 54
20 68 4
20 69 26
20 70 7
20 71 44
20 72 15
20 73 30
20 74 68
21 1 56
21 2 49
21 3 34
21 4 58
21 5 3
21 6 23
21 7 64
21 8 68
21 9 65
21 10 43
21 11 5
21 12 54
21 13 71
21 14 12
21 15 39
21 16 57
21 17 40
21 18 45
21 19 0
21 20 63
21 21 10
21 22 38
21 23 36
21 24 61
21 25 15
21 26 62
21 27 16
21 28 28
21 29 30
21 30 55
21 31 4
21 32 19
21 33 27
21 34 17
21 35 66
21 36 29
21 37 37
21 38 6
21 39 47
21 40 50
21 41 2
21 42 32
21 43 1
21 44 25
21 45 18
21 46 73
21 47 33
21 48 69
21 49 35
21 50 22
21 51 59
21 52 41
21 53 9
21 54 44
21 55 53
21 56 52
21 57 46
21 58 14
21 59 24
21 60 26
21 61 8
21 62 72
21 63 13
21 64 51
21 65 48
21 66 31
21 67 70
21 68 74
21 69 7
21 70 42
21 71 11
21 72 20
21 73 67
21 74 60
22 1 48
22 2 68
22 3 11
22 4 18
22 5 59
22 6 16
22 7 41
22 8 14
22 9 46
22 10 10
22 11 42
22 12 34
22 13 52
22 14 5
22 15 55
22 16 54
22 17 24
22 18 74
22 19 60
22 20 62
22 21 23
22 22 35
22 23 40
22 24 20
22 25 13
22 26 28
22 27 33
22 28 6
22 29 56
22 30 38
22 31 3
22 32 1
22 33 9
22 34 51
22 35 65
22 36 27
22 37 26
22 38 57
22 39 44
22 40 43
22 41 58
22 42 49
22 43 63
22 44 7
22 45 29
22 46 8
22 47 47
22 48 30
22 49 32
22 50 71
22 51 67
22 52 50
22 53 31
22 54 39
22 55 45
22 56 17
22 57 72
22 58 0
22 59 53
22 60 73
22 61 66
22 62 36
22 63 19
22 64 15
22 65 21
22 66 64
22 67 61
22 68 4
22 69 25
22 70 12
22 71 37
22 72 69
22 73 70
22 74 2
23 1 37
23 2 57
23 3 4
23 4 8
23 5 14
23 6 72
23 7 31
23 8 43
23 9 41
23 10 30
23 11 51
23 12 48
23 13 36
23 14 10
23 15 15
23 16 69
23 17 22
23 18 34
23 19 61
23 20 60
23 21 44
23 22 65
23 23 52
23 24 47
23 25 1
23 26 68
23 27 7
23 28 32
23 29 35
23 30 71
23 31 27
23 32 53
23 33 0
23 34 2
23 35 20
23 36 18
23 37 58
23 38 63
23 39 17
23 40 64
23 41 25
23 42 16
23 43 40
23 44 11
23 45 66
23 46 54
23 47 70
23 48 42
23 49 49
23 50 19
23 51 26
23 52 56
23 53 73
23 54 33
23 55 38
23 56 13
23 57 55
23 58 3
23 59 45
23 60 6
23 61 12
23 62 29
23 63 67
23 64 24
23 65 5
23 66 21
23 67 74
23 68 39
23 69 50
23 70 46
23 71 28
23 72 59
23 73 9
23 74 62
24 1 17
24 2 70
24 3 65
24 4 66
24 5 42
24 6 12
24 7 45
24 8 73
24 9 0
24 10 9
24 11 72
24 12 4
24 13 26
24 14 48
24 15 43
24 16 44
24 17 41
24 18 27
24 19 7
24 20 30
24 21 15
24 22 62
24 23 34
24 24 20
24 25 51
24 26 33
24 27 74
24 28 64
24 29 49
24 30 68
24 31 59
24 32 21
24 33 31
24 34 5
24 35 8
24 36 16
24 37 61
24 38 52
24 39 39
24 40 23
24 41 60
24 42 6
24 43 50
24 44 38
24 45 1
24 46 56
24 47 2
24 48 13
24 49 53
24 50 14
24 51 63
24 52 67
24 53 37
24 54 69
24 55 57
24 56 40
24 57 46
24 58 58
24 59 19
24 60 11
24 61 54
24 62 3
24 63 47
24 64 18
24 65 29
24 66 71
24 67 32
24 68 35
24 69 55
24 70 36
24 71 25
24 72 28
24 73 10
24 74 22
25 1 14
25 2 51
25 3 41
25 4 46
25 5 13
25 6 29
25 7 72
25 8 7
25 9 20
25 10 19
25 11 5
25 12 40
25 13 71
25 14 30
25 15 65
25 16 9
25 17 37
25 18 74
25 19 35
25 20 26
25 21 54
25 22 48
25 23 21
25 24 32
25 25 61
25 26 36
25 27 49
25 28 64
25 29 66
25 30 6
25 31 0
25 32 27
25 33 23
25 34 63
25 35 34
25 36 58
25 37 1
25 38 24
25 39 55
25 40 39
25 41 70
25 42 57
25 43 52
25 44 31
25 45 17
25 46 38
25 47 60
25 48 3
25 49 44
25 50 11
25 51 8
25 52 47
25 53 68
25 54 53
25 55 16
25 56 2
25 57 15
25 58 10
25 59 59
25 60 45
25 61 18
25 62 12
25 63 56
25 64 67
25 65 43
25 66 4
25 67 28
25 68 73
25 69 69
25 70 50
25 71 22
25 72 42
25 73 62
25 74 33
26 1 20
26 2 58
26 3 67
26 4 42
26 5 35
26 6 39
26 7 33
26 8 55
26 9 62
26 10 19
26 11 30
26 12 59
26 13 8
26 14 37
26 15 64
26 16 74
26 17 13
26 18 43
26 19 40
26 20 6
26 21 65
26 22 12
26 23 41
26 24 7
26 25 54
26 26 1
26 27 48
26 28 50
26 29 9
26 30 24
26 31 16
26 32 32
26 33 31
26 34 72
26 35 34
26 36 11
26 37 70
26 38 27
26 39 51
26 40 22
26 41 28
26 42 52
26 43 63
26 44 23
26 45 49
26 46 66
26 47 44
26 48 60
26 49 18
26 50 73
26 51 3
26 52 38
26 53 61
26 54 15
26 55 5
26 56 47
26 57 14
26 58 17
26 59 21
26 60 10
26 61 36
26 62 0
26 63 2
26 64 25
26 65 56
26 66 45
26 67 4
26 68 68
26 69 46
26 70 57
26 71 29
26 72 69
26 73 53
26 74 71
27 1 59
27 2 24
27 3 61
27 4 73
27 5 65
27 6 7
27 7 32
27 8 0
27 9 51
27 10 9
27 11 16
27 12 67
27 13 56
27 14 64
27 15 11
27 16 49
27 17 19
27 18 2
27 19 58
27 20 23
27 21 40
27 22 1
27 23 25
27 24 13
27 25 55
27 26 39
27 27 35
27 28 47
27 29 3
27 30 30
27 31 72
27 32 38
27 33 36
27 34 46
27 35 66
27 36 54
27 37 5
27 38 14
27 39 53
27 40 21
27 41 26
27 42 44
27 43 17
27 44 10
27 45 52
27 46 34
27 47 37
27 48 4
27 49 62
27 50 57
27 51 28
27 52 22
27 53 45
27 54 31
27 55 63
27 56 70
27 57 15
27 58 12
27 59 8
27 60 71
27 61 29
27 62 43
27 63 50
27 64 74
27 65 6
27 66 42
27 67 69
27 68 68
27 69 33
27 70 18
27 71 60
27 72 20
27 73 48
27 74 41
28 1 55
28 2 54
28 3 57
28 4 18
28 5 48
28 6 27
28 7 41
28 8 73
28 9 42
28 10 4
28 11 53
28 12 58
28 13 60
28 14 52
28 15 25
28 16 35
28 17 31
28 18 14
28 19 47
28 20 46
28 21 51
28 22 67
28 23 66
28 24 71
28 25 72
28 26 45
28 27 24
28 28 7
28 29 40
28 30 8
28 31 1
28 32 74
28 33 30
28 34 2
28 35 38
28 36 43
28 37 36
28 38 0
28 39 12
28 40 17
28 41 29
28 42 33
28 43 19
28 44 49
28 45 13
28 46 10
28 47 20
28 48 63
28 49 6
28 50 26
28 51 34
28 52 64
28 53 5
28 54 68
28 55 39
28 56 70
28 57 62
28 58 23
28 59 37
28 60 59
28 61 61
28 62 44
28 63 3
28 64 32
28 65 21
28 66 15
28 67 56
28 68 50
28 69 65
28 70 9
28 71 69
28 72 22
28 73 11
28 74 16
29 1 7
29 2 0
29 3 74
29 4 68
29 5 53
29 6 5
29 7 10
29 8 42
29 9 11
29 10 20
29 11 44
29 12 25
29 13 58
29 14 57
29 15 21
29 16 63
29 17 52
29 18 50
29 19 67
29 20 14
29 21 15
29 22 24
29 23 30
29 24 23
29 25 3
29 26 65
29 27 9
29 28 19
29 29 43
29 30 47
29 31 49
29 32 2
29 33 60
29 34 8
29 35 32
29 36 12
29 37 40
29 38 72
29 39 70
29 40 38
29 41 22
29 42 71
29 43 41
29 44 17
29 45 6
29 46 28
29 47 39
29 48 27
29 49 51
29 50 31
29 51 66
29 52 33
29 53 13
29 54 61
29 55 48
29 56 69
29 57 64
29 58 46
29 59 37
29 60 16
29 61 54
29 62 35
29 63 56
29 64 36
29 65 55
29 66 4
29 67 45
29 68 1
29 69 26
29 70 59
29 71 73
29 72 18
29 73 62
29 74 34
30 1 72
30 2 49
30 3 46
30 4 45
30 5 55
30 6 22
30 7 10
30 8 56
30 9 51
30 10 62
30 11 25
30 12 12
30 13 19
30 14 6
30 15 15
30 16 20
30 17 26
30 18 67
30 19 34
30 20 64
30 21 54
30 22 52
30 23 66
30 24 57
30 25 71
30 26 70
30 27 43
30 28 13
30 29 1
30 30 5
30 31 4
30 32 35
30 33 32
30 34 48
30 35 63
30 36 11
30 37 27
30 38 0
30 39 7
30 40 53
30 41 38
30 42 24
30 43 59
30 44 74
30 45 50
30 46 36
30 47 39
30 48 61
30 49 37
30 50 18
30 51 60
30 52 47
30 53 58
30 54 44
30 55 69
30 56 8
30 57 14
30 58 16
30 59 33
30 60 17
30 61 31
30 62 42
30 63 41
30 64 40
30 65 65
30 66 3
30 67 73
30 68 29
30 69 28
30 70 68
30 71 23
30 72 21
30 73 9
30 74 2
31 1 16
31 2 46
31 3 66
31 4 42
31 5 23
31 6 60
31 7 11
31 8 8
31 9 51
31 10 17
31 11 70
31 12 37
31 13 0
31 14 48
31 15 71
31 16 61
31 17 64
31 18 7
31 19 55
31 20 13
31 21 39
31 22 43
31 23 20
31 24 41
31 25 10
31 26 67
31 27 58
31 28 12
31 29 18
31 30 33
31 31 53
31 32 15
31 33 59
31 34 49
31 35 3
31 36 5
31 37 62
31 38 24
31 39 54
31 40 63
31 41 74
31 42 1
31 43 21
31 44 52
31 45 25
31 46 57
31 47 47
31 48 32
31 49 72
31 50 45
31 51 4
31 52 35
31 53 50
31 54 44
31 55 22
31 56 26
31 57 40
31 58 69
31 59 2
31 60 28
31 61 19
31 62 68
31 63 56
31 64 6
31 65 30
31 66 9
31 67 38
31 68 73
31 69 14
31 70 34
31 71 36
31 72 29
31 73 27
31 74 65
32 1 18
32 2 66
32 3 29
32 4 33
32 5 17
32 6 1
32 7 62
32 8 22
32 9 31
32 10 16
32 11 67
32 12 74
32 13 54
32 14 9
32 15 51
32 16 57
32 17 14
32 18 44
32 19 2
32 20 60
32 21 52
32 22 73
32 23 11
32 24 7
32 25 15
32 26 20
32 27 50
32 28 48
32 29 59
32 30 71
32 31 10
32 32 13
32 33 63
32 34 30
32 35 69
32 36 27
32 37 36
32 38 43
32 39 47
32 40 41
32 41 49
32 42 28
32 43 56
32 44 25
32 45 3
32 46 58
32 47 12
32 48 42
32 49 39
32 50 64
32 51 45
32 52 34
32 53 24
32 54 4
32 55 6
32 56 23
32 57 8
32 58 0
32 59 70
32 60 37
32 61 65
32 62 68
32 63 26
32 64 5
32 65 19
32 66 61
32 67 35
32 68 72
32 69 40
32 70 55
32 71 46
32 72 53
32 73 38
32 74 21
33 1 66
33 2 59
33 3 39
33 4 45
33 5 12
33 6 4
33 7 53
33 8 35
33 9 41
33 10 68
33 11 8
33 12 46
33 13 73
33 14 17
33 15 34
33 16 11
33 17 50
33 18 72
33 19 26
33 20 27
33 21 7
33 22 74
33 23 63
33 24 1
33 25 20
33 26 16
33 27 9
33 28 44
33 29 29
33 30 18
33 31 38
33 32 42
33 33 15
33 34 62
33 35 14
33 36 54
33 37 57
33 38 69
33 39 3
33 40 21
33 41 64
33 42 65
33 43 40
33 44 60
33 45 61
33 46 28
33 47 10
33 48 5
33 49 31
33 50 22
33 51 70
33 52 71
33 53 55
33 54 47
33 55 67
33 56 32
33 57 19
33 58 56
33 59 51
33 60 36
33 61 13
33 62 0
33 63 24
33 64 52
33 65 37
33 66 23
33 67 58
33 68 25
33 69 49
33 70 43
33 71 48
33 72 6
33 73 30
33 74 2
34 1 36
34 2 72
34 3 59
34 4 35
34 5 31
34 6 7
34 7 71
34 8 60
34 9 16
34 10 33
34 11 30
34 12 67
34 13 21
34 14 26
34 15 12
34 16 10
34 17 9
34 18 5
34 19 46
34 20 61
34 21 2
34 22 27
34 23 8
34 24 58
34 25 29
34 26 55
34 27 64
34 28 6
34 29 57
34 30 25
34 31 53
34 32 22
34 33 39
34 34 44
34 35 65
34 36 43
34 37 51
34 38 56
34 39 15
34 40 24
34 41 66
34 42 0
34 43 28
34 44 13
34 45 20
34 46 62
34 47 41
34 48 49
34 49 74
34 50 14
34 51 17
34 52 50
34 53 1
34 54 3
34 55 70
34 56 54
34 57 47
34 58 69
34 59 23
34 60 18
34 61 11
34 62 40
34 63 32
34 64 68
34 65 38
34 66 52
34 67 73
34 68 42
34 69 63
34 70 37
34 71 19
34 72 4
34 73 45
34 74 48
35 1 37
35 2 32
35 3 57
35 4 63
35 5 54
35 6 36
35 7 24
35 8 51
35 9 73
35 10 27
35 11 64
35 12 14
35 13 41
35 14 12
35 15 43
35 16 70
35 17 74
35 18 71
35 19 69
35 20 21
35 21 67
35 22 50
35 23 5
35 24 66
35 25 22
35 26 1
35 27 29
35 28 65
35 29 28
35 30 56
35 31 19
35 32 48
35 33 26
35 34 59
35 35 62
35 36 18
35 37 15
35 38 52
35 39 31
35 40 9
35 41 55
35 42 11
35 43 6
35 44 46
35 45 44
35 46 16
35 47 38
35 48 60
35 49 7
35 50 23
35 51 58
35 52 47
35 53 39
35 54 20
35 55 8
35 56 49
35 57 72
35 58 3
35 59 4
35 60 13
35 61 53
35 62 33
35 63 45
35 64 25
35 65 17
35 66 40
35 67 61
35 68 2
35 69 0
35 70 30
35 71 34
35 72 10
35 73 42
35 74 68
36 1 46
36 2 61
36 3 64
36 4 24
36 5 73
36 6 1
36 7 17
36 8 72
36 9 26
36 10 68
36 11 42
36 12 69
36 13 11
36 14 70
36 15 34
36 16 27
36 17 6
36 18 58
36 19 7
36 20 43
36 21 19
36 22 40
36 23 66
36 24 48
36 25 30
36 26 29
36 27 38
36 28 0
36 29 5
36 30 21
36 31 22
36 32 60
36 33 15
36 34 62
36 35 23
36 36 44
36 37 39
36 38 8
36 39 57
36 40 13
36 41 71
36 42 37
36 43 4
36 44 52
36 45 9
36 46 25
36 47 53
36 48 3
36 49 50
36 50 33
36 51 67
36 52 55
36 53 16
36 54 54
36 55 35
36 56 28
36 57 2
36 58 14
36 59 59
36 60 20
36 61 18
36 62 12
36 63 49
36 64 10
36 65 56
36 66 65
36 67 47
36 68 41
36 69 51
36 70 74
36 71 45
36 72 31
36 73 32
36 74 63
37 1 46
37 2 64
37 3 3
37 4 9
37 5 63
37 6 35
37 7 43
37 8 24
37 9 5
37 10 36
37 11 70
37 12 6
37 13 18
37 14 38
37 15 47
37 16 19
37 17 23
37 18 25
37 19 44
37 20 74
37 21 31
37 22 57
37 23 72
37 24 62
37 25 14
37 26 12
37 27 59
37 28 50
37 29 41
37 30 42
37 31 45
37 32 39
37 33 28
37 34 27
37 35 48
37 36 30
37 37 61
37 38 20
37 39 73
37 40 60
37 41 4
37 42 55
37 43 16
37 44 0
37 45 11
37 46 2
37 47 69
37 48 67
37 49 54
37 50 52
37 51 49
37 52 68
37 53 10
37 54 34
37 55 7
37 56 22
37 57 66
37 58 13
37 59 40
37 60 15
37 61 58
37 62 51
37 63 53
37 64 17
37 65 8
37 66 56
37 67 65
37 68 26
37 69 33
37 70 71
37 71 32
37 72 29
37 73 21
37 74 1
38 1 23
38 2 7
38 3 60
38 4 9
38 5 30
38 6 63
38 7 16
38 8 62
38 9 4
38 10 41
38 11 22
38 12 18
38 13 59
38 14 29
38 15 64
38 16 73
38 17 65
38 18 35
38 19 44
38 20 40
38 21 45
38 22 32
38 23 42
38 24 48
38 25 25
38 26 15
38 27 55
38 28 27
38 29 67
38 30 17
38 31 37
38 32 43
38 33 57
38 34 14
38 35 52
38 36 31
38 37 47
38 38 61
38 39 49
38 40 13
38 41 24
38 42 68
38 43 12
38 44 26
38 45 33
38 46 5
38 47 71
38 48 72
38 49 2
38 50 11
38 51 34
38 52 66
38 53 70
38 54 28
38 55 69
38 56 51
38 57 54
38 58 46
38 59 0
38 60 6
38 61 19
38 62 39
38 63 74
38 64 8
38 65 3
38 66 53
38 67 56
38 68 21
38 69 10
38 70 36
38 71 1
38 72 58
38 73 20
38 74 50
39 1 64
39 2 23
39 3 29
39 4 11
39 5 69
39 6 9
39 7 57
39 8 60
39 9 50
39 10 27
39 11 65
39 12 43
39 13 36
39 14 26
39 15 7
39 16 12
39 17 30
39 18 32
39 19 46
39 20 68
39 21 15
39 22 41
39 23 55
39 24 2
39 25 73
39 26 35
39 27 6
39 28 62
39 29 49
39 30 67
39 31 59
39 32 0
39 33 28
39 34 56
39 35 48
39 36 31
39 37 58
39 38 10
39 39 1
39 40 19
39 41 51
39 42 18
39 43 66
39 44 22
39 45 54
39 46 61
39 47 44
39 48 37
39 49 14
39 50 63
39 51 25
39 52 40
39 53 13
39 54 3
39 55 8
39 56 24
39 57 38
39 58 5
39 59 70
39 60 52
39 61 47
39 62 34
39 63 21
39 64 4
39 65 20
39 66 45
39 67 71
39 68 72
39 69 42
39 70 17
39 71 53
39 72 16
39 73 33
39 74 74
40 1 12
40 2 74
40 3 65
40 4 22
40 5 63
40 6 10
40 7 69
40 8 9
40 9 56
40 10 2
40 11 31
40 12 34
40 13 35
40 14 48
40 15 62
40 16 49
40 17 24
40 18 59
40 19 46
40 20 14
40 21 44
40 22 16
40 23 15
40 24 60
40 25 32
40 26 64
40 27 68
40 28 58
40 29 71
40 30 37
40 31 0
40 32 41
40 33 53
40 34 72
40 35 17
40 36 45
40 37 50
40 38 28
40 39 51
40 40 27
40 41 52
40 42 19
40 43 25
40 44 6
40 45 7
40 46 47
40 47 43
40 48 11
40 49 38
40 50 21
40 51 20
40 52 42
40 53 33
40 54 70
40 55 73
40 56 39
40 57 26
40 58 4
40 59 13
40 60 55
40 61 66
40 62 54
40 63 18
40 64 67
40 65 30
40 66 3
40 67 36
40 68 57
40 69 61
40 70 1
40 71 8
40 72 23
40 73 5
40 74 29
41 1 30
41 2 23
41 3 0
41 4 63
41 5 34
41 6 40
41 7 55
41 8 50
41 9 20
41 10 9
41 11 43
41 12 42
41 13 17
41 14 7
41 15 60
41 16 39
41 17 69
41 18 13
41 19 16
41 20 6
41 21 45
41 22 33
41 23 22
41 24 59
41 25 65
41 26 4
41 27 61
41 28 14
41 29 47
41 30 67
41 31 12
41 32 28
41 33 8
41 34 73
41 35 74
41 36 48
41 37 35
41 38 44
41 39 38
41 40 49
41 41 3
41 42 18
41 43 21
41 44 66
41 45 29
41 46 64
41 47 1
41 48 72
41 49 27
41 50 15
41 51 58
41 52 57
41 53 70
41 54 32
41 55 2
41 56 25
41 57 71
41 58 10
41 59 36
41 60 37
41 61 24
41 62 52
41 63 5
41 64 31
41 65 53
41 66 54
41 67 68
41 68 62
41 69 11
41 70 46
41 71 51
41 72 56
41 73 26
41 74 19
42 1 22
42 2 1
42 3 48
42 4 59
42 5 55
42 6 68
42 7 43
42 8 6
42 9 66
42 10 31
42 11 67
42 12 50
42 13 64
42 14 51
42 15 34
42 16 12
42 17 26
42 18 41
42 19 60
42 20 5
42 21 0
42 22 18
42 23 10
42 24 46
42 25 2
42 26 39
42 27 74
42 28 29
42 29 45
42 30 17
42 31 73
42 32 37
42 33 38
42 34 8
42 35 69
42 36 3
42 37 25
42 38 23
42 39 58
42 40 14
42 41 21
42 42 49
42 43 36
42 44 27
42 45 44
42 46 28
42 47 47
42 48 53
42 49 11
42 50 52
42 51 33
42 52 40
42 53 16
42 54 4
42 55 19
42 56 13
42 57 62
42 58 35
42 59 15
42 60 20
42 61 71
42 62 61
42 63 9
42 64 24
42 65 65
42 66 56
42 67 7
42 68 72
42 69 63
42 70 54
42 71 70
42 72 57
42 73 30
42 74 32
43 1 46
43 2 62
43 3 50
43 4 68
43 5 47
43 6 55
43 7 10
43 8 19
43 9 15
43 10 17
43 11 58
43 12 52
43 13 20
43 14 56
43 15 31
43 16 9
43 17 72
43 18 60
43 19 70
43 20 1
43 21 74
43 22 45
43 23 65
43 24 54
43 25 64
43 26 28
43 27 67
43 28 22
43 29 21
43 30 44
43 31 34
43 32 32
43 33 8
43 34 33
43 35 6
43 36 71
43 37 7
43 38 29
43 39 27
43 40 11
43 41 35
43 42 61
43 43 18
43 44 36
43 45 40
43 46 13
43 47 39
43 48 59
43 49 66
43 50 3
43 51 38
43 52 23
43 53 42
43 54 26
43 55 73
43 56 51
43 57 25
43 58 48
43 59 37
43 60 41
43 61 63
43 62 14
43 63 69
43 64 0
43 65 5
43 66 24
43 67 30
43 68 12
43 69 4
43 70 16
43 71 2
43 72 57
43 73 53
43 74 49
44 1 36
44 2 17
44 3 29
44 4 40
44 5 5
44 6 21
44 7 52
44 8 16
44 9 70
44 10 61
44 11 55
44 12 25
44 13 37
44 14 47
44 15 64
44 16 63
44 17 34
44 18 14
44 19 48
44 20 10
44 21 56
44 22 6
44 23 68
44 24 49
44 25 58
44 26 27
44 27 28
44 28 39
44 29 43
44 30 46
44 31 24
44 32 7
44 33 9
44 34 8
44 35 59
44 36 72
44 37 2
44 38 51
44 39 4
44 40 35
44 41 38
44 42 67
44 43 71
44 44 19
44 45 32
44 46 20
44 47 13
44 48 69
44 49 53
44 50 74
44 51 50
44 52 42
44 53 11
44 54 3
44 55 0
44 56 45
44 57 57
44 58 1
44 59 31
44 60 15
44 61 65
44 62 18
44 63 73
44 64 26
44 65 23
44 66 33
44 67 41
44 68 30
44 69 22
44 70 54
44 71 66
44 72 60
44 73 12
44 74 62
45 1 39
45 2 36
45 3 9
45 4 15
45 5 25
45 6 60
45 7 28
45 8 18
45 9 30
45 10 37
45 11 57
45 12 48
45 13 54
45 14 22
45 15 33
45 16 0
45 17 43
45 18 63
45 19 44
45 20 55
45 21 47
45 22 67
45 23 6
45 24 13
45 25 49
45 26 40
45 27 21
45 28 68
45 29 52
45 30 66
45 31 46
45 32 53
45 33 24
45 34 70
45 35 50
45 36 2
45 37 1
45 38 69
45 39 31
45 40 20
45 41 41
45 42 51
45 43 14
45 44 65
45 45 16
45 46 73
45 47 5
45 48 38
45 49 11
45 50 56
45 51 74
45 52 42
45 53 27
45 54 62
45 55 12
45 56 71
45 57 7
45 58 19
45 59 26
45 60 58
45 61 17
45 62 59
45 63 61
45 64 35
45 65 10
45 66 29
45 67 32
45 68 23
45 69 8
45 70 72
45 71 64
45 72 34
45 73 3
45 74 4
46 1 68
46 2 43
46 3 48
46 4 56
46 5 35
46 6 31
46 7 32
46 8 42
46 9 50
46 10 14
46 11 9
46 12 15
46 13 45
46 14 74
46 15 10
46 16 27
46 17 39
46 18 13
46 19 3
46 20 44
46 21 70
46 22 1
46 23 63
46 24 20
46 25 57
46 26 25
46 27 47
46 28 66
46 29 52
46 30 4
46 31 22
46 32 18
46 33 58
46 34 69
46 35 29
46 36 5
46 37 21
46 38 8
46 39 40
46 40 23
46 41 60
46 42 7
46 43 62
46 44 16
46 45 64
46 46 34
46 47 24
46 48 61
46 49 59
46 50 41
46 51 30
46 52 0
46 53 65
46 54 51
46 55 73
46 56 38
46 57 19
46 58 12
46 59 2
46 60 17
46 61 26
46 62 67
46 63 11
46 64 36
46 65 54
46 66 72
46 67 28
46 68 71
46 69 49
46 70 6
46 71 37
46 72 55
46 73 53
46 74 33
47 1 40
47 2 58
47 3 68
47 4 39
47 5 9
47 6 11
47 7 50
47 8 1
47 9 43
47 10 7
47 11 2
47 12 49
47 13 31
47 14 16
47 15 25
47 16 54
47 17 56
47 18 28
47 19 17
47 20 36
47 21 53
47 22 72
47 23 13
47 24 34
47 25 59
47 26 52
47 27 48
47 28 55
47 29 15
47 30 46
47 31 8
47 32 0
47 33 27
47 34 60
47 35 30
47 36 71
47 37 29
47 38 4
47 39 67
47 40 10
47 41 38
47 42 5
47 43 18
47 44 57
47 45 6
47 46 26
47 47 37
47 48 20
47 49 74
47 50 70
47 51 64
47 52 12
47 53 44
47 54 32
47 55 45
47 56 51
47 57 35
47 58 61
47 59 73
47 60 62
47 61 22
47 62 19
47 63 23
47 64 21
47 65 63
47 66 41
47 67 69
47 68 14
47 69 3
47 70 42
47 71 24
47 72 33
47 73 65
47 74 66
48 1 56
48 2 70
48 3 21
48 4 62
48 5 39
48 6 9
48 7 27
48 8 15
48 9 30
48 10 69
48 11 73
48 12 31
48 13 7
48 14 60
48 15 13
48 16 55
48 17 71
48 18 61
48 19 19
48 20 33
48 21 26
48 22 74
48 23 50
48 24 11
48 25 59
48 26 35
48 27 20
48 28 32
48 29 1
48 30 24
48 31 40
48 32 6
48 33 49
48 34 43
48 35 64
48 36 12
48 37 44
48 38 36
48 39 52
48 40 53
48 41 5
48 42 18
48 43 47
48 44 38
48 45 42
48 46 22
48 47 58
48 48 10
48 49 25
48 50 54
48 51 16
48 52 46
48 53 4
48 54 51
48 55 65
48 56 0
48 57 57
48 58 63
48 59 68
48 60 37
48 61 34
48 62 29
48 63 8
48 64 45
48 65 67
48 66 17
48 67 23
48 68 72
48 69 41
48 70 66
48 71 3
48 72 14
48 73 2
48 74 28
49 1 15
49 2 26
49 3 58
49 4 59
49 5 0
49 6 55
49 7 62
49 8 2
49 9 32
49 10 30
49 11 13
49 12 8
49 13 74
49 14 48
49 15 24
49 16 21
49 17 47
49 18 68
49 19 7
49 20 53
49 21 25
49 22 56
49 23 45
49 24 4
49 25 63
49 26 69
49 27 14
49 28 33
49 29 57
49 30 20
49 31 12
49 32 43
49 33 22
49 34 40
49 35 72
49 36 35
49 37 42
49 38 27
49 39 67
49 40 51
49 41 29
49 42 70
49 43 46
49 44 41
49 45 50
49 46 73
49 47 3
49 48 11
49 49 31
49 50 64
49 51 52
49 52 10
49 53 61
49 54 16
49 55 9
49 56 17
49 57 5
49 58 36
49 59 19
49 60 44
49 61 1
49 62 66
49 63 6
49 64 38
49 65 54
49 66 23
49 67 39
49 68 37
49 69 71
49 70 65
49 71 28
49 72 18
49 73 60
49 74 34
50 1 35
50 2 36
50 3 46
50 4 68
50 5 20
50 6 2
50 7 64
50 8 8
50 9 7
50 10 38
50 11 27
50 12 51
50 13 23
50 14 37
50 15 65
50 16 49
50 17 52
50 18 57
50 19 18
50 20 22
50 21 12
50 22 15
50 23 69
50 24 21
50 25 3
50 26 14
50 27 39
50 28 33
50 29 32
50 30 19
50 31 71
50 32 60
50 33 40
50 34 53
50 35 28
50 36 67
50 37 34
50 38 41
50 39 72
50 40 16
50 41 25
50 42 74
50 43 4
50 44 59
50 45 11
50 46 17
50 47 63
50 48 45
50 49 1
50 50 31
50 51 47
50 52 61
50 53 70
50 54 48
50 55 44
50 56 54
50 57 43
50 58 5
50 59 56
50 60 9
50 61 62
50 62 55
50 63 24
50 64 6
50 65 58
50 66 10
50 67 66
50 68 13
50 69 26
50 70 30
50 71 73
50 72 0
50 73 42
50 74 29
51 1 1
51 2 74
51 3 69
51 4 31
51 5 53
51 6 39
51 7 11
51 8 54
51 9 67
51 10 2
51 11 9
51 12 45
51 13 20
51 14 60
51 15 70
51 16 28
51 17 15
51 18 59
51 19 18
51 20 46
51 21 24
51 22 66
51 23 50
51 24 47
51 25 40
51 26 64
51 27 36
51 28 52
51 29 38
51 30 43
51 31 6
51 32 71
51 33 68
51 34 41
51 35 49
51 36 25
51 37 27
51 38 56
51 39 57
51 40 72
51 41 48
51 42 10
51 43 7
51 44 62
51 45 19
51 46 65
51 47 3
51 48 0
51 49 17
51 50 44
51 51 29
51 52 35
51 53 34
51 54 21
51 55 42
51 56 4
51 57 32
51 58 5
51 59 37
51 60 16
51 61 55
51 62 58
51 63 30
51 64 14
51 65 13
51 66 12
51 67 8
51 68 63
51 69 22
51 70 73
51 71 61
51 72 26
51 73 23
51 74 33
52 1 72
52 2 5
52 3 69
52 4 73
52 5 16
52 6 46
52 7 57
52 8 9
52 9 37
52 10 50
52 11 38
52 12 30
52 13 32
52 14 21
52 15 18
52 16 66
52 17 49
52 18 51
52 19 56
52 20 54
52 21 3
52 22 25
52 23 63
52 24 58
52 25 14
52 26 40
52 27 68
52 28 60
52 29 19
52 30 8
52 31 47
52 32 7
52 33 41
52 34 29
52 35 34
52 36 15
52 37 26
52 38 59
52 39 24
52 40 6
52 41 33
52 42 13
52 43 64
52 44 65
52 45 10
52 46 55
52 47 39
52 48 4
52 49 53
52 50 62
52 51 70
52 52 31
52 53 23
52 54 17
52 55 67
52 56 36
52 57 27
52 58 35
52 59 44
52 60 45
52 61 22
52 62 11
52 63 2
52 64 28
52 65 48
52 66 43
52 67 0
52 68 71
52 69 20
52 70 12
52 71 42
52 72 61
52 73 1
52 74 74
53 1 35
53 2 15
53 3 10
53 4 67
53 5 70
53 6 42
53 7 27
53 8 30
53 9 22
53 10 66
53 11 18
53 12 24
53 13 7
53 14 32
53 15 71
53 16 47
53 17 50
53 18 29
53 19 65
53 20 8
53 21 12
53 22 23
53 23 28
53 24 21
53 25 44
53 26 61
53 27 72
53 28 16
53 29 33
53 30 5
53 31 54
53 32 38
53 33 37
53 34 2
53 35 43
53 36 64
53 37 19
53 38 39
53 39 52
53 40 1
53 41 9
53 42 36
53 43 56
53 44 4
53 45 60
53 46 74
53 47 13
53 48 45
53 49 51
53 50 31
53 51 68
53 52 69
53 53 20
53 54 63
53 55 57
53 56 17
53 57 40
53 58 46
53 59 58
53 60 34
53 61 73
53 62 48
53 63 3
53 64 6
53 65 25
53 66 49
53 67 55
53 68 41
53 69 62
53 70 0
53 71 59
53 72 11
53 73 26
53 74 14
54 1 58
54 2 14
54 3 25
54 4 23
54 5 44
54 6 11
54 7 7
54 8 10
54 9 70
54 10 17
54 11 61
54 12 0
54 13 29
54 14 30
54 15 12
54 16 69
54 17 66
54 18 9
54 19 8
54 20 15
54 21 37
54 22 1
54 23 42
54 24 39
54 25 35
54 26 33
54 27 36
54 28 52
54 29 53
54 30 18
54 31 46
54 32 72
54 33 40
54 34 68
54 35 71
54 36 24
54 37 3
54 38 65
54 39 63
54 40 74
54 41 31
54 42 26
54 43 6
54 44 20
54 45 43
54 46 19
54 47 27
54 48 32
54 49 16
54 50 60
54 51 13
54 52 47
54 53 2
54 54 48
54 55 67
54 56 57
54 57 38
54 58 59
54 59 62
54 60 73
54 61 22
54 62 21
54 63 64
54 64 56
54 65 49
54 66 51
54 67 41
54 68 50
54 69 45
54 70 4
54 71 34
54 72 28
54 73 5
54 74 55
55 1 26
55 2 59
55 3 72
55 4 37
55 5 2
55 6 21
55 7 32
55 8 3
55 9 34
55 10 56
55 11 8
55 12 1
55 13 57
55 14 17
55 15 61
55 16 18
55 17 71
55 18 70
55 19 69
55 20 53
55 21 6
55 22 33
55 23 65
55 24 47
55 25 68
55 26 40
55 27 54
55 28 35
55 29 23
55 30 24
55 31 58
55 32 4
55 33 10
55 34 12
55 35 63
55 36 60
55 37 74
55 38 7
55 39 20
55 40 25
55 41 43
55 42 39
55 43 48
55 44 15
55 45 22
55 46 46
55 47 50
55 48 5
55 49 42
55 50 29
55 51 73
55 52 30
55 53 62
55 54 38
55 55 45
55 56 66
55 57 64
55 58 51
55 59 52
55 60 44
55 61 49
55 62 67
55 63 11
55 64 16
55 65 41
55 66 19
55 67 31
55 68 27
55 69 28
55 70 0
55 71 36
55 72 13
55 73 14
55 74 9
56 1 29
56 2 24
56 3 23
56 4 9
56 5 22
56 6 69
56 7 54
56 8 18
56 9 60
56 10 4
56 11 0
56 12 70
56 13 14
56 14 19
56 15 32
56 16 48
56 17 44
56 18 64
56 19 10
56 20 57
56 21 15
56 22 42
56 23 66
56 24 62
56 25 61
56 26 52
56 27 31
56 28 38
56 29 51
56 30 40
56 31 39
56 32 34
56 33 65
56 34 49
56 35 33
56 36 12
56 37 46
56 38 45
56 39 73
56 40 74
56 41 53
56 42 7
56 43 50
56 44 27
56 45 43
56 46 17
56 47 28
56 48 25
56 49 71
56 50 21
56 51 58
56 52 37
56 53 6
56 54 30
56 55 47
56 56 11
56 57 55
56 58 68
56 59 3
56 60 20
56 61 16
56 62 36
56 63 2
56 64 1
56 65 5
56 66 72
56 67 41
56 68 13
56 69 63
56 70 59
56 71 8
56 72 67
56 73 35
56 74 26
57 1 18
57 2 23
57 3 62
57 4 0
57 5 74
57 6 56
57 7 34
57 8 29
57 9 46
57 10 27
57 11 64
57 12 66
57 13 15
57 14 13
57 15 4
57 16 60
57 17 25
57 18 58
57 19 69
57 20 38
57 21 63
57 22 31
57 23 52
57 24 24
57 25 45
57 26 19
57 27 61
57 28 36
57 29 20
57 30 50
57 31 48
57 32 28
57 33 17
57 34 70
57 35 55
57 36 30
57 37 39
57 38 2
57 39 16
57 40 14
57 41 10
57 42 40
57 43 53
57 44 44
57 45 32
57 46 22
57 47 43
57 48 59
57 49 41
57 50 35
57 51 72
57 52 5
57 53 51
57 54 67
57 55 8
57 56 49
57 57 6
57 58 9
57 59 73
57 60 71
57 61 3
57 62 65
57 63 7
57 64 11
57 65 1
57 66 54
57 67 33
57 68 26
57 69 68
57 70 12
57 71 47
57 72 42
57 73 37
57 74 21
58 1 24
58 2 42
58 3 5
58 4 64
58 5 11
58 6 71
58 7 72
58 8 35
58 9 12
58 10 8
58 11 69
58 12 0
58 13 41
58 14 40
58 15 34
58 16 28
58 17 49
58 18 67
58 19 59
58 20 52
58 21 1
58 22 50
58 23 10
58 24 38
58 25 56
58 26 62
58 27 73
58 28 65
58 29 27
58 30 21
58 31 9
58 32 55
58 33 51
58 34 14
58 35 68
58 36 15
58 37 66
58 38 17
58 39 74
58 40 46
58 41 2
58 42 54
58 43 37
58 44 26
58 45 19
58 46 7
58 47 60
58 48 57
58 49 39
58 50 43
58 51 29
58 52 23
58 53 70
58 54 53
58 55 30
58 56 20
58 57 63
58 58 3
58 59 44
58 60 22
58 61 47
58 62 36
58 63 33
58 64 18
58 65 4
58 66 45
58 67 48
58 68 13
58 69 32
58 70 25
58 71 31
58 72 16
58 73 6
58 74 61
59 1 34
59 2 29
59 3 1
59 4 18
59 5 4
59 6 71
59 7 6
59 8 66
59 9 28
59 10 70
59 11 42
59 12 63
59 13 36
59 14 23
59 15 56
59 16 38
59 17 68
59 18 72
59 19 32
59 20 2
59 21 45
59 22 50
59 23 62
59 24 52
59 25 20
59 26 64
59 27 73
59 28 44
59 29 21
59 30 22
59 31 25
59 32 47
59 33 58
59 34 12
59 35 51
59 36 57
59 37 33
59 38 13
59 39 10
59 40 16
59 41 5
59 42 7
59 43 26
59 44 55
59 45 48
59 46 11
59 47 41
59 48 17
59 49 15
59 50 40
59 51 49
59 52 0
59 53 8
59 54 30
59 55 9
59 56 39
59 57 24
59 58 69
59 59 43
59 60 74
59 61 35
59 62 46
59 63 31
59 64 61
59 65 27
59 66 3
59 67 53
59 68 19
59 69 65
59 70 60
59 71 14
59 72 67
59 73 54
59 74 37
60 1 0
60 2 24
60 3 8
60 4 12
60 5 4
60 6 41
60 7 56
60 8 21
60 9 64
60 10 46
60 11 9
60 12 39
60 13 2
60 14 59
60 15 45
60 16 22
60 17 66
60 18 52
60 19 35
60 20 43
60 21 38
60 22 47
60 23 68
60 24 67
60 25 27
60 26 62
60 27 72
60 28 51
60 29 31
60 30 44
60 31 26
60 32 57
60 33 20
60 34 74
60 35 5
60 36 10
60 37 14
60 38 61
60 39 15
60 40 33
60 41 71
60 42 53
60 43 42
60 44 63
60 45 1
60 46 40
60 47 50
60 48 48
60 49 17
60 50 49
60 51 28
60 52 73
60 53 23
60 54 29
60 55 25
60 56 19
60 57 18
60 58 16
60 59 32
60 60 54
60 61 34
60 62 3
60 63 58
60 64 70
60 65 7
60 66 55
60 67 36
60 68 13
60 69 30
60 70 6
60 71 69
60 72 65
60 73 37
60 74 11
61 1 55
61 2 2
61 3 18
61 4 68
61 5 16
61 6 58
61 7 29
61 8 35
61 9 43
61 10 62
61 11 54
61 12 64
61 13 40
61 14 44
61 15 47
61 16 67
61 17 38
61 18 36
61 19 0
61 20 60
61 21 69
61 22 23
61 23 48
61 24 6
61 25 34
61 26 25
61 27 7
61 28 65
61 29 39
61 30 31
61 31 9
61 32 3
61 33 70
61 34 52
61 35 17
61 36 10
61 37 45
61 38 59
61 39 1
61 40 28
61 41 13
61 42 20
61 43 4
61 44 42
61 45 22
61 46 19
61 47 63
61 48 56
61 49 57
61 50 50
61 51 41
61 52 51
61 53 46
61 54 33
61 55 5
61 56 11
61 57 15
61 58 8
61 59 32
61 60 72
61 61 30
61 62 24
61 63 12
61 64 37
61 65 26
61 66 49
61 67 53
61 68 74
61 69 21
61 70 14
61 71 66
61 72 27
61 73 71
61 74 73
62 1 39
62 2 42
62 3 17
62 4 74
62 5 60
62 6 44
62 7 57
62 8 58
62 9 46
62 10 45
62 11 24
62 12 40
62 13 30
62 14 3
62 15 15
62 16 8
62 17 56
62 18 47
62 19 9
62 20 13
62 21 12
62 22 4
62 23 0
62 24 14
62 25 67
62 26 21
62 27 29
62 28 63
62 29 23
62 30 32
62 31 49
62 32 43
62 33 22
62 34 16
62 35 70
62 36 55
62 37 20
62 38 10
62 39 54
62 40 61
62 41 26
62 42 25
62 43 35
62 44 6
62 45 50
62 46 59
62 47 28
62 48 65
62 49 68
62 50 52
62 51 5
62 52 7
62 53 38
62 54 53
62 55 72
62 56 71
62 57 18
62 58 1
62 59 34
62 60 11
62 61 36
62 62 31
62 63 73
62 64 69
62 65 37
62 66 19
62 67 66
62 68 33
62 69 27
62 70 2
62 71 51
62 72 41
62 73 64
62 74 48
63 1 38
63 2 15
63 3 56
63 4 44
63 5 27
63 6 26
63 7 47
63 8 65
63 9 57
63 10 72
63 11 70
63 12 7
63 13 55
63 14 16
63 15 32
63 16 5
63 17 8
63 18 37
63 19 4
63 20 23
63 21 33
63 22 62
63 23 2
63 24 71
63 25 48
63 26 60
63 27 19
63 28 0
63 29 67
63 30 24
63 31 50
63 32 30
63 33 31
63 34 13
63 35 61
63 36 35
63 37 1
63 38 41
63 39 39
63 40 73
63 41 51
63 42 58
63 43 66
63 44 40
63 45 18
63 46 11
63 47 45
63 48 68
63 49 28
63 50 9
63 51 12
63 52 25
63 53 22
63 54 54
63 55 69
63 56 74
63 57 49
63 58 59
63 59 20
63 60 14
63 61 3
63 62 6
63 63 52
63 64 21
63 65 42
63 66 36
63 67 17
63 68 10
63 69 29
63 70 43
63 71 53
63 72 34
63 73 46
63 74 64
64 1 43
64 2 39
64 3 72
64 4 6
64 5 5
64 6 8
64 7 68
64 8 73
64 9 27
64 10 21
64 11 60
64 12 7
64 13 54
64 14 40
64 15 23
64 16 53
64 17 33
64 18 48
64 19 62
64 20 4
64 21 14
64 22 50
64 23 11
64 24 12
64 25 17
64 26 9
64 27 1
64 28 45
64 29 22
64 30 32
64 31 71
64 32 52
64 33 61
64 34 34
64 35 56
64 36 51
64 37 20
64 38 70
64 39 69
64 40 55
64 41 13
64 42 47
64 43 16
64 44 65
64 45 37
64 46 66
64 47 15
64 48 59
64 49 49
64 50 44
64 51 46
64 52 10
64 53 35
64 54 18
64 55 36
64 56 2
64 57 31
64 58 38
64 59 3
64 60 24
64 61 74
64 62 29
64 63 28
64 64 0
64 65 25
64 66 30
64 67 57
64 68 19
64 69 42
64 70 26
64 71 67
64 72 63
64 73 58
64 74 41
65 1 59
65 2 28
65 3 33
65 4 52
65 5 26
65 6 3
65 7 43
65 8 40
65 9 14
65 10 63
65 11 24
65 12 12
65 13 2
65 14 61
65 15 56
65 16 34
65 17 4
65 18 30
65 19 0
65 20 66
65 21 1
65 22 27
65 23 51
65 24 35
65 25 23
65 26 47
65 27 60
65 28 46
65 29 17
65 30 41
65 31 53
65 32 31
65 33 57
65 34 49
65 35 9
65 36 48
65 37 5
65 38 68
65 39 71
65 40 45
65 41 19
65 42 6
65 43 74
65 44 70
65 45 55
65 46 54
65 47 13
65 48 18
65 49 29
65 50 16
65 51 44
65 52 69
65 53 22
65 54 37
65 55 73
65 56 50
65 57 62
65 58 21
65 59 11
65 60 32
65 61 67
65 62 7
65 63 64
65 64 10
65 65 38
65 66 8
65 67 15
65 68 42
65 69 20
65 70 58
65 71 72
65 72 39
65 73 36
65 74 25
66 1 47
66 2 12
66 3 26
66 4 52
66 5 3
66 6 37
66 7 62
66 8 14
66 9 0
66 10 19
66 11 50
66 12 17
66 13 41
66 14 64
66 15 45
66 16 73
66 17 29
66 18 51
66 19 63
66 20 40
66 21 25
66 22 30
66 23 72
66 24 24
66 25 39
66 26 48
66 27 31
66 28 20
66 29 43
66 30 34
66 31 46
66 32 13
66 33 35
66 34 18
66 35 42
66 36 68
66 37 5
66 38 9
66 39 23
66 40 36
66 41 59
66 42 58
66 43 67
66 44 21
66 45 49
66 46 6
66 47 38
66 48 71
66 49 54
66 50 10
66 51 60
66 52 70
66 53 32
66 54 15
66 55 69
66 56 4
66 57 11
66 58 65
66 59 16
66 60 1
66 61 2
66 62 53
66 63 22
66 64 28
66 65 55
66 66 7
66 67 8
66 68 57
66 69 27
66 70 33
66 71 56
66 72 74
66 73 61
66 74 44
67 1 4
67 2 59
67 3 44
67 4 10
67 5 9
67 6 43
67 7 49
67 8 66
67 9 5
67 10 47
67 11 19
67 12 41
67 13 42
67 14 32
67 15 52
67 16 68
67 17 3
67 18 65
67 19 71
67 20 56
67 21 70
67 22 46
67 23 40
67 24 51
67 25 30
67 26 50
67 27 53
67 28 48
67 29 1
67 30 72
67 31 39
67 32 18
67 33 26
67 34 15
67 35 24
67 36 8
67 37 60
67 38 23
67 39 21
67 40 34
67 41 12
67 42 6
67 43 31
67 44 63
67 45 45
67 46 29
67 47 33
67 48 7
67 49 20
67 50 37
67 51 17
67 52 28
67 53 22
67 54 14
67 55 0
67 56 58
67 57 74
67 58 13
67 59 54
67 60 16
67 61 25
67 62 61
67 63 69
67 64 73
67 65 35
67 66 2
67 67 62
67 68 38
67 69 27
67 70 36
67 71 55
67 72 11
67 73 57
67 74 64
68 1 29
68 2 42
68 3 34
68 4 55
68 5 1
68 6 46
68 7 12
68 8 3
68 9 74
68 10 73
68 11 71
68 12 43
68 13 39
68 14 66
68 15 52
68 16 28
68 17 27
68 18 61
68 19 11
68 20 13
68 21 59
68 22 8
68 23 16
68 24 48
68 25 4
68 26 41
68 27 18
68 28 20
68 29 63
68 30 24
68 31 17
68 32 49
68 33 50
68 34 72
68 35 62
68 36 60
68 37 15
68 38 64
68 39 65
68 40 37
68 41 33
68 42 36
68 43 2
68 44 54
68 45 21
68 46 10
68 47 69
68 48 14
68 49 0
68 50 58
68 51 23
68 52 9
68 53 53
68 54 22
68 55 57
68 56 5
68 57 7
68 58 25
68 59 56
68 60 19
68 61 31
68 62 44
68 63 70
68 64 38
68 65 30
68 66 32
68 67 35
68 68 51
68 69 6
68 70 40
68 71 67
68 72 47
68 73 26
68 74 45
69 1 62
69 2 22
69 3 65
69 4 74
69 5 31
69 6 70
69 7 73
69 8 61
69 9 1
69 10 11
69 11 39
69 12 40
69 13 53
69 14 54
69 15 44
69 16 60
69 17 50
69 18 4
69 19 3
69 20 21
69 21 63
69 22 19
69 23 41
69 24 48
69 25 64
69 26 37
69 27 46
69 28 13
69 29 56
69 30 8
69 31 18
69 32 6
69 33 38
69 34 7
69 35 24
69 36 36
69 37 12
69 38 17
69 39 66
69 40 25
69 41 43
69 42 49
69 43 42
69 44 29
69 45 23
69 46 57
69 47 0
69 48 30
69 49 9
69 50 16
69 51 2
69 52 5
69 53 45
69 54 32
69 55 52
69 56 14
69 57 68
69 58 26
69 59 67
69 60 15
69 61 71
69 62 33
69 63 59
69 64 47
69 65 10
69 66 51
69 67 20
69 68 35
69 69 27
69 70 58
69 71 55
69 72 28
69 73 72
69 74 34
70 1 50
70 2 57
70 3 12
70 4 8
70 5 3
70 6 34
70 7 23
70 8 47
70 9 73
70 10 55
70 11 28
70 12 40
70 13 0
70 14 5
70 15 44
70 16 71
70 17 37
70 18 7
70 19 36
70 20 2
70 21 27
70 22 22
70 23 24
70 24 16
70 25 18
70 26 58
70 27 68
70 28 42
70 29 15
70 30 56
70 31 11
70 32 10
70 33 9
70 34 20
70 35 31
70 36 4
70 37 54
70 38 52
70 39 51
70 40 62
70 41 64
70 42 43
70 43 67
70 44 35
70 45 6
70 46 13
70 47 39
70 48 38
70 49 66
70 50 21
70 51 1
70 52 14
70 53 17
70 54 59
70 55 65
70 56 53
70 57 45
70 58 60
70 59 61
70 60 30
70 61 72
70 62 41
70 63 46
70 64 74
70 65 33
70 66 25
70 67 48
70 68 63
70 69 19
70 70 29
70 71 26
70 72 69
70 73 32
70 74 49
71 1 11
71 2 70
71 3 14
71 4 26
71 5 32
71 6 68
71 7 34
71 8 28
71 9 47
71 10 31
71 11 43
71 12 39
71 13 56
71 14 2
71 15 46
71 16 17
71 17 27
71 18 1
71 19 57
71 20 67
71 21 6
71 22 37
71 23 45
71 24 63
71 25 64
71 26 16
71 27 22
71 28 41
71 29 69
71 30 62
71 31 58
71 32 55
71 33 30
71 34 66
71 35 3
71 36 8
71 37 21
71 38 49
71 39 73
71 40 74
71 41 40
71 42 72
71 43 36
71 44 50
71 45 51
71 46 65
71 47 20
71 48 42
71 49 60
71 50 59
71 51 19
71 52 7
71 53 52
71 54 53
71 55 48
71 56 44
71 57 13
71 58 29
71 59 5
71 60 4
71 61 33
71 62 23
71 63 25
71 64 12
71 65 10
71 66 9
71 67 54
71 68 61
71 69 35
71 70 38
71 71 0
71 72 18
71 73 15
71 74 24
72 1 49
72 2 15
72 3 48
72 4 37
72 5 47
72 6 7
72 7 0
72 8 53
72 9 1
72 10 12
72 11 44
72 12 52
72 13 4
72 14 30
72 15 60
72 16 69
72 17 20
72 18 56
72 19 64
72 20 10
72 21 65
72 22 33
72 23 29
72 24 34
72 25 28
72 26 51
72 27 21
72 28 70
72 29 39
72 30 57
72 31 16
72 32 67
72 33 2
72 34 63
72 35 32
72 36 11
72 37 5
72 38 45
72 39 3
72 40 14
72 41 27
72 42 19
72 43 50
72 44 74
72 45 36
72 46 55
72 47 59
72 48 41
72 49 31
72 50 54
72 51 38
72 52 8
72 53 40
72 54 73
72 55 46
72 56 66
72 57 6
72 58 18
72 59 35
72 60 58
72 61 22
72 62 62
72 63 9
72 64 13
72 65 61
72 66 43
72 67 68
72 68 25
72 69 42
72 70 26
72 71 23
72 72 17
72 73 71
72 74 24
73 1 72
73 2 30
73 3 10
73 4 62
73 5 39
73 6 0
73 7 17
73 8 13
73 9 7
73 10 1
73 11 70
73 12 32
73 13 24
73 14 21
73 15 27
73 16 74
73 17 37
73 18 22
73 19 15
73 20 36
73 21 44
73 22 41
73 23 20
73 24 42
73 25 63
73 26 43
73 27 29
73 28 6
73 29 19
73 30 28
73 31 64
73 32 40
73 33 14
73 34 31
73 35 5
73 36 50
73 37 9
73 38 49
73 39 60
73 40 2
73 41 53
73 42 34
73 43 18
73 44 61
73 45 16
73 46 23
73 47 67
73 48 69
73 49 11
73 50 12
73 51 65
73 52 3
73 53 4
73 54 66
73 55 51
73 56 45
73 57 8
73 58 55
73 59 59
73 60 38
73 61 25
73 62 57
73 63 52
73 64 54
73 65 58
73 66 68
73 67 35
73 68 47
73 69 26
73 70 48
73 71 33
73 72 56
73 73 71
73 74 46
74 1 71
74 2 65
74 3 56
74 4 14
74 5 37
74 6 48
74 7 15
74 8 22
74 9 6
74 10 11
74 11 59
74 12 69
74 13 40
74 14 51
74 15 70
74 16 34
74 17 62
74 18 25
74 19 21
74 20 33
74 21 3
74 22 50
74 23 1
74 24 46
74 25 13
74 26 45
74 27 31
74 28 58
74 29 57
74 30 19
74 31 24
74 32 73
74 33 28
74 34 35
74 35 44
74 36 18
74 37 52
74 38 4
74 39 39
74 40 16
74 41 9
74 42 30
74 43 2
74 44 23
74 45 36
74 46 42
74 47 47
74 48 17
74 49 67
74 50 20
74 51 68
74 52 60
74 53 63
74 54 66
74 55 54
74 56 26
74 57 43
74 58 7
74 59 53
74 60 5
74 61 49
74 62 27
74 63 38
74 64 61
74 65 41
74 66 10
74 67 29
74 68 32
74 69 64
74 70 72
74 71 0
74 72 8
74 73 12
74 74 55