2560 4
1025 4
2073 4
3099 4
2591 4
1075 4
1588 4
2620 4
573 4
1600 4
2115 4
1109 4
1116 4
2142 4
3173 4
3174 4
3185 4
3188 4
122 4
1149 4
1150 4
1151 4
1157 4
2182 4
1672 4
2185 4
3209 4
3718 4
3719 4
3721 4
3725 4
2193 4
3730 4
3731 4
1172 4
1174 4
2710 4
2200 4
1694 4
3743 4
1186 4
676 4
3752 4
1711 4
179 4
2741 4
2761 4
2250 4
3286 4
733 4
2295 4
3839 4
3853 4
3372 4
1841 4
3386 4
1859 4
1860 4
3909 4
1862 4
3910 4
3917 4
3922 4
2394 4
369 4
375 4
2936 4
3449 4
2949 4
2952 4
1425 4
914 4
1427 4
2980 4
2982 4
1962 4
1963 4
1968 4
2997 4
950 4
3511 4
953 4
1982 4
449 4
450 4
4046 4
1493 4
1497 4
1498 4
1499 4
3547 4
3037 4
3553 4
1508 4
2532 4
4068 4
1000 4
1008 4
3058 4
3059 4
1014 4
3063 4
3066 4
2556 4
1023 4
1026 5
2562 5
2563 5
3593 5
1044 5
24 5
2072 5
3096 5
2592 5
2596 5
2087 5
4138 5
4139 5
3119 5
1074 5
1078 5
2621 5
1599 5
2622 5
1606 5
3654 5
1608 5
3655 5
1611 5
2559 5
1613 5
3068 5
1104 5
1105 5
639 5
1153 5
3197 5
1667 5
3716 5
135 5
2203 5
3228 5
677 5
3754 5
3243 5
2742 5
2239 5
3265 5
205 5
3283 5
2789 5
743 5
2287 5
3827 5
2806 5
2810 5
3849 5
2826 5
2326 5
2846 5
1311 5
2335 5
3872 5
2338 5
2851 5
2852 5
1829 5
811 5
1327 5
1839 5
1840 5
3387 5
2879 5
2368 5
1857 5
1858 5
3916 5
3418 5
351 5
352 5
2912 5
2915 5
2404 5
357 5
358 5
2917 5
3430 5
1386 5
364 5
365 5
1910 5
1914 5
1915 5
3450 5
3451 5
894 5
3964 5
3965 5
899 5
1430 5
2459 5
414 5
2465 5
3516 5
1511 5
2535 5
2536 5
3561 5
1006 5
3055 5
3056 5
