4103 2
4104 2
3594 2
1048 2
1561 2
26 2
27 2
2076 2
543 2
546 2
3113 2
46 2
2607 2
1073 2
65 2
3651 2
3652 2
70 2
71 2
2630 2
75 2
1101 2
78 2
80 2
81 2
1620 2
88 2
3164 2
93 2
3677 2
95 2
3679 2
3681 2
615 2
2155 2
113 2
1653 2
3193 2
1658 2
123 2
128 2
140 2
2190 2
2720 2
1699 2
164 2
2212 2
178 2
3765 2
3766 2
183 2
1727 2
1728 2
731 2
3291 2
2783 2
1765 2
3819 2
252 2
253 2
2303 2
2306 2
2307 2
2823 2
3850 2
272 2
3345 2
281 2
283 2
284 2
1310 2
3877 2
3878 2
1322 2
1323 2
302 2
820 2
2356 2
315 2
1854 2
832 2
321 2
834 2
839 2
1880 2
345 2
2922 2
3441 2
882 2
3442 2
884 2
379 2
380 2
1404 2
1405 2
1407 2
2443 2
3980 2
2959 2
3983 2
2449 2
3988 2
3990 2
2485 2
2487 2
2490 2
2503 2
1992 2
3534 2
2001 2
482 2
3048 2
491 2
492 2
495 2
4080 2
1028 3
1029 3
523 3
3595 3
4115 3
22 3
2075 3
2080 3
2081 3
547 3
1058 3
1059 3
3618 3
4146 3
4148 3
62 3
3683 3
3684 3
3685 3
106 3
114 3
628 3
124 3
3194 3
1668 3
3204 3
3207 3
141 3
2202 3
3231 3
165 3
3773 3
1217 3
2249 3
1229 3
3280 3
1234 3
2770 3
2771 3
2773 3
727 3
3804 3
3820 3
3821 3
238 3
3824 3
3825 3
3826 3
2803 3
244 3
245 3
1782 3
2293 3
2805 3
3321 3
1787 3
260 3
2309 3
267 3
3851 3
269 3
2848 3
3875 3
3876 3
293 3
1321 3
299 3
312 3
824 3
1855 3
1347 3
836 3
1350 3
1353 3
1356 3
3409 3
2386 3
339 3
851 3
1877 3
1879 3
3927 3
1896 3
1897 3
2410 3
3948 3
2926 3
880 3
2420 3
3953 3
1408 3
2950 3
3977 3
3466 3
3982 3
2450 3
2451 3
2452 3
1941 3
1436 3
3996 3
2475 3
4013 3
4023 3
3006 3
3007 3
3524 3
2501 3
3526 3
2504 3
2505 3
4037 3
3532 3
2516 3
4081 3
500 3
