0 13
1 13
2 13
3 13
4 13
5 13
6 28
7 13
8 13
9 16
10 8
11 8
12 29
13 13
14 13
15 7
16 24
17 1
18 13
19 7
20 16
21 14
22 25
23 25
24 11
25 25
26 16
27 16
28 16
29 13
30 16
31 16
32 25
33 15
34 16
35 16
36 11
37 16
38 16
39 16
40 19
41 24
42 15
43 22
44 11
45 7
46 16
47 16
48 23
49 24
50 16
51 16
52 16
53 8
54 16
55 29
56 16
57 16
58 16
59 16
60 16
61 8
62 16
63 16
64 16
65 16
66 15
67 24
68 24
69 24
70 24
71 24
72 23
73 24
74 25
75 24
76 25
77 23
78 25
79 24
80 25
81 22
82 25
83 25
84 25
85 25
86 24
87 24
88 25
89 24
90 24
91 23
92 23
93 23
94 25
95 25
96 19
97 23
98 19
99 25
100 23
101 23
102 22
103 23
104 23
105 25
106 17
107 17
108 17
109 25
110 17
111 29
112 16
113 17
114 17
115 17
116 20
117 3
118 17
119 5
120 17
121 16
122 17
123 17
124 17
125 17
126 11
127 18
128 29
129 17
130 22
131 17
132 17
133 9
134 17
135 17
136 17
137 18
138 2
139 17
140 17
141 7
142 17
143 20
144 18
145 18
146 28
147 28
148 28
149 28
150 28
151 28
152 18
153 28
154 18
155 28
156 28
157 23
158 18
159 28
160 28
161 28
162 28
163 13
164 18
165 19
166 19
167 19
168 19
169 19
170 19
171 19
172 19
173 19
174 24
175 19
176 19
177 19
178 19
179 5
180 22
181 19
182 19
183 19
184 12
185 12
186 12
187 19
188 12
189 11
190 12
191 11
192 12
193 12
194 12
195 12
196 12
197 12
198 12
199 12
200 12
201 12
202 14
203 12
204 12
205 11
206 12
207 11
208 12
209 8
210 8
211 8
212 7
213 0
214 12
215 12
216 12
217 14
218 11
219 14
220 28
221 11
222 4
223 11
224 11
225 26
226 11
227 11
228 8
229 20
230 14
231 27
232 27
233 27
234 27
235 27
236 26
237 27
238 24
239 24
240 24
241 24
242 24
243 24
244 24
245 22
246 24
247 24
248 24
249 24
250 24
251 24
252 24
253 24
254 24
255 24
256 22
257 23
258 23
259 23
260 23
261 23
262 23
263 23
264 23
265 23
266 23
267 23
268 23
269 23
270 23
271 23
272 23
273 23
274 23
275 23
276 23
277 23
278 23
279 15
280 23
281 23
282 23
283 23
284 23
285 5
286 23
287 23
288 23
289 23
290 23
291 23
292 23
293 23
294 23
295 23
296 6
297 23
298 23
299 23
300 23
301 23
302 24
303 24
304 24
305 25
306 24
307 24
308 24
309 24
310 25
311 24
312 25
313 20
314 25
315 24
316 24
317 24
318 26
319 26
320 26
321 24
322 24
323 24
324 24
325 24
326 24
327 24
328 24
329 18
330 24
331 22
332 24
333 24
334 24
335 24
336 24
337 24
338 24
339 24
340 24
341 26
342 24
343 12
344 26
345 24
346 24
347 11
348 11
349 8
350 8
351 11
352 11
353 14
354 21
355 8
356 11
357 11
358 13
359 11
360 11
361 14
362 11
363 7
364 11
365 11
366 11
367 11
368 2
369 2
370 10
371 1
372 11
373 10
374 8
375 18
376 25
377 25
378 18
379 25
380 25
381 25
382 8
383 8
384 8
385 8
386 8
387 8
388 8
389 8
390 8
391 8
392 8
393 10
394 8
395 8
396 8
397 8
398 7
399 8
400 10
401 8
402 10
403 8
404 8
405 8
406 8
407 8
408 8
409 8
410 28
411 8
412 8
413 8
414 10
415 10
416 10
417 10
418 10
419 10
420 10
421 10
422 10
423 10
424 10
425 10
426 10
427 10
428 13
429 10
430 10
431 28
432 28
433 19
434 28
435 28
436 28
437 28
438 28
439 28
440 28
441 28
442 28
443 28
444 1
445 1
446 1
447 1
448 1
449 1
450 1
451 1
452 1
453 1
454 1
455 1
456 1
457 1
458 1
459 1
460 21
461 1
462 1
463 1
464 1
465 21
466 1
467 1
468 1
469 1
470 1
471 1
472 1
473 1
474 1
475 9
476 9
477 1
478 18
479 18
480 18
481 18
482 18
483 18
484 18
485 20
486 18
487 24
488 24
489 24
490 24
491 19
492 24
493 6
494 24
495 24
496 24
497 24
498 7
499 28
500 24
501 24
502 24
503 24
504 28
505 25
506 24
507 22
508 22
509 13
510 13
511 24
512 26
513 24
514 22
515 24
516 22
517 18
518 27
519 22
520 23
521 22
522 23
523 22
524 23
525 23
526 22
527 22
528 22
529 23
530 22
531 22
532 23
533 23
534 22
535 23
536 22
537 22
538 23
539 5
540 23
541 23
542 22
543 22
544 23
545 23
546 23
547 22
548 1
549 25
550 25
551 1
552 25
553 26
554 25
555 23
556 25
557 25
558 25
559 25
560 22
561 17
562 17
563 8
564 16
565 8
566 18
567 8
568 8
569 8
570 8
571 8
572 26
573 3
574 8
575 8
576 7
577 8
578 8
579 8
580 8
581 11
582 11
583 11
584 11
585 11
586 11
587 11
588 29
589 29
590 29
591 29
592 29
593 29
594 28
595 28
596 28
597 28
598 28
599 22
600 28
601 0
602 28
603 28
604 23
605 22
606 23
607 22
608 23
609 23
610 23
611 22
612 22
613 22
614 22
615 22
616 19
617 23
618 23
619 14
620 14
621 14
622 14
623 14
624 14
625 14
626 7
627 14
628 24
629 14
630 14
631 18
632 18
633 28
634 18
635 18
636 20
637 20
638 20
639 20
640 20
641 20
642 20
643 20
644 20
645 16
646 20
647 20
648 20
649 20
650 7
651 20
652 20
653 20
654 20
655 20
656 10
657 2
658 28
659 28
660 2
661 2
662 2
663 22
664 22
665 25
666 20
667 24
668 18
669 20
670 24
671 20
672 26
673 24
674 24
675 18
676 10
677 11
678 15
679 11
680 11
681 11
682 11
683 21
684 11
685 11
686 11
687 11
688 15
689 8
690 15
691 8
692 11
693 28
694 28
695 28
696 28
697 14
698 28
699 28
700 10
701 7
702 28
703 20
704 27
705 28
706 28
707 28
708 0
709 0
710 0
711 0
712 0
713 0
714 0
715 0
716 0
717 0
718 3
719 0
720 12
721 0
722 3
723 0
724 23
725 23
726 23
727 23
728 24
729 28
730 28
731 28
732 22
733 17
734 13
735 28
736 28
737 6
738 21
739 28
740 28
741 6
742 22
743 5
744 28
745 28
746 28
747 17
748 17
749 17
750 17
751 17
752 22
753 17
754 17
755 10
756 10
757 28
758 17
759 28
760 17
761 17
762 26
763 3
764 26
765 3
766 26
767 26
768 26
769 26
770 26
771 26
772 26
773 26
774 26
775 26
776 14
777 14
778 14
779 14
780 14
781 14
782 14
783 10
784 10
785 10
786 10
787 10
788 10
789 10
790 10
791 10
792 22
793 22
794 22
795 2
796 22
797 2
798 2
799 2
800 2
801 2
802 2
803 21
804 2
805 2
806 11
807 11
808 11
809 9
810 4
811 11
812 14
813 14
814 14
815 14
816 14
817 16
818 16
819 16
820 16
821 16
822 16
823 16
824 16
825 16
826 16
827 16
828 13
829 13
830 13
831 13
832 22
833 22
834 18
835 18
836 18
837 18
838 18
839 18
840 18
841 18
842 18
843 18
844 9
845 9
846 9
847 18
848 18
849 18
850 19
851 18
852 18
853 8
854 20
855 20
856 20
857 20
858 20
859 28
860 28
861 25
862 25
863 25
864 27
865 27
866 27
867 27
868 26
869 27
870 27
871 27
872 27
873 27
874 26
875 27
876 27
877 23
878 23
879 23
880 23
881 23
882 23
883 23
884 22
885 22
886 22
887 22
888 12
889 12
890 12
891 28
892 12
893 9
894 9
895 12
896 28
897 9
898 9
899 9
900 9
901 9
902 9
903 9
904 11
905 9
906 9
907 9
908 9
909 9
910 7
911 8
912 7
913 10
914 9
915 8
916 7
917 7
918 7
919 7
920 7
921 7
922 7
923 7
924 7
925 8
926 8
927 26
928 0
929 11
930 11
931 4
932 8
933 8
934 26
935 8
936 8
937 8
938 8
939 26
940 2
941 8
942 18
943 7
944 6
945 6
946 6
947 6
948 2
949 6
950 6
951 6
952 6
953 6
954 6
955 6
956 6
957 6
958 6
959 6
960 5
961 6
962 6
963 5
964 5
965 5
966 5
967 5
968 5
969 5
970 5
971 5
972 5
973 19
974 5
975 19
976 5
977 3
978 5
979 17
980 17
981 17
982 17
983 17
984 17
985 17
986 13
987 17
988 17
989 17
990 17
991 17
992 17
993 13
994 13
995 13
996 13
997 13
998 13
999 13
1000 13
1001 13
1002 13
1003 13
1004 13
1005 13
1006 13
1007 13
1008 13
1009 13
1010 13
1011 13
1012 13
1013 13
1014 5
1015 5
1016 5
1017 3
1018 5
1019 5
1020 5
1021 15
1022 5
1023 5
1024 26
1025 5
1026 5
1027 16
1028 16
1029 16
1030 16
1031 16
1032 16
1033 16
1034 28
1035 28
1036 28
1037 28
1038 28
1039 28
1040 28
1041 28
1042 2
1043 13
1044 8
1045 12
1046 21
1047 8
1048 20
1049 20
1050 20
1051 0
1052 18
1053 0
1054 20
1055 22
1056 0
1057 0
1058 21
1059 0
1060 0
1061 0
1062 22
1063 0
1064 20
1065 19
1066 0
1067 21
1068 0
1069 25
1070 19
1071 19
1072 19
1073 19
1074 21
1075 21
1076 21
1077 21
1078 21
1079 21
1080 21
1081 21
1082 21
1083 21
1084 21
1085 21
1086 20
1087 20
1088 29
1089 28
1090 28
1091 28
1092 28
1093 29
1094 28
1095 29
1096 1
1097 28
1098 28
1099 28
1100 25
1101 25
1102 0
1103 0
1104 0
1105 0
1106 0
1107 0
1108 0
1109 0
1110 0
1111 0
1112 0
1113 0
1114 0
1115 0
1116 0
1117 4
1118 0
1119 0
1120 0
1121 0
1122 0
1123 16
1124 16
1125 16
1126 16
1127 16
1128 16
1129 26
1130 16
1131 16
1132 16
1133 17
1134 17
1135 17
1136 17
1137 17
1138 17
1139 17
1140 17
1141 17
1142 17
1143 17
1144 17
1145 17
1146 17
1147 17
1148 17
1149 17
1150 17
1151 17
1152 17
1153 17
1154 17
1155 17
1156 21
1157 21
1158 21
1159 21
1160 21
1161 21
1162 21
1163 21
1164 21
1165 23
1166 8
1167 12
1168 21
1169 21
1170 21
1171 21
1172 21
1173 21
1174 21
1175 21
1176 21
1177 25
1178 16
1179 16
1180 16
1181 16
1182 16
1183 16
1184 16
1185 16
1186 12
1187 12
1188 12
1189 12
1190 12
1191 12
1192 6
1193 6
1194 6
1195 6
1196 6
1197 6
1198 6
1199 6
1200 6
1201 6
1202 6
1203 13
1204 14
1205 13
1206 13
1207 13
1208 15
1209 13
1210 13
1211 13
1212 13
1213 13
1214 13
1215 13
1216 13
1217 0
1218 0
1219 0
1220 0
1221 0
1222 0
1223 0
1224 0
1225 0
1226 0
1227 0
1228 0
1229 18
1230 18
1231 18
1232 6
1233 18
1234 18
1235 18
1236 14
1237 14
1238 14
1239 14
1240 14
1241 14
1242 14
1243 14
1244 14
1245 14
1246 14
1247 14
1248 14
1249 14
1250 14
1251 14
1252 14
1253 14
1254 14
1255 14
1256 14
1257 14
1258 14
1259 14
1260 14
1261 14
1262 14
1263 14
1264 14
1265 14
1266 14
1267 14
1268 14
1269 14
1270 14
1271 14
1272 14
1273 14
1274 14
1275 14
1276 14
1277 14
1278 14
1279 28
1280 28
1281 28
1282 22
1283 22
1284 22
1285 22
1286 22
1287 14
1288 2
1289 2
1290 8
1291 11
1292 8
1293 8
1294 8
1295 8
1296 8
1297 8
1298 0
1299 0
1300 0
1301 0
1302 0
1303 0
1304 0
1305 0
1306 0
1307 0
1308 0
1309 0
1310 0
1311 9
1312 0
1313 0
1314 0
1315 0
1316 0
1317 9
1318 0
1319 0
1320 0
1321 0
1322 0
1323 0
1324 20
1325 20
1326 20
1327 20
1328 20
1329 20
1330 27
1331 27
1332 19
1333 19
1334 18
1335 19
1336 19
1337 19
1338 19
1339 19
1340 19
1341 26
1342 6
1343 29
1344 26
1345 19
1346 16
1347 19
1348 19
1349 19
1350 19
1351 22
1352 19
1353 19
1354 20
1355 20
1356 20
1357 20
1358 20
1359 20
1360 20
1361 20
1362 20
1363 20
1364 20
1365 20
1366 20
1367 12
1368 14
1369 14
1370 21
1371 14
1372 21
1373 14
1374 8
1375 8
1376 8
1377 8
1378 8
1379 8
1380 13
1381 22
1382 4
1383 4
1384 4
1385 4
1386 4
1387 4
1388 4
1389 4
1390 3
1391 4
1392 4
1393 4
1394 14
1395 4
1396 23
1397 11
1398 5
1399 4
1400 11
1401 5
1402 4
1403 28
1404 19
1405 19
1406 19
1407 22
1408 22
1409 22
1410 22
1411 22
1412 22
1413 22
1414 22
1415 13
1416 13
1417 13
1418 13
1419 13
1420 13
1421 13
1422 6
1423 5
1424 6
1425 5
1426 5
1427 5
1428 5
1429 5
1430 5
1431 5
1432 0
1433 0
1434 0
1435 0
1436 0
1437 0
1438 0
1439 11
1440 1
1441 11
1442 1
1443 2
1444 5
1445 5
1446 21
1447 11
1448 1
1449 2
1450 2
1451 2
1452 2
1453 2
1454 5
1455 2
1456 2
1457 2
1458 2
1459 2
1460 1
1461 1
1462 1
1463 1
1464 1
1465 1
1466 1
1467 1
1468 1
1469 1
1470 1
1471 1
1472 1
1473 1
1474 12
1475 12
1476 12
1477 12
1478 9
1479 12
1480 12
1481 12
1482 12
1483 12
1484 11
1485 12
1486 12
1487 12
1488 12
1489 11
1490 11
1491 3
1492 3
1493 3
1494 3
1495 3
1496 3
1497 3
1498 3
1499 3
1500 3
1501 3
1502 3
1503 2
1504 3
1505 3
1506 5
1507 3
1508 3
1509 10
1510 3
1511 6
1512 6
1513 6
1514 6
1515 4
1516 4
1517 4
1518 4
1519 26
1520 26
1521 11
1522 26
1523 7
1524 11
1525 26
1526 26
1527 26
1528 26
1529 26
1530 26
1531 26
1532 26
1533 29
1534 26
1535 26
1536 27
1537 27
1538 26
1539 26
1540 13
1541 26
1542 26
1543 26
1544 26
1545 26
1546 26
1547 26
1548 26
1549 26
1550 26
1551 26
1552 26
1553 13
1554 26
1555 26
1556 26
1557 18
1558 18
1559 16
1560 18
1561 22
1562 27
1563 3
1564 3
1565 3
1566 3
1567 3
1568 18
1569 22
1570 22
1571 22
1572 19
1573 19
1574 19
1575 19
1576 12
1577 7
1578 7
1579 7
1580 7
1581 7
1582 7
1583 7
1584 7
1585 7
1586 7
1587 9
1588 9
1589 9
1590 9
1591 9
1592 12
1593 7
1594 7
1595 7
1596 7
1597 7
1598 29
1599 9
1600 9
1601 9
1602 9
1603 9
1604 9
1605 9
1606 9
1607 9
1608 9
1609 9
1610 9
1611 9
1612 9
1613 9
1614 9
1615 9
1616 9
1617 9
1618 8
1619 8
1620 0
1621 0
1622 7
1623 16
1624 16
1625 16
1626 16
1627 11
1628 11
1629 11
1630 11
1631 11
1632 11
1633 13
1634 13
1635 11
1636 11
1637 11
1638 11
1639 11
1640 11
1641 11
1642 11
1643 16
1644 16
1645 16
1646 16
1647 19
1648 19
1649 19
1650 19
1651 19
1652 19
1653 16
1654 16
1655 16
1656 22
1657 16
1658 16
1659 16
1660 16
1661 8
1662 8
1663 8
1664 8
1665 8
1666 13
1667 1
1668 18
1669 13
1670 13
1671 13
1672 18
1673 13
1674 14
1675 10
1676 24
1677 10
1678 10
1679 14
1680 14
1681 14
1682 14
1683 10
1684 10
1685 8
1686 22
1687 22
1688 27
1689 29
1690 13
1691 13
1692 2
1693 13
1694 6
1695 11
1696 5
1697 11
1698 22
1699 22
1700 22
1701 8
1702 8
1703 8
1704 8
1705 19
1706 6
1707 19
1708 19
1709 19
1710 17
1711 21
1712 22
1713 22
1714 22
1715 22
1716 12
1717 12
1718 12
1719 12
1720 12
1721 12
1722 12
1723 12
1724 12
1725 12
1726 12
1727 22
1728 22
1729 3
1730 26
1731 26
1732 26
1733 26
1734 26
1735 26
1736 26
1737 26
1738 26
1739 26
1740 26
1741 26
1742 26
1743 26
1744 26
1745 28
1746 28
1747 1
1748 4
1749 4
1750 4
1751 28
1752 28
1753 28
1754 1
1755 1
1756 19
1757 21
1758 19
1759 9
1760 27
1761 19
1762 19
1763 21
1764 19
1765 19
1766 11
1767 24
1768 0
1769 14
1770 27
1771 22
1772 26
1773 26
1774 26
1775 26
1776 26
1777 11
1778 11
1779 11
1780 19
1781 19
1782 19
1783 19
1784 19
1785 19
1786 19
1787 19
1788 19
1789 19
1790 19
1791 19
1792 19
1793 27
1794 27
1795 27
1796 27
1797 27
1798 27
1799 27
1800 27
1801 27
1802 27
1803 27
1804 27
1805 27
1806 27
1807 27
1808 0
1809 29
1810 29
1811 29
1812 29
1813 29
1814 10
1815 10
1816 10
1817 10
1818 10
1819 4
1820 4
1821 4
1822 4
1823 4
1824 4
1825 4
1826 14
1827 14
1828 14
1829 14
1830 26
1831 26
1832 26
1833 26
1834 27
1835 26
1836 27
1837 16
1838 16
1839 5
1840 5
1841 5
1842 5
1843 5
1844 5
1845 5
1846 5
1847 5
1848 5
1849 5
1850 23
1851 24
1852 23
1853 23
1854 27
1855 24
1856 21
1857 5
1858 21
1859 5
1860 0
1861 0
1862 0
1863 0
1864 1
1865 0
1866 5
1867 6
1868 0
1869 0
1870 0
1871 20
1872 20
1873 20
1874 20
1875 20
1876 20
1877 20
1878 20
1879 20
1880 20
1881 20
1882 20
1883 20
1884 20
1885 20
1886 20
1887 20
1888 20
1889 20
1890 20
1891 20
1892 20
1893 20
1894 20
1895 20
1896 20
1897 20
1898 20
1899 20
1900 20
1901 20
1902 20
1903 20
1904 20
1905 13
1906 8
1907 4
1908 4
1909 4
1910 4
1911 4
1912 18
1913 18
1914 18
1915 18
1916 8
1917 17
1918 0
1919 0
1920 17
1921 17
1922 17
1923 17
1924 26
1925 26
1926 29
1927 29
1928 18
1929 18
1930 1
1931 21
1932 21
1933 21
1934 21
1935 21
1936 25
1937 25
1938 17
1939 17
1940 17
1941 17
1942 19
1943 17
1944 11
1945 11
1946 12
1947 11
1948 11
1949 5
1950 10
1951 10
1952 10
1953 10
1954 10
1955 10
1956 10
1957 10
1958 10
1959 2
1960 9
1961 9
1962 9
1963 9
1964 9
1965 9
1966 9
1967 9
1968 9
1969 9
1970 9
1971 9
1972 9
1973 9
1974 9
1975 9
1976 9
1977 9
1978 9
1979 9
1980 10
1981 9
1982 9
1983 29
1984 29
1985 29
1986 7
1987 7
1988 7
1989 7
1990 3
1991 7
1992 19
1993 7
1994 18
1995 8
1996 8
1997 0
1998 16
1999 16
2000 22
2001 18
2002 26
2003 26
2004 26
2005 21
2006 22
2007 10
2008 22
2009 22
2010 11
2011 10
2012 10
2013 10
2014 10
2015 10
2016 18
2017 4
2018 4
2019 4
2020 4
2021 4
2022 2
2023 2
2024 2
2025 2
2026 2
2027 26
2028 26
2029 26
2030 7
2031 7
2032 7
2033 7
2034 19
2035 0
2036 0
2037 0
2038 13
2039 27
2040 27
2041 27
2042 12
2043 12
2044 12
2045 12
2046 12
2047 20
2048 7
2049 7
2050 20
2051 13
2052 7
2053 7
2054 6
2055 7
2056 9
2057 7
2058 7
2059 8
2060 8
2061 0
2062 0
2063 0
2064 0
2065 0
2066 4
2067 4
2068 4
2069 4
2070 4
2071 21
2072 4
2073 15
2074 3
2075 1
2076 1
2077 6
2078 1
2079 1
2080 1
2081 1
2082 12
2083 12
2084 12
2085 12
2086 12
2087 12
2088 22
2089 23
2090 22
2091 22
2092 22
2093 11
2094 11
2095 11
2096 12
2097 12
2098 12
2099 12
2100 12
2101 12
2102 12
2103 16
2104 16
2105 16
2106 15
2107 15
2108 15
2109 28
2110 28
2111 28
2112 28
2113 13
2114 11
2115 5
2116 11
2117 20
2118 20
2119 20
2120 20
2121 20
2122 20
2123 20
2124 4
2125 4
2126 4
2127 4
2128 4
2129 4
2130 4
2131 19
2132 19
2133 19
2134 17
2135 17
2136 17
2137 17
2138 1
2139 1
2140 13
2141 1
2142 4
2143 8
2144 8
2145 13
2146 8
2147 23
2148 1
2149 28
2150 13
2151 13
2152 28
2153 28
2154 16
2155 28
2156 28
2157 28
2158 28
2159 28
2160 19
2161 19
2162 13
2163 26
2164 26
2165 26
2166 26
2167 26
2168 26
2169 26
2170 26
2171 26
2172 17
2173 26
2174 27
2175 26
2176 9
2177 9
2178 9
2179 9
2180 9
2181 9
2182 9
2183 12
2184 12
2185 21
2186 21
2187 21
2188 23
2189 23
2190 23
2191 6
2192 6
2193 6
2194 6
2195 6
2196 6
2197 5
2198 24
2199 24
2200 1
2201 1
2202 25
2203 4
2204 11
2205 6
2206 11
2207 16
2208 16
2209 5
2210 5
2211 21
2212 21
2213 20
2214 19
2215 19
2216 19
2217 19
2218 29
2219 29
2220 29
2221 20
2222 14
2223 14
2224 14
2225 14
2226 19
2227 3
2228 3
2229 3
2230 3
2231 3
2232 3
2233 6
2234 6
2235 3
2236 3
2237 3
2238 3
2239 3
2240 3
2241 3
2242 3
2243 3
2244 4
2245 24
2246 24
2247 24
2248 24
2249 24
2250 17
2251 8
2252 14
2253 8
2254 14
2255 8
2256 8
2257 13
2258 13
2259 13
2260 13
2261 13
2262 13
2263 25
2264 9
2265 9
2266 13
2267 9
2268 9
2269 9
2270 9
2271 7
2272 7
2273 7
2274 7
2275 7
2276 7
2277 7
2278 7
2279 12
2280 12
2281 12
2282 4
2283 12
2284 15
2285 21
2286 21
2287 0
2288 15
2289 15
2290 15
2291 15
2292 15
2293 15
2294 28
2295 7
2296 7
2297 7
2298 7
2299 7
2300 9
2301 18
2302 18
2303 18
2304 18
2305 18
2306 18
2307 18
2308 18
2309 18
2310 4
2311 18
2312 12
2313 12
2314 11
2315 7
2316 7
2317 7
2318 7
2319 10
2320 10
2321 21
2322 10
2323 10
2324 10
2325 10
2326 5
2327 5
2328 5
2329 5
2330 5
2331 13
2332 13
2333 13
2334 13
2335 13
2336 13
2337 10
2338 4
2339 11
2340 11
2341 11
2342 11
2343 14
2344 24
2345 8
2346 8
2347 8
2348 8
2349 8
2350 7
2351 7
2352 8
2353 7
2354 12
2355 19
2356 19
2357 19
2358 19
2359 19
2360 19
2361 5
2362 13
2363 13
2364 5
2365 13
2366 20
2367 21
2368 21
2369 21
2370 21
2371 21
2372 21
2373 21
2374 5
2375 21
2376 21
2377 21
2378 21
2379 21
2380 21
2381 3
2382 3
2383 3
2384 3
2385 3
2386 19
2387 19
2388 8
2389 8
2390 17
2391 17
2392 17
2393 17
2394 17
2395 17
2396 17
2397 17
2398 18
2399 18
2400 18
2401 18
2402 18
2403 19
2404 19
2405 19
2406 19
2407 19
2408 24
2409 24
2410 24
2411 24
2412 24
2413 15
2414 24
2415 18
2416 7
2417 21
2418 4
2419 21
2420 21
2421 21
2422 21
2423 11
2424 21
2425 25
2426 27
2427 27
2428 29
2429 29
2430 29
2431 29
2432 28
2433 28
2434 26
2435 22
2436 22
2437 23
2438 22
2439 25
2440 22
2441 22
2442 22
2443 22
2444 22
2445 21
2446 22
2447 22
2448 22
2449 23
2450 23
2451 21
2452 25
2453 23
2454 22
2455 22
2456 23
2457 26
2458 27
2459 4
2460 4
2461 4
2462 17
2463 4
2464 4
2465 4
2466 4
2467 4
2468 4
2469 6
2470 6
2471 6
2472 21
2473 28
2474 28
2475 1
2476 1
2477 1
2478 1
2479 1
2480 18
2481 11
2482 20
2483 20
2484 20
2485 20
2486 20
2487 20
2488 18
2489 19
2490 25
2491 18
2492 18
2493 17
2494 17
2495 17
2496 17
2497 17
2498 18
2499 18
2500 18
2501 23
2502 23
2503 23
2504 23
2505 23
2506 23
2507 7
2508 7
2509 7
2510 7
2511 7
2512 7
2513 7
2514 20
2515 10
2516 27
2517 27
2518 1
2519 25
2520 2
2521 2
2522 2
2523 10
2524 7
2525 2
2526 2
2527 2
2528 2
2529 2
2530 2
2531 2
2532 5
2533 5
2534 15
2535 15
2536 15
2537 15
2538 6
2539 15
2540 15
2541 15
2542 15
2543 15
2544 15
2545 15
2546 15
2547 15
2548 15
2549 15
2550 15
2551 15
2552 15
2553 22
2554 22
2555 7
2556 20
2557 9
2558 9
2559 9
2560 9
2561 9
2562 9
2563 9
2564 13
2565 13
2566 13
2567 13
2568 13
2569 29
2570 29
2571 29
2572 29
2573 29
2574 29
2575 29
2576 29
2577 29
2578 29
2579 29
2580 3
2581 3
2582 14
2583 11
2584 11
2585 27
2586 11
2587 3
2588 3
2589 3
2590 3
2591 3
2592 5
2593 3
2594 3
2595 3
2596 0
2597 1
2598 1
2599 7
2600 7
2601 7
2602 20
2603 20
2604 2
2605 18
2606 18
2607 18
2608 18
2609 18
2610 18
2611 22
2612 10
2613 10
2614 10
2615 10
2616 10
2617 2
2618 2
2619 2
2620 2
2621 2
2622 2
2623 8
2624 2
2625 2
2626 25
2627 25
2628 25
2629 25
2630 25
2631 25
2632 25
2633 25
2634 25
2635 25
2636 27
2637 26
2638 27
2639 25
2640 14
2641 22
2642 10
2643 22
2644 10
2645 1
2646 1
2647 1
2648 1
2649 1
2650 1
2651 11
2652 28
2653 18
2654 18
2655 18
2656 3
2657 3
2658 3
2659 3
2660 3
2661 3
2662 3
2663 3
2664 3
2665 3
2666 10
2667 3
2668 3
2669 3
2670 3
2671 3
2672 3
2673 3
2674 3
2675 3
2676 3
2677 2
2678 2
2679 8
2680 7
2681 7
2682 9
2683 7
2684 7
2685 29
2686 29
2687 29
2688 29
2689 29
2690 29
2691 29
2692 29
2693 29
2694 29
2695 29
2696 29
2697 29
2698 29
2699 29
2700 29
2701 29
2702 29
2703 29
2704 2
2705 2
2706 2
2707 2
2708 2
2709 2
2710 2
2711 20
2712 11
2713 11
2714 20
2715 11
2716 11
2717 20
2718 18
2719 27
2720 18
2721 6
2722 6
2723 6
2724 6
2725 6
2726 6
2727 6
2728 5
2729 5
2730 5
2731 5
2732 5
2733 5
2734 5
2735 5
2736 5
2737 21
2738 2
2739 2
2740 2
2741 21
2742 2
2743 2
2744 2
2745 5
2746 5
2747 5
2748 11
2749 11
2750 11
2751 11
2752 11
2753 11
2754 11
2755 11
2756 9
2757 1
2758 1
2759 6
2760 6
2761 6
2762 6
2763 6
2764 11
2765 11
2766 5
2767 5
2768 5
2769 27
2770 25
2771 27
2772 27
2773 27
2774 22
2775 27
2776 22
2777 23
2778 23
2779 23
2780 23
2781 27
2782 27
2783 0
2784 7
2785 11
2786 6
2787 6
2788 9
2789 9
2790 9
2791 9
2792 9
2793 22
2794 28
2795 26
2796 26
2797 26
2798 26
2799 26
2800 26
2801 25
2802 25
2803 25
2804 25
2805 25
2806 18
2807 11
2808 18
2809 1
2810 1
2811 1
2812 1
2813 3
2814 3
2815 3
2816 3
2817 3
2818 3
2819 3
2820 4
2821 4
2822 4
2823 23
2824 0
2825 0
2826 0
2827 3
2828 3
2829 28
2830 28
2831 28
2832 28
2833 28
2834 28
2835 28
2836 28
2837 16
2838 9
2839 16
2840 29
2841 29
2842 29
2843 26
2844 26
2845 17
2846 17
2847 24
2848 19
2849 4
2850 4
2851 4
2852 4
2853 18
2854 18
2855 18
2856 18
2857 18
2858 18
2859 18
2860 7
2861 7
2862 7
2863 21
2864 25
2865 25
2866 25
2867 25
2868 13
2869 14
2870 14
2871 14
2872 14
2873 14
2874 14
2875 14
2876 14
2877 14
2878 14
2879 9
2880 14
2881 5
2882 14
2883 14
2884 26
2885 26
2886 11
2887 12
2888 12
2889 19
2890 19
2891 19
2892 19
2893 19
2894 0
2895 19
2896 19
2897 17
2898 17
2899 22
2900 22
2901 24
2902 22
2903 15
2904 15
2905 15
2906 15
2907 12
2908 10
2909 10
2910 10
2911 10
2912 9
2913 9
2914 15
2915 18
2916 11
2917 11
2918 8
2919 15
2920 15
2921 15
2922 15
2923 15
2924 15
2925 15
2926 22
2927 22
2928 22
2929 22
2930 22
2931 22
2932 24
2933 17
2934 24
2935 13
2936 13
2937 13
2938 4
2939 4
2940 4
2941 4
2942 4
2943 4
2944 4
2945 4
2946 4
2947 4
2948 4
2949 4
2950 19
2951 19
2952 13
2953 27
2954 27
2955 27
2956 29
2957 27
2958 27
2959 27
2960 27
2961 27
2962 27
2963 9
2964 9
2965 9
2966 21
2967 21
2968 21
2969 21
2970 21
2971 25
2972 25
2973 25
2974 25
2975 25
2976 25
2977 25
2978 25
2979 25
2980 9
2981 9
2982 9
2983 9
2984 9
2985 9
2986 9
2987 9
2988 13
2989 13
2990 28
2991 28
2992 28
2993 28
2994 11
2995 11
2996 14
2997 14
2998 24
2999 1
3000 1
3001 1
3002 1
3003 1
3004 1
3005 1
3006 24
3007 24
3008 24
3009 24
3010 24
3011 13
3012 9
3013 1
3014 1
3015 1
3016 1
3017 1
3018 1
3019 1
3020 12
3021 12
3022 12
3023 12
3024 12
3025 12
3026 12
3027 12
3028 12
3029 12
3030 23
3031 4
3032 4
3033 4
3034 12
3035 6
3036 21
3037 21
3038 21
3039 21
3040 21
3041 21
3042 21
3043 21
3044 21
3045 21
3046 21
3047 17
3048 17
3049 17
3050 9
3051 9
3052 9
3053 9
3054 29
3055 29
3056 29
3057 29
3058 29
3059 29
3060 29
3061 3
3062 16
3063 10
3064 10
3065 10
3066 5
3067 5
3068 5
3069 5
3070 5
3071 18
3072 29
3073 29
3074 29
3075 29
3076 29
3077 25
3078 25
3079 25
3080 25
3081 25
3082 11
3083 11
3084 14
3085 3
3086 3
3087 3
3088 3
3089 2
3090 6
3091 4
3092 4
3093 4
3094 10
3095 3
3096 3
3097 3
3098 18
3099 12
3100 20
3101 20
3102 0
3103 11
3104 24
3105 2
3106 2
3107 4
3108 4
3109 13
3110 13
3111 21
3112 21
3113 21
3114 21
3115 21
3116 26
3117 26
3118 26
3119 21
3120 1
3121 5
3122 21
3123 21
3124 26
3125 26
3126 26
3127 26
3128 7
3129 0
3130 0
3131 4
3132 4
3133 0
3134 27
3135 27
3136 27
3137 27
3138 27
3139 27
3140 27
3141 26
3142 26
3143 10
3144 10
3145 10
3146 7
3147 10
3148 10
3149 10
3150 10
3151 7
3152 10
3153 17
3154 0
3155 0
3156 12
3157 12
3158 28
3159 3
3160 3
3161 3
3162 3
3163 7
3164 23
3165 23
3166 23
3167 23
3168 5
3169 5
3170 29
3171 29
3172 29
3173 21
3174 21
3175 13
3176 13
3177 0
3178 0
3179 2
3180 28
3181 25
3182 22
3183 5
3184 5
3185 5
3186 5
3187 5
3188 5
3189 5
3190 18
3191 18
3192 18
3193 20
3194 20
3195 3
3196 3
3197 3
3198 3
3199 3
3200 13
3201 13
3202 0
3203 0
3204 27
3205 27
3206 27
3207 27
3208 27
3209 13
3210 13
3211 13
3212 6
3213 6
3214 6
3215 6
3216 13
3217 13
3218 13
3219 13
3220 13
3221 10
3222 10
3223 10
3224 10
3225 10
3226 10
3227 10
3228 10
3229 10
3230 19
3231 19
3232 19
3233 20
3234 20
3235 5
3236 5
3237 5
3238 6
3239 5
3240 5
3241 5
3242 6
3243 6
3244 16
3245 12
3246 12
3247 12
3248 6
3249 12
3250 10
3251 6
3252 6
3253 6
3254 6
3255 6
3256 6
3257 6
3258 6
3259 6
3260 6
3261 6
3262 6
3263 6
3264 6
3265 5
3266 14
3267 14
3268 12
3269 14
3270 21
3271 21
3272 21
3273 5
3274 10
3275 10
3276 10
3277 10
3278 10
3279 10
3280 9
3281 9
3282 5
3283 6
3284 2
3285 5
3286 6
3287 6
3288 6
3289 6
3290 6
3291 19
3292 27
3293 27
3294 27
3295 27
3296 25
3297 25
3298 25
3299 25
3300 25
3301 25
3302 7
3303 7
3304 7
3305 7
3306 7
3307 7
3308 7
3309 7
3310 7
3311 7
3312 7
3313 7
3314 7
3315 7
3316 7
3317 7
3318 10
3319 10
3320 10
3321 18
3322 26
3323 26
3324 5
3325 29
3326 29
3327 23
3328 23
3329 23
3330 23
3331 29
3332 14
3333 10
3334 23
3335 10
3336 23
3337 14
3338 17
3339 17
3340 17
3341 17
3342 22
3343 15
3344 15
3345 15
3346 15
3347 15
3348 15
3349 15
3350 15
3351 15
3352 15
3353 15
3354 15
3355 15
3356 15
3357 16
3358 23
3359 4
3360 4
3361 4
3362 4
3363 4
3364 15
3365 15
3366 15
3367 15
3368 15
3369 15
3370 15
3371 15
3372 15
3373 15
3374 24
3375 24
3376 7
3377 2
3378 2
3379 2
3380 2
3381 2
3382 2
3383 2
3384 2
3385 2
3386 14
3387 14
3388 14
3389 11
3390 11
3391 3
3392 3
3393 3
3394 3
3395 3
3396 3
3397 25
3398 25
3399 25
3400 25
3401 25
3402 25
3403 25
3404 25
3405 25
3406 25
3407 25
3408 25
3409 25
3410 26
3411 16
3412 16
3413 5
3414 5
3415 6
3416 6
3417 6
3418 6
3419 6
3420 12
3421 12
3422 14
3423 14
3424 11
3425 11
3426 11
3427 7
3428 7
3429 7
3430 6
3431 3
3432 3
3433 3
3434 24
3435 24
3436 4
3437 23
3438 23
3439 23
3440 19
3441 23
3442 23
3443 23
3444 23
3445 23
3446 23
3447 10
3448 3
3449 3
3450 3
3451 17
3452 16
3453 16
3454 16
3455 15
3456 15
3457 15
3458 15
3459 15
3460 15
3461 15
3462 15
3463 15
3464 15
3465 15
3466 15
3467 15
3468 15
3469 15
3470 15
3471 15
3472 15
3473 15
3474 15
3475 15
3476 15
3477 15
3478 15
3479 15
3480 15
3481 15
3482 15
3483 15
3484 15
3485 15
3486 28
3487 28
3488 28
3489 8
3490 8
3491 27
3492 27
3493 27
3494 27
3495 5
3496 5
3497 5
3498 5
3499 12
3500 2
3501 3
3502 3
3503 3
3504 27
3505 3
3506 3
3507 3
3508 3
3509 10
3510 10
3511 10
3512 9
3513 10
3514 10
3515 10
3516 10
3517 16
3518 16
3519 16
3520 16
3521 16
3522 16
3523 16
3524 16
3525 16
3526 16
3527 16
3528 16
3529 16
3530 16
3531 16
3532 16
3533 16
3534 16
3535 16
3536 16
3537 16
3538 16
3539 16
3540 18
3541 18
3542 18
3543 17
3544 21
3545 21
3546 21
3547 21
3548 23
3549 23
3550 11
3551 4
3552 4
3553 4
3554 8
3555 8
3556 8
3557 6
3558 6
3559 19
3560 1
3561 1
3562 1
3563 1
3564 23
3565 23
3566 23
3567 23
3568 23
3569 5
3570 5
3571 5
3572 8
3573 19
3574 19
3575 6
3576 6
3577 6
3578 6
3579 6
3580 6
3581 6
3582 6
3583 6
3584 6
3585 6
3586 6
3587 9
3588 23
3589 6
3590 22
3591 21
3592 3
3593 18
3594 24
3595 24
3596 19
3597 29
3598 21
3599 27
3600 27
3601 25
3602 15
3603 0
3604 3
3605 2
3606 2
3607 2
3608 2
3609 2
3610 5
3611 7
3612 7
3613 16
3614 16
3615 16
3616 16
3617 20
3618 20
3619 4
3620 4
3621 25
3622 18
3623 18
3624 12
3625 12
3626 12
3627 12
3628 12
3629 12
3630 2
3631 2
3632 2
3633 2
3634 2
3635 2
3636 2
3637 2
3638 4
3639 4
3640 13
3641 13
3642 13
3643 15
3644 15
3645 15
3646 15
3647 15
3648 15
3649 15
3650 15
3651 15
3652 15
3653 6
3654 6
3655 6
3656 26
3657 20
3658 29
3659 29
3660 29
3661 29
3662 29
3663 29
3664 29
3665 29
3666 29
3667 29
3668 29
3669 29
3670 29
3671 29
3672 29
3673 29
3674 29
3675 29
3676 29
3677 29
3678 29
3679 29
3680 29
3681 29
3682 29
3683 29
3684 29
3685 29
3686 29
3687 29
3688 29
3689 29
3690 29
3691 29
3692 29
3693 29
3694 29
3695 10
3696 6
3697 3
3698 1
3699 1
3700 1
3701 1
3702 27
3703 19
3704 18
3705 18
3706 18
3707 29
3708 19
3709 19
3710 4
3711 4
3712 4
3713 21
3714 21
3715 4
3716 4
3717 4
3718 4
3719 4
3720 1
3721 3
3722 3
3723 3
3724 3
3725 9
3726 5
3727 5
3728 5
3729 28
3730 9
3731 9
3732 6
3733 29
3734 15
3735 15
3736 15
3737 15
3738 1
3739 1
3740 1
3741 1
3742 1
3743 1
3744 17
3745 17
3746 17
3747 17
3748 17
3749 17
3750 17
3751 17
3752 17
3753 17
3754 17
3755 17
3756 4
3757 4
3758 27
3759 27
3760 27
3761 27
3762 0
3763 2
3764 2
3765 24
3766 24
3767 24
3768 21
3769 21
3770 21
3771 21
3772 7
3773 10
3774 10
3775 2
3776 2
3777 2
3778 2
3779 2
3780 15
3781 18
3782 27
3783 27
3784 12
3785 12
3786 12
3787 12
3788 12
3789 2
3790 2
3791 2
3792 29
3793 29
3794 6
3795 6
3796 6
3797 15
3798 15
3799 15
3800 21
3801 21
3802 21
3803 19
3804 15
3805 15
3806 21
3807 9
3808 10
3809 22
3810 22
3811 22
3812 22
3813 22
3814 22
3815 13
3816 5
3817 6
3818 14
3819 25
3820 25
3821 25
3822 25
3823 25
3824 25
3825 25
3826 25
3827 4
3828 4
3829 19
3830 19
3831 29
3832 29
3833 3
3834 12
3835 12
3836 9
3837 20
3838 20
3839 20
3840 28
3841 28
3842 28
3843 28
3844 28
3845 28
3846 4
3847 4
3848 4
3849 5
3850 20
3851 20
3852 21
3853 5
3854 18
3855 16
3856 12
3857 12
3858 12
3859 14
3860 14
3861 14
3862 14
3863 7
3864 7
3865 7
3866 9
3867 1
3868 1
3869 1
3870 1
3871 1
3872 1
3873 14
3874 27
3875 27
3876 27
3877 27
3878 27
3879 27
3880 27
3881 27
3882 27
3883 27
3884 25
3885 2
3886 2
3887 2
3888 2
3889 2
3890 16
3891 4
3892 4
3893 6
3894 24
3895 24
3896 24
3897 24
3898 24
3899 0
3900 6
3901 6
3902 6
3903 6
3904 6
3905 6
3906 6
3907 6
3908 17
3909 17
3910 17
3911 17
3912 29
3913 29
3914 20
3915 20
3916 2
3917 2
3918 2
3919 2
3920 2
3921 2
3922 2
3923 2
3924 2
3925 1
3926 1
3927 1
3928 0
3929 0
3930 0
3931 0
3932 0
3933 24
3934 2
3935 2
3936 2
3937 11
3938 11
3939 11
3940 11
3941 4
3942 4
3943 4
3944 4
3945 1
3946 7
3947 21
3948 21
3949 21
3950 3
3951 24
3952 10
3953 20
3954 19
3955 2
3956 8
3957 8
3958 8
3959 8
3960 8
3961 16
3962 16
3963 12
3964 20
3965 5
3966 26
3967 0
3968 28
3969 28
3970 28
3971 28
3972 27
3973 27
3974 27
3975 27
3976 27
3977 27
3978 27
3979 27
3980 27
3981 27
3982 27
3983 27
3984 27
3985 27
3986 27
3987 28
3988 19
3989 19
3990 19
3991 10
3992 22
3993 22
3994 22
3995 20
3996 24
3997 24
3998 14
3999 14
4000 14
4001 17
4002 17
4003 17
4004 3
4005 21
4006 21
4007 15
4008 15
4009 15
4010 15
4011 15
4012 18
4013 18
4014 19
4015 10
4016 7
4017 29
4018 0
4019 8
4020 8
4021 8
4022 24
4023 27
4024 27
4025 27
4026 7
4027 20
4028 12
4029 12
4030 12
4031 2
4032 2
4033 2
4034 4
4035 8
4036 8
4037 24
4038 24
4039 18
4040 18
4041 18
4042 18
4043 18
4044 3
4045 3
4046 14
4047 14
4048 7
4049 10
4050 10
4051 1
4052 12
4053 10
4054 10
4055 13
4056 13
4057 13
4058 14
4059 8
4060 8
4061 8
4062 5
4063 15
4064 15
4065 8
4066 2
4067 21
4068 2
4069 12
4070 25
4071 25
4072 25
4073 25
4074 25
4075 25
4076 25
4077 25
4078 25
4079 25
4080 25
4081 25
4082 25
4083 25
4084 25
4085 11
4086 11
4087 17
4088 17
4089 3
4090 9
4091 9
4092 19
4093 19
4094 19
4095 28
4096 16
4097 16
4098 16
4099 1
4100 4
4101 4
4102 7
4103 1
4104 1
4105 16
4106 16
4107 16
4108 24
4109 28
4110 27
4111 27
4112 27
4113 8
4114 4
4115 18
4116 12
4117 12
4118 26
4119 26
4120 26
4121 26
4122 26
4123 26
4124 26
4125 26
4126 26
4127 1
4128 1
4129 15
4130 15
4131 15
4132 15
4133 5
4134 5
4135 12
4136 6
4137 15
4138 5
4139 1
4140 1
4141 8
4142 8
4143 8
4144 22
4145 29
4146 29
4147 29
4148 20
4149 20
4150 13
4151 2
4152 16
4153 14
4154 1
4155 5
4156 18
4157 9
