0 24
1 24
2 71
3 24
4 71
5 24
6 89
7 24
8 24
9 65
10 15
11 63
12 62
13 66
14 66
15 62
16 71
17 42
18 71
19 2
20 4
21 4
22 4
23 69
24 19
25 6
26 4
27 59
28 4
29 1
30 4
31 59
32 69
33 44
34 65
35 59
36 4
37 65
38 4
39 4
40 79
41 70
42 12
43 44
44 19
45 2
46 4
47 79
48 69
49 70
50 59
51 59
52 54
53 3
54 59
55 55
56 59
57 59
58 39
59 59
60 54
61 59
62 59
63 59
64 59
65 59
66 32
67 70
68 71
69 71
70 70
71 71
72 70
73 70
74 67
75 71
76 67
77 72
78 71
79 71
80 67
81 77
82 67
83 67
84 67
85 71
86 71
87 71
88 71
89 71
90 71
91 76
92 76
93 76
94 76
95 76
96 80
97 76
98 80
99 76
100 73
101 76
102 76
103 73
104 76
105 76
106 57
107 57
108 70
109 75
110 57
111 55
112 59
113 57
114 57
115 57
116 84
117 56
118 57
119 33
120 57
121 79
122 60
123 57
124 57
125 57
126 8
127 87
128 55
129 57
130 66
131 57
132 57
133 62
134 57
135 57
136 57
137 63
138 33
139 57
140 57
141 58
142 57
143 51
144 65
145 85
146 52
147 52
148 50
149 52
150 52
151 52
152 83
153 52
154 78
155 52
156 52
157 73
158 78
159 52
160 52
161 52
162 52
163 1
164 83
165 24
166 24
167 79
168 24
169 24
170 24
171 24
172 80
173 24
174 24
175 24
176 24
177 24
178 24
179 25
180 77
181 24
182 24
183 24
184 6
185 29
186 5
187 5
188 6
189 3
190 30
191 6
192 6
193 6
194 6
195 7
196 6
197 6
198 6
199 74
200 74
201 6
202 8
203 30
204 29
205 31
206 6
207 6
208 6
209 63
210 62
211 63
212 14
213 30
214 74
215 6
216 6
217 8
218 6
219 9
220 52
221 6
222 1
223 19
224 81
225 49
226 19
227 11
228 13
229 2
230 4
231 45
232 45
233 45
234 45
235 45
236 47
237 45
238 70
239 44
240 70
241 70
242 70
243 70
244 70
245 44
246 70
247 71
248 70
249 70
250 70
251 70
252 44
253 70
254 70
255 71
256 44
257 73
258 73
259 73
260 73
261 73
262 73
263 76
264 73
265 73
266 72
267 73
268 73
269 73
270 72
271 73
272 73
273 73
274 73
275 73
276 73
277 77
278 73
279 15
280 73
281 73
282 73
283 73
284 73
285 37
286 73
287 73
288 73
289 73
290 73
291 73
292 73
293 75
294 73
295 73
296 26
297 73
298 73
299 73
300 73
301 73
302 68
303 70
304 70
305 6
306 68
307 70
308 70
309 68
310 6
311 70
312 6
313 83
314 6
315 75
316 49
317 69
318 49
319 49
320 49
321 49
322 70
323 70
324 69
325 70
326 70
327 70
328 70
329 70
330 70
331 66
332 71
333 0
334 71
335 85
336 71
337 71
338 71
339 69
340 71
341 48
342 0
343 0
344 49
345 71
346 70
347 13
348 38
349 13
350 13
351 13
352 38
353 13
354 37
355 13
356 13
357 38
358 12
359 13
360 13
361 10
362 13
363 14
364 13
365 13
366 31
367 38
368 43
369 44
370 31
371 40
372 31
373 21
374 4
375 64
376 78
377 78
378 78
379 76
380 78
381 68
382 64
383 64
384 63
385 63
386 64
387 64
388 15
389 63
390 15
391 15
392 7
393 46
394 15
395 15
396 61
397 15
398 61
399 15
400 46
401 15
402 46
403 15
404 64
405 64
406 64
407 64
408 62
409 64
410 52
411 64
412 64
413 64
414 21
415 21
416 21
417 21
418 21
419 21
420 21
421 21
422 21
423 3
424 21
425 21
426 21
427 21
428 24
429 21
430 21
431 52
432 52
433 72
434 52
435 52
436 52
437 52
438 52
439 52
440 52
441 52
442 52
443 52
444 39
445 41
446 39
447 40
448 39
449 40
450 40
451 40
452 41
453 40
454 41
455 41
456 39
457 41
458 41
459 41
460 41
461 41
462 40
463 41
464 40
465 39
466 41
467 41
468 40
469 41
470 40
471 41
472 40
473 40
474 40
475 18
476 18
477 39
478 74
479 74
480 74
481 74
482 74
483 74
484 74
485 37
486 78
487 71
488 71
489 68
490 70
491 62
492 70
493 32
494 70
495 77
496 70
497 70
498 65
499 50
500 87
501 70
502 70
503 70
504 50
505 67
506 70
507 76
508 68
509 0
510 1
511 68
512 45
513 68
514 68
515 68
516 68
517 68
518 68
519 76
520 44
521 77
522 69
523 76
524 74
525 72
526 76
527 76
528 86
529 69
530 76
531 77
532 48
533 25
534 76
535 74
536 77
537 76
538 74
539 33
540 77
541 72
542 76
543 76
544 76
545 69
546 76
547 76
548 42
549 69
550 69
551 42
552 69
553 48
554 69
555 69
556 69
557 69
558 69
559 69
560 76
561 57
562 57
563 63
564 65
565 63
566 78
567 63
568 63
569 63
570 63
571 63
572 48
573 35
574 63
575 63
576 62
577 61
578 63
579 63
580 63
581 8
582 8
583 8
584 8
585 8
586 8
587 8
588 55
589 55
590 55
591 55
592 74
593 74
594 89
595 89
596 89
597 89
598 89
599 77
600 89
601 85
602 89
603 89
604 72
605 77
606 72
607 77
608 72
609 72
610 72
611 77
612 77
613 77
614 44
615 86
616 80
617 72
618 72
619 10
620 10
621 10
622 10
623 9
624 4
625 10
626 61
627 10
628 87
629 10
630 10
631 64
632 64
633 50
634 64
635 64
636 64
637 64
638 64
639 64
640 61
641 64
642 64
643 64
644 64
645 59
646 61
647 84
648 61
649 84
650 14
651 61
652 61
653 61
654 51
655 61
656 58
657 27
658 51
659 51
660 27
661 43
662 27
663 79
664 79
665 54
666 84
667 70
668 83
669 84
670 36
671 84
672 48
673 36
674 36
675 87
676 18
677 38
678 11
679 8
680 19
681 19
682 19
683 19
684 19
685 19
686 8
687 19
688 11
689 13
690 11
691 13
692 11
693 51
694 51
695 51
696 51
697 10
698 51
699 51
700 4
701 14
702 51
703 51
704 82
705 51
706 51
707 51
708 23
709 23
710 23
711 23
712 23
713 23
714 23
715 23
716 23
717 23
718 22
719 23
720 29
721 23
722 22
723 23
724 73
725 73
726 69
727 69
728 71
729 33
730 50
731 50
732 50
733 60
734 60
735 50
736 50
737 28
738 41
739 50
740 50
741 28
742 85
743 33
744 50
745 50
746 50
747 50
748 50
749 50
750 50
751 50
752 50
753 50
754 50
755 50
756 51
757 50
758 50
759 50
760 50
761 50
762 47
763 22
764 47
765 22
766 47
767 47
768 47
769 47
770 47
771 47
772 47
773 47
774 47
775 47
776 10
777 10
778 9
779 38
780 10
781 9
782 10
783 21
784 51
785 51
786 51
787 51
788 21
789 51
790 51
791 51
792 77
793 83
794 77
795 16
796 77
797 43
798 43
799 43
800 43
801 43
802 43
803 43
804 43
805 43
806 19
807 19
808 19
809 19
810 19
811 19
812 3
813 4
814 4
815 4
816 4
817 59
818 59
819 59
820 59
821 59
822 59
823 4
824 59
825 59
826 59
827 59
828 24
829 24
830 3
831 24
832 76
833 86
834 78
835 78
836 78
837 78
838 78
839 78
840 65
841 78
842 78
843 78
844 2
845 2
846 2
847 78
848 78
849 78
850 79
851 68
852 68
853 14
854 51
855 51
856 51
857 51
858 4
859 62
860 74
861 75
862 75
863 75
864 45
865 45
866 45
867 45
868 47
869 45
870 45
871 46
872 45
873 45
874 49
875 45
876 45
877 72
878 72
879 72
880 72
881 72
882 72
883 72
884 77
885 77
886 77
887 77
888 7
889 29
890 7
891 52
892 7
893 20
894 20
895 29
896 52
897 19
898 19
899 20
900 17
901 19
902 19
903 19
904 19
905 20
906 19
907 19
908 19
909 19
910 14
911 4
912 14
913 3
914 20
915 14
916 14
917 62
918 14
919 14
920 14
921 62
922 14
923 14
924 14
925 15
926 4
927 48
928 56
929 19
930 3
931 88
932 3
933 3
934 48
935 61
936 62
937 3
938 3
939 48
940 66
941 3
942 4
943 65
944 28
945 28
946 28
947 32
948 27
949 28
950 28
951 28
952 28
953 29
954 28
955 28
956 28
957 28
958 28
959 28
960 29
961 29
962 29
963 29
964 31
965 29
966 29
967 29
968 38
969 31
970 29
971 29
972 29
973 79
974 29
975 25
976 15
977 22
978 15
979 60
980 60
981 60
982 60
983 60
984 54
985 60
986 16
987 60
988 60
989 60
990 60
991 60
992 60
993 16
994 16
995 16
996 1
997 16
998 16
999 16
1000 16
1001 16
1002 16
1003 16
1004 18
1005 18
1006 16
1007 16
1008 18
1009 16
1010 16
1011 12
1012 16
1013 16
1014 35
1015 35
1016 35
1017 34
1018 35
1019 35
1020 35
1021 44
1022 38
1023 32
1024 49
1025 37
1026 35
1027 59
1028 59
1029 59
1030 59
1031 59
1032 59
1033 59
1034 50
1035 50
1036 50
1037 50
1038 50
1039 50
1040 50
1041 53
1042 16
1043 18
1044 16
1045 0
1046 39
1047 15
1048 51
1049 51
1050 51
1051 85
1052 85
1053 85
1054 87
1055 86
1056 85
1057 85
1058 88
1059 85
1060 86
1061 85
1062 85
1063 85
1064 84
1065 80
1066 85
1067 36
1068 85
1069 86
1070 80
1071 80
1072 80
1073 80
1074 37
1075 36
1076 37
1077 37
1078 36
1079 36
1080 36
1081 37
1082 36
1083 33
1084 36
1085 36
1086 64
1087 64
1088 55
1089 53
1090 53
1091 53
1092 53
1093 55
1094 53
1095 55
1096 53
1097 53
1098 53
1099 53
1100 71
1101 71
1102 30
1103 30
1104 30
1105 44
1106 30
1107 30
1108 30
1109 30
1110 30
1111 30
1112 30
1113 30
1114 30
1115 30
1116 30
1117 30
1118 30
1119 30
1120 86
1121 30
1122 30
1123 65
1124 65
1125 65
1126 65
1127 65
1128 65
1129 48
1130 65
1131 65
1132 65
1133 56
1134 56
1135 56
1136 56
1137 56
1138 56
1139 56
1140 57
1141 57
1142 57
1143 57
1144 57
1145 57
1146 56
1147 57
1148 56
1149 56
1150 56
1151 56
1152 56
1153 54
1154 56
1155 56
1156 39
1157 39
1158 39
1159 37
1160 39
1161 39
1162 39
1163 39
1164 39
1165 63
1166 62
1167 6
1168 39
1169 39
1170 39
1171 39
1172 39
1173 39
1174 39
1175 39
1176 39
1177 69
1178 60
1179 60
1180 60
1181 60
1182 60
1183 60
1184 60
1185 60
1186 27
1187 27
1188 27
1189 27
1190 27
1191 27
1192 26
1193 26
1194 26
1195 26
1196 26
1197 26
1198 26
1199 26
1200 26
1201 26
1202 26
1203 12
1204 12
1205 12
1206 12
1207 12
1208 12
1209 12
1210 12
1211 12
1212 12
1213 12
1214 12
1215 12
1216 12
1217 83
1218 86
1219 83
1220 80
1221 83
1222 83
1223 83
1224 83
1225 83
1226 83
1227 83
1228 83
1229 78
1230 78
1231 78
1232 28
1233 78
1234 78
1235 78
1236 8
1237 8
1238 9
1239 9
1240 9
1241 9
1242 9
1243 9
1244 9
1245 9
1246 9
1247 9
1248 9
1249 9
1250 9
1251 9
1252 9
1253 9
1254 9
1255 9
1256 9
1257 9
1258 9
1259 9
1260 9
1261 9
1262 9
1263 9
1264 9
1265 9
1266 9
1267 9
1268 9
1269 9
1270 9
1271 9
1272 9
1273 9
1274 9
1275 9
1276 9
1277 9
1278 9
1279 52
1280 52
1281 52
1282 44
1283 44
1284 44
1285 44
1286 44
1287 13
1288 43
1289 43
1290 13
1291 13
1292 13
1293 13
1294 13
1295 13
1296 13
1297 13
1298 86
1299 86
1300 86
1301 86
1302 86
1303 86
1304 86
1305 86
1306 86
1307 86
1308 86
1309 86
1310 86
1311 19
1312 86
1313 86
1314 86
1315 86
1316 86
1317 19
1318 86
1319 86
1320 86
1321 86
1322 86
1323 86
1324 46
1325 46
1326 46
1327 37
1328 37
1329 37
1330 46
1331 46
1332 76
1333 5
1334 83
1335 5
1336 5
1337 5
1338 5
1339 5
1340 5
1341 48
1342 22
1343 55
1344 48
1345 79
1346 79
1347 79
1348 79
1349 79
1350 79
1351 79
1352 79
1353 80
1354 83
1355 83
1356 83
1357 84
1358 84
1359 83
1360 83
1361 83
1362 83
1363 83
1364 83
1365 83
1366 83
1367 0
1368 37
1369 37
1370 37
1371 37
1372 37
1373 13
1374 13
1375 13
1376 13
1377 13
1378 13
1379 13
1380 1
1381 79
1382 1
1383 1
1384 1
1385 1
1386 38
1387 1
1388 1
1389 1
1390 34
1391 1
1392 1
1393 1
1394 10
1395 1
1396 74
1397 38
1398 38
1399 42
1400 38
1401 37
1402 42
1403 74
1404 79
1405 24
1406 79
1407 86
1408 86
1409 86
1410 86
1411 86
1412 86
1413 86
1414 86
1415 24
1416 24
1417 40
1418 24
1419 24
1420 40
1421 24
1422 26
1423 26
1424 26
1425 26
1426 66
1427 26
1428 50
1429 50
1430 26
1431 50
1432 85
1433 85
1434 85
1435 85
1436 85
1437 85
1438 85
1439 38
1440 10
1441 38
1442 10
1443 33
1444 38
1445 25
1446 36
1447 38
1448 31
1449 43
1450 43
1451 43
1452 43
1453 43
1454 50
1455 43
1456 43
1457 43
1458 43
1459 43
1460 41
1461 41
1462 41
1463 40
1464 40
1465 40
1466 40
1467 40
1468 40
1469 40
1470 40
1471 41
1472 40
1473 40
1474 0
1475 0
1476 0
1477 0
1478 17
1479 0
1480 0
1481 0
1482 0
1483 0
1484 3
1485 0
1486 0
1487 0
1488 0
1489 31
1490 31
1491 34
1492 34
1493 34
1494 34
1495 34
1496 58
1497 34
1498 34
1499 34
1500 58
1501 34
1502 34
1503 66
1504 56
1505 34
1506 38
1507 58
1508 34
1509 34
1510 56
1511 35
1512 35
1513 32
1514 35
1515 2
1516 2
1517 2
1518 2
1519 49
1520 49
1521 3
1522 49
1523 14
1524 81
1525 48
1526 47
1527 48
1528 48
1529 48
1530 49
1531 48
1532 48
1533 55
1534 47
1535 48
1536 45
1537 45
1538 47
1539 48
1540 55
1541 47
1542 45
1543 48
1544 48
1545 47
1546 48
1547 47
1548 47
1549 48
1550 47
1551 48
1552 48
1553 48
1554 48
1555 45
1556 48
1557 74
1558 65
1559 65
1560 66
1561 68
1562 82
1563 22
1564 22
1565 22
1566 22
1567 26
1568 87
1569 85
1570 85
1571 85
1572 80
1573 80
1574 80
1575 80
1576 6
1577 61
1578 61
1579 61
1580 61
1581 61
1582 61
1583 62
1584 62
1585 62
1586 62
1587 20
1588 20
1589 20
1590 20
1591 20
1592 7
1593 14
1594 14
1595 14
1596 14
1597 14
1598 54
1599 20
1600 20
1601 20
1602 20
1603 20
1604 20
1605 20
1606 20
1607 20
1608 20
1609 20
1610 20
1611 17
1612 20
1613 20
1614 20
1615 20
1616 20
1617 20
1618 15
1619 15
1620 83
1621 58
1622 14
1623 54
1624 54
1625 54
1626 54
1627 31
1628 31
1629 31
1630 31
1631 31
1632 31
1633 16
1634 16
1635 5
1636 5
1637 5
1638 5
1639 5
1640 5
1641 5
1642 5
1643 65
1644 65
1645 65
1646 65
1647 79
1648 79
1649 79
1650 79
1651 79
1652 80
1653 79
1654 79
1655 79
1656 77
1657 79
1658 79
1659 79
1660 79
1661 4
1662 15
1663 15
1664 4
1665 15
1666 1
1667 39
1668 87
1669 1
1670 1
1671 1
1672 74
1673 60
1674 8
1675 62
1676 87
1677 62
1678 62
1679 8
1680 3
1681 3
1682 3
1683 62
1684 62
1685 14
1686 79
1687 79
1688 62
1689 55
1690 0
1691 0
1692 44
1693 64
1694 32
1695 2
1696 8
1697 8
1698 77
1699 77
1700 77
1701 61
1702 61
1703 63
1704 63
1705 5
1706 29
1707 5
1708 5
1709 5
1710 50
1711 35
1712 66
1713 66
1714 66
1715 66
1716 0
1717 0
1718 7
1719 7
1720 7
1721 7
1722 7
1723 7
1724 7
1725 7
1726 7
1727 79
1728 59
1729 58
1730 47
1731 47
1732 47
1733 47
1734 47
1735 47
1736 47
1737 47
1738 47
1739 47
1740 47
1741 47
1742 47
1743 47
1744 47
1745 89
1746 89
1747 40
1748 89
1749 88
1750 89
1751 89
1752 89
1753 89
1754 42
1755 40
1756 78
1757 88
1758 80
1759 17
1760 82
1761 80
1762 82
1763 88
1764 80
1765 80
1766 3
1767 0
1768 44
1769 10
1770 45
1771 85
1772 49
1773 48
1774 49
1775 49
1776 49
1777 6
1778 6
1779 5
1780 80
1781 80
1782 80
1783 80
1784 80
1785 80
1786 80
1787 80
1788 80
1789 80
1790 80
1791 58
1792 80
1793 46
1794 46
1795 46
1796 46
1797 46
1798 46
1799 46
1800 45
1801 45
1802 46
1803 45
1804 45
1805 45
1806 45
1807 45
1808 86
1809 46
1810 46
1811 46
1812 46
1813 46
1814 13
1815 46
1816 46
1817 46
1818 46
1819 88
1820 88
1821 88
1822 88
1823 88
1824 88
1825 88
1826 10
1827 10
1828 10
1829 10
1830 49
1831 48
1832 48
1833 48
1834 45
1835 48
1836 48
1837 65
1838 65
1839 25
1840 25
1841 38
1842 25
1843 25
1844 25
1845 25
1846 38
1847 25
1848 25
1849 8
1850 76
1851 36
1852 76
1853 76
1854 82
1855 36
1856 76
1857 31
1858 66
1859 31
1860 30
1861 30
1862 30
1863 30
1864 42
1865 30
1866 31
1867 32
1868 30
1869 30
1870 30
1871 84
1872 84
1873 84
1874 84
1875 84
1876 84
1877 84
1878 84
1879 84
1880 84
1881 84
1882 84
1883 84
1884 84
1885 84
1886 84
1887 84
1888 84
1889 84
1890 84
1891 84
1892 84
1893 84
1894 84
1895 84
1896 84
1897 84
1898 84
1899 84
1900 84
1901 84
1902 84
1903 84
1904 84
1905 16
1906 63
1907 30
1908 30
1909 30
1910 30
1911 30
1912 4
1913 66
1914 66
1915 66
1916 61
1917 54
1918 64
1919 64
1920 54
1921 54
1922 54
1923 54
1924 45
1925 48
1926 46
1927 46
1928 78
1929 78
1930 41
1931 41
1932 86
1933 41
1934 41
1935 41
1936 69
1937 69
1938 57
1939 57
1940 57
1941 57
1942 57
1943 57
1944 0
1945 0
1946 0
1947 0
1948 0
1949 37
1950 31
1951 62
1952 3
1953 4
1954 4
1955 62
1956 62
1957 62
1958 62
1959 33
1960 17
1961 17
1962 17
1963 17
1964 17
1965 17
1966 2
1967 17
1968 17
1969 17
1970 2
1971 18
1972 17
1973 17
1974 17
1975 17
1976 17
1977 17
1978 17
1979 17
1980 18
1981 17
1982 17
1983 55
1984 55
1985 55
1986 61
1987 61
1988 58
1989 58
1990 58
1991 14
1992 58
1993 58
1994 4
1995 4
1996 4
1997 4
1998 59
1999 59
2000 59
2001 59
2002 48
2003 48
2004 48
2005 41
2006 3
2007 3
2008 3
2009 3
2010 3
2011 3
2012 3
2013 3
2014 3
2015 3
2016 3
2017 1
2018 1
2019 1
2020 1
2021 1
2022 27
2023 27
2024 27
2025 27
2026 27
2027 49
2028 49
2029 49
2030 61
2031 14
2032 43
2033 61
2034 24
2035 85
2036 85
2037 85
2038 12
2039 45
2040 45
2041 45
2042 29
2043 29
2044 29
2045 6
2046 29
2047 2
2048 2
2049 2
2050 2
2051 24
2052 2
2053 2
2054 32
2055 2
2056 2
2057 2
2058 2
2059 13
2060 13
2061 85
2062 85
2063 85
2064 85
2065 85
2066 88
2067 88
2068 30
2069 32
2070 30
2071 16
2072 32
2073 32
2074 22
2075 53
2076 42
2077 29
2078 53
2079 53
2080 42
2081 42
2082 0
2083 0
2084 0
2085 0
2086 0
2087 0
2088 79
2089 72
2090 79
2091 79
2092 79
2093 31
2094 31
2095 31
2096 38
2097 38
2098 38
2099 38
2100 36
2101 38
2102 38
2103 60
2104 60
2105 65
2106 15
2107 15
2108 15
2109 52
2110 52
2111 51
2112 52
2113 38
2114 38
2115 38
2116 38
2117 84
2118 2
2119 84
2120 84
2121 61
2122 61
2123 61
2124 88
2125 88
2126 88
2127 88
2128 88
2129 88
2130 88
2131 5
2132 5
2133 5
2134 60
2135 60
2136 60
2137 60
2138 40
2139 40
2140 40
2141 25
2142 30
2143 63
2144 63
2145 1
2146 63
2147 73
2148 41
2149 50
2150 24
2151 24
2152 50
2153 50
2154 89
2155 89
2156 89
2157 89
2158 89
2159 89
2160 72
2161 80
2162 1
2163 49
2164 49
2165 49
2166 49
2167 49
2168 49
2169 49
2170 48
2171 49
2172 56
2173 49
2174 45
2175 49
2176 17
2177 17
2178 17
2179 17
2180 17
2181 17
2182 17
2183 7
2184 7
2185 39
2186 39
2187 39
2188 72
2189 72
2190 72
2191 28
2192 28
2193 28
2194 28
2195 28
2196 28
2197 25
2198 68
2199 68
2200 41
2201 41
2202 69
2203 42
2204 31
2205 27
2206 3
2207 65
2208 65
2209 31
2210 31
2211 76
2212 76
2213 64
2214 80
2215 80
2216 80
2217 80
2218 53
2219 53
2220 53
2221 51
2222 10
2223 10
2224 10
2225 10
2226 80
2227 22
2228 22
2229 22
2230 22
2231 22
2232 22
2233 22
2234 22
2235 22
2236 22
2237 22
2238 23
2239 34
2240 22
2241 22
2242 22
2243 22
2244 87
2245 87
2246 87
2247 87
2248 87
2249 87
2250 57
2251 13
2252 13
2253 13
2254 13
2255 13
2256 13
2257 1
2258 1
2259 1
2260 1
2261 1
2262 1
2263 71
2264 17
2265 17
2266 18
2267 17
2268 19
2269 17
2270 17
2271 14
2272 14
2273 14
2274 14
2275 14
2276 14
2277 14
2278 14
2279 6
2280 6
2281 6
2282 6
2283 7
2284 36
2285 37
2286 37
2287 30
2288 15
2289 15
2290 15
2291 15
2292 15
2293 15
2294 51
2295 65
2296 65
2297 65
2298 65
2299 65
2300 20
2301 87
2302 87
2303 87
2304 87
2305 87
2306 87
2307 87
2308 87
2309 87
2310 28
2311 87
2312 18
2313 0
2314 0
2315 63
2316 63
2317 63
2318 63
2319 51
2320 51
2321 88
2322 21
2323 61
2324 51
2325 61
2326 37
2327 25
2328 29
2329 25
2330 33
2331 18
2332 18
2333 18
2334 18
2335 18
2336 18
2337 18
2338 1
2339 8
2340 8
2341 8
2342 8
2343 8
2344 87
2345 61
2346 61
2347 61
2348 61
2349 61
2350 14
2351 61
2352 61
2353 61
2354 29
2355 24
2356 24
2357 24
2358 24
2359 24
2360 24
2361 38
2362 1
2363 1
2364 38
2365 12
2366 37
2367 37
2368 37
2369 37
2370 37
2371 37
2372 37
2373 37
2374 37
2375 37
2376 38
2377 36
2378 75
2379 66
2380 66
2381 22
2382 22
2383 22
2384 22
2385 22
2386 72
2387 72
2388 63
2389 63
2390 54
2391 54
2392 54
2393 54
2394 54
2395 54
2396 54
2397 54
2398 87
2399 87
2400 87
2401 87
2402 87
2403 29
2404 29
2405 29
2406 29
2407 29
2408 36
2409 36
2410 36
2411 36
2412 36
2413 36
2414 36
2415 74
2416 65
2417 88
2418 88
2419 88
2420 88
2421 88
2422 88
2423 19
2424 75
2425 71
2426 45
2427 45
2428 55
2429 55
2430 55
2431 55
2432 50
2433 50
2434 82
2435 75
2436 75
2437 75
2438 75
2439 75
2440 75
2441 77
2442 75
2443 75
2444 75
2445 75
2446 75
2447 75
2448 75
2449 70
2450 75
2451 75
2452 75
2453 70
2454 75
2455 75
2456 75
2457 47
2458 70
2459 35
2460 35
2461 35
2462 35
2463 35
2464 35
2465 35
2466 35
2467 35
2468 25
2469 22
2470 22
2471 22
2472 36
2473 51
2474 52
2475 42
2476 25
2477 25
2478 25
2479 25
2480 87
2481 81
2482 54
2483 87
2484 54
2485 87
2486 87
2487 87
2488 87
2489 25
2490 71
2491 87
2492 87
2493 35
2494 54
2495 54
2496 54
2497 54
2498 78
2499 78
2500 78
2501 77
2502 72
2503 72
2504 72
2505 72
2506 72
2507 63
2508 63
2509 63
2510 63
2511 63
2512 63
2513 63
2514 4
2515 4
2516 82
2517 7
2518 4
2519 6
2520 43
2521 43
2522 43
2523 13
2524 61
2525 66
2526 66
2527 66
2528 66
2529 66
2530 66
2531 66
2532 35
2533 35
2534 32
2535 32
2536 32
2537 32
2538 32
2539 32
2540 32
2541 32
2542 32
2543 32
2544 32
2545 32
2546 32
2547 32
2548 32
2549 32
2550 32
2551 32
2552 32
2553 76
2554 76
2555 65
2556 64
2557 20
2558 62
2559 20
2560 20
2561 20
2562 20
2563 20
2564 1
2565 1
2566 1
2567 1
2568 1
2569 55
2570 55
2571 74
2572 55
2573 55
2574 55
2575 74
2576 74
2577 74
2578 74
2579 55
2580 22
2581 22
2582 37
2583 3
2584 3
2585 81
2586 3
2587 34
2588 34
2589 34
2590 34
2591 34
2592 34
2593 34
2594 34
2595 34
2596 56
2597 42
2598 4
2599 58
2600 58
2601 58
2602 61
2603 61
2604 33
2605 78
2606 78
2607 78
2608 78
2609 78
2610 78
2611 66
2612 53
2613 53
2614 53
2615 53
2616 53
2617 43
2618 43
2619 43
2620 43
2621 43
2622 43
2623 63
2624 23
2625 33
2626 75
2627 75
2628 67
2629 72
2630 75
2631 75
2632 72
2633 75
2634 75
2635 75
2636 82
2637 48
2638 82
2639 67
2640 10
2641 66
2642 21
2643 66
2644 21
2645 42
2646 42
2647 41
2648 42
2649 42
2650 42
2651 8
2652 89
2653 4
2654 62
2655 64
2656 23
2657 23
2658 23
2659 23
2660 23
2661 22
2662 22
2663 22
2664 22
2665 23
2666 18
2667 22
2668 22
2669 22
2670 22
2671 58
2672 58
2673 58
2674 58
2675 58
2676 35
2677 44
2678 44
2679 63
2680 62
2681 62
2682 62
2683 62
2684 62
2685 46
2686 46
2687 46
2688 46
2689 46
2690 46
2691 46
2692 46
2693 46
2694 55
2695 55
2696 55
2697 55
2698 55
2699 55
2700 55
2701 55
2702 55
2703 55
2704 16
2705 16
2706 16
2707 16
2708 16
2709 16
2710 16
2711 8
2712 8
2713 8
2714 8
2715 8
2716 8
2717 8
2718 78
2719 82
2720 78
2721 28
2722 29
2723 29
2724 29
2725 29
2726 29
2727 29
2728 31
2729 31
2730 31
2731 31
2732 31
2733 31
2734 31
2735 31
2736 31
2737 37
2738 44
2739 44
2740 44
2741 44
2742 44
2743 44
2744 44
2745 33
2746 38
2747 33
2748 3
2749 3
2750 3
2751 3
2752 3
2753 3
2754 3
2755 3
2756 17
2757 42
2758 42
2759 28
2760 28
2761 28
2762 28
2763 28
2764 31
2765 8
2766 31
2767 50
2768 50
2769 82
2770 76
2771 82
2772 82
2773 82
2774 76
2775 82
2776 66
2777 74
2778 74
2779 74
2780 74
2781 77
2782 77
2783 86
2784 2
2785 3
2786 28
2787 32
2788 17
2789 17
2790 17
2791 17
2792 17
2793 86
2794 51
2795 49
2796 49
2797 49
2798 49
2799 49
2800 49
2801 67
2802 67
2803 67
2804 67
2805 67
2806 64
2807 5
2808 83
2809 40
2810 40
2811 40
2812 40
2813 26
2814 26
2815 26
2816 26
2817 26
2818 26
2819 26
2820 42
2821 88
2822 88
2823 72
2824 30
2825 30
2826 30
2827 26
2828 26
2829 52
2830 52
2831 52
2832 52
2833 52
2834 52
2835 52
2836 52
2837 65
2838 62
2839 65
2840 53
2841 53
2842 53
2843 48
2844 48
2845 56
2846 56
2847 69
2848 80
2849 25
2850 25
2851 25
2852 25
2853 85
2854 85
2855 85
2856 85
2857 85
2858 85
2859 85
2860 63
2861 63
2862 63
2863 44
2864 69
2865 69
2866 69
2867 69
2868 12
2869 10
2870 8
2871 10
2872 10
2873 10
2874 10
2875 10
2876 10
2877 10
2878 10
2879 18
2880 8
2881 38
2882 10
2883 10
2884 48
2885 48
2886 5
2887 27
2888 27
2889 80
2890 72
2891 80
2892 80
2893 80
2894 83
2895 80
2896 80
2897 54
2898 54
2899 44
2900 77
2901 44
2902 44
2903 12
2904 12
2905 12
2906 12
2907 7
2908 21
2909 21
2910 21
2911 21
2912 20
2913 20
2914 60
2915 64
2916 19
2917 19
2918 62
2919 11
2920 44
2921 44
2922 44
2923 44
2924 36
2925 44
2926 4
2927 4
2928 77
2929 77
2930 77
2931 77
2932 56
2933 57
2934 71
2935 37
2936 37
2937 37
2938 42
2939 42
2940 42
2941 42
2942 42
2943 42
2944 42
2945 29
2946 42
2947 42
2948 42
2949 42
2950 24
2951 80
2952 18
2953 82
2954 82
2955 82
2956 81
2957 82
2958 82
2959 82
2960 82
2961 82
2962 82
2963 18
2964 18
2965 18
2966 36
2967 36
2968 36
2969 36
2970 36
2971 75
2972 68
2973 68
2974 68
2975 68
2976 68
2977 68
2978 68
2979 68
2980 20
2981 20
2982 20
2983 20
2984 20
2985 20
2986 20
2987 20
2988 18
2989 18
2990 51
2991 51
2992 51
2993 51
2994 19
2995 19
2996 19
2997 19
2998 69
2999 39
3000 39
3001 39
3002 39
3003 39
3004 41
3005 41
3006 69
3007 69
3008 69
3009 69
3010 69
3011 1
3012 18
3013 41
3014 41
3015 41
3016 41
3017 41
3018 41
3019 41
3020 7
3021 7
3022 7
3023 7
3024 7
3025 7
3026 7
3027 7
3028 7
3029 7
3030 73
3031 88
3032 88
3033 88
3034 29
3035 29
3036 44
3037 44
3038 44
3039 44
3040 44
3041 16
3042 44
3043 44
3044 44
3045 44
3046 44
3047 57
3048 57
3049 57
3050 62
3051 62
3052 62
3053 62
3054 54
3055 54
3056 54
3057 54
3058 54
3059 54
3060 54
3061 34
3062 59
3063 18
3064 18
3065 18
3066 38
3067 38
3068 29
3069 29
3070 29
3071 78
3072 55
3073 55
3074 55
3075 55
3076 55
3077 67
3078 67
3079 67
3080 67
3081 67
3082 19
3083 19
3084 10
3085 58
3086 58
3087 58
3088 58
3089 27
3090 27
3091 42
3092 42
3093 42
3094 21
3095 34
3096 34
3097 34
3098 87
3099 27
3100 37
3101 37
3102 23
3103 2
3104 48
3105 43
3106 43
3107 28
3108 88
3109 16
3110 16
3111 16
3112 75
3113 76
3114 76
3115 76
3116 47
3117 47
3118 47
3119 41
3120 39
3121 38
3122 41
3123 41
3124 47
3125 47
3126 47
3127 47
3128 62
3129 83
3130 83
3131 88
3132 88
3133 30
3134 45
3135 45
3136 45
3137 45
3138 45
3139 45
3140 45
3141 47
3142 47
3143 21
3144 21
3145 21
3146 21
3147 21
3148 21
3149 21
3150 21
3151 21
3152 21
3153 57
3154 86
3155 86
3156 6
3157 6
3158 89
3159 35
3160 35
3161 35
3162 35
3163 14
3164 72
3165 72
3166 72
3167 72
3168 72
3169 25
3170 46
3171 46
3172 46
3173 39
3174 39
3175 40
3176 40
3177 23
3178 23
3179 23
3180 52
3181 69
3182 80
3183 33
3184 33
3185 33
3186 33
3187 33
3188 33
3189 33
3190 64
3191 64
3192 64
3193 83
3194 83
3195 34
3196 34
3197 34
3198 34
3199 34
3200 12
3201 12
3202 83
3203 83
3204 82
3205 82
3206 82
3207 82
3208 82
3209 18
3210 18
3211 18
3212 28
3213 28
3214 28
3215 28
3216 16
3217 16
3218 16
3219 16
3220 16
3221 21
3222 21
3223 21
3224 21
3225 21
3226 21
3227 21
3228 21
3229 21
3230 79
3231 79
3232 79
3233 37
3234 37
3235 34
3236 38
3237 38
3238 38
3239 38
3240 38
3241 38
3242 35
3243 35
3244 79
3245 7
3246 7
3247 7
3248 26
3249 7
3250 21
3251 32
3252 32
3253 32
3254 32
3255 32
3256 32
3257 32
3258 32
3259 32
3260 27
3261 32
3262 32
3263 32
3264 32
3265 25
3266 12
3267 75
3268 5
3269 12
3270 75
3271 75
3272 75
3273 31
3274 58
3275 58
3276 58
3277 58
3278 58
3279 58
3280 58
3281 58
3282 35
3283 35
3284 33
3285 35
3286 35
3287 35
3288 35
3289 35
3290 35
3291 5
3292 46
3293 46
3294 46
3295 46
3296 6
3297 6
3298 6
3299 6
3300 6
3301 6
3302 2
3303 2
3304 2
3305 2
3306 2
3307 2
3308 2
3309 2
3310 2
3311 2
3312 2
3313 2
3314 2
3315 2
3316 2
3317 2
3318 53
3319 53
3320 53
3321 78
3322 45
3323 45
3324 31
3325 74
3326 74
3327 74
3328 77
3329 77
3330 74
3331 74
3332 8
3333 46
3334 74
3335 46
3336 77
3337 8
3338 72
3339 72
3340 57
3341 72
3342 40
3343 12
3344 12
3345 12
3346 12
3347 12
3348 12
3349 12
3350 12
3351 12
3352 12
3353 12
3354 12
3355 12
3356 12
3357 65
3358 69
3359 57
3360 57
3361 57
3362 57
3363 25
3364 60
3365 60
3366 60
3367 60
3368 60
3369 60
3370 60
3371 60
3372 60
3373 60
3374 71
3375 71
3376 14
3377 33
3378 33
3379 33
3380 33
3381 33
3382 33
3383 33
3384 33
3385 33
3386 10
3387 10
3388 10
3389 31
3390 31
3391 26
3392 26
3393 26
3394 26
3395 26
3396 26
3397 67
3398 67
3399 67
3400 67
3401 67
3402 67
3403 67
3404 67
3405 67
3406 67
3407 67
3408 67
3409 67
3410 49
3411 65
3412 65
3413 31
3414 31
3415 26
3416 26
3417 26
3418 26
3419 26
3420 6
3421 6
3422 13
3423 13
3424 19
3425 19
3426 19
3427 61
3428 61
3429 61
3430 32
3431 23
3432 23
3433 23
3434 71
3435 71
3436 88
3437 73
3438 73
3439 73
3440 24
3441 74
3442 74
3443 76
3444 76
3445 76
3446 76
3447 62
3448 58
3449 17
3450 56
3451 56
3452 65
3453 65
3454 65
3455 11
3456 11
3457 11
3458 11
3459 11
3460 11
3461 11
3462 11
3463 11
3464 11
3465 11
3466 11
3467 11
3468 11
3469 11
3470 11
3471 11
3472 11
3473 11
3474 11
3475 11
3476 11
3477 11
3478 11
3479 11
3480 11
3481 11
3482 11
3483 11
3484 11
3485 11
3486 51
3487 51
3488 51
3489 64
3490 64
3491 82
3492 82
3493 82
3494 82
3495 25
3496 25
3497 25
3498 25
3499 6
3500 66
3501 23
3502 23
3503 23
3504 45
3505 23
3506 23
3507 23
3508 23
3509 18
3510 18
3511 18
3512 18
3513 18
3514 18
3515 18
3516 18
3517 89
3518 89
3519 89
3520 89
3521 89
3522 89
3523 89
3524 89
3525 89
3526 89
3527 89
3528 89
3529 89
3530 89
3531 89
3532 89
3533 89
3534 89
3535 89
3536 89
3537 89
3538 89
3539 89
3540 65
3541 65
3542 65
3543 57
3544 16
3545 16
3546 16
3547 16
3548 74
3549 74
3550 3
3551 30
3552 30
3553 30
3554 13
3555 13
3556 13
3557 26
3558 26
3559 72
3560 41
3561 41
3562 41
3563 41
3564 72
3565 74
3566 74
3567 74
3568 74
3569 31
3570 31
3571 31
3572 61
3573 58
3574 58
3575 27
3576 27
3577 27
3578 27
3579 27
3580 27
3581 27
3582 27
3583 27
3584 27
3585 27
3586 27
3587 2
3588 72
3589 28
3590 77
3591 88
3592 58
3593 66
3594 71
3595 71
3596 78
3597 55
3598 66
3599 82
3600 66
3601 68
3602 68
3603 23
3604 26
3605 66
3606 66
3607 66
3608 66
3609 66
3610 29
3611 14
3612 14
3613 79
3614 79
3615 79
3616 79
3617 54
3618 54
3619 38
3620 38
3621 87
3622 87
3623 87
3624 0
3625 0
3626 0
3627 0
3628 0
3629 0
3630 33
3631 33
3632 33
3633 33
3634 33
3635 33
3636 33
3637 33
3638 88
3639 88
3640 1
3641 1
3642 1
3643 11
3644 11
3645 11
3646 15
3647 11
3648 15
3649 15
3650 15
3651 15
3652 15
3653 27
3654 27
3655 27
3656 48
3657 37
3658 81
3659 81
3660 81
3661 81
3662 81
3663 81
3664 81
3665 81
3666 81
3667 81
3668 81
3669 81
3670 81
3671 81
3672 81
3673 81
3674 81
3675 81
3676 81
3677 81
3678 81
3679 81
3680 81
3681 81
3682 81
3683 81
3684 81
3685 81
3686 81
3687 81
3688 81
3689 81
3690 81
3691 81
3692 53
3693 53
3694 53
3695 18
3696 35
3697 34
3698 42
3699 42
3700 42
3701 42
3702 46
3703 29
3704 83
3705 83
3706 83
3707 53
3708 5
3709 5
3710 25
3711 25
3712 25
3713 35
3714 35
3715 35
3716 35
3717 35
3718 35
3719 35
3720 39
3721 34
3722 34
3723 34
3724 34
3725 18
3726 25
3727 25
3728 25
3729 52
3730 19
3731 19
3732 32
3733 55
3734 36
3735 36
3736 36
3737 36
3738 42
3739 39
3740 39
3741 39
3742 39
3743 39
3744 56
3745 56
3746 56
3747 56
3748 56
3749 56
3750 56
3751 56
3752 56
3753 56
3754 56
3755 56
3756 88
3757 88
3758 77
3759 82
3760 82
3761 83
3762 30
3763 16
3764 16
3765 71
3766 71
3767 71
3768 75
3769 75
3770 75
3771 75
3772 61
3773 58
3774 58
3775 33
3776 33
3777 33
3778 33
3779 33
3780 36
3781 78
3782 82
3783 82
3784 5
3785 5
3786 5
3787 5
3788 5
3789 43
3790 43
3791 43
3792 54
3793 54
3794 27
3795 27
3796 27
3797 11
3798 11
3799 11
3800 36
3801 36
3802 36
3803 25
3804 12
3805 11
3806 88
3807 17
3808 58
3809 66
3810 66
3811 66
3812 66
3813 66
3814 66
3815 24
3816 26
3817 29
3818 8
3819 77
3820 77
3821 77
3822 77
3823 77
3824 77
3825 77
3826 77
3827 25
3828 25
3829 29
3830 29
3831 81
3832 81
3833 23
3834 18
3835 18
3836 17
3837 54
3838 54
3839 37
3840 53
3841 53
3842 53
3843 53
3844 53
3845 53
3846 88
3847 88
3848 88
3849 34
3850 87
3851 87
3852 37
3853 25
3854 78
3855 59
3856 5
3857 5
3858 5
3859 10
3860 10
3861 10
3862 10
3863 58
3864 58
3865 58
3866 18
3867 40
3868 40
3869 40
3870 40
3871 40
3872 40
3873 9
3874 7
3875 7
3876 7
3877 7
3878 7
3879 7
3880 7
3881 7
3882 7
3883 7
3884 6
3885 23
3886 23
3887 23
3888 23
3889 23
3890 65
3891 42
3892 42
3893 32
3894 69
3895 69
3896 69
3897 69
3898 69
3899 44
3900 28
3901 28
3902 28
3903 28
3904 28
3905 28
3906 28
3907 28
3908 56
3909 56
3910 56
3911 56
3912 53
3913 53
3914 51
3915 51
3916 43
3917 43
3918 43
3919 43
3920 43
3921 43
3922 43
3923 43
3924 43
3925 42
3926 42
3927 42
3928 85
3929 85
3930 85
3931 85
3932 85
3933 68
3934 27
3935 27
3936 27
3937 8
3938 8
3939 8
3940 8
3941 87
3942 87
3943 87
3944 28
3945 39
3946 14
3947 75
3948 76
3949 75
3950 58
3951 71
3952 18
3953 83
3954 79
3955 33
3956 14
3957 14
3958 14
3959 14
3960 14
3961 59
3962 59
3963 5
3964 37
3965 31
3966 49
3967 23
3968 53
3969 53
3970 53
3971 53
3972 68
3973 68
3974 68
3975 68
3976 68
3977 68
3978 68
3979 68
3980 68
3981 68
3982 68
3983 68
3984 68
3985 68
3986 68
3987 52
3988 82
3989 82
3990 82
3991 31
3992 66
3993 66
3994 66
3995 83
3996 68
3997 68
3998 8
3999 8
4000 8
4001 56
4002 56
4003 56
4004 58
4005 36
4006 36
4007 15
4008 15
4009 15
4010 15
4011 15
4012 62
4013 78
4014 62
4015 3
4016 2
4017 55
4018 23
4019 15
4020 15
4021 15
4022 69
4023 82
4024 82
4025 82
4026 14
4027 4
4028 5
4029 5
4030 5
4031 23
4032 23
4033 23
4034 88
4035 4
4036 63
4037 36
4038 36
4039 64
4040 64
4041 64
4042 64
4043 64
4044 34
4045 34
4046 19
4047 19
4048 2
4049 3
4050 3
4051 40
4052 5
4053 58
4054 58
4055 24
4056 24
4057 24
4058 75
4059 4
4060 4
4061 4
4062 38
4063 11
4064 11
4065 63
4066 27
4067 37
4068 27
4069 0
4070 67
4071 67
4072 67
4073 67
4074 67
4075 67
4076 67
4077 67
4078 67
4079 67
4080 67
4081 67
4082 67
4083 67
4084 67
4085 6
4086 6
4087 56
4088 56
4089 22
4090 17
4091 17
4092 5
4093 5
4094 5
4095 52
4096 59
4097 59
4098 59
4099 40
4100 25
4101 25
4102 14
4103 42
4104 42
4105 60
4106 60
4107 60
4108 69
4109 53
4110 82
4111 82
4112 82
4113 13
4114 25
4115 78
4116 0
4117 0
4118 48
4119 49
4120 49
4121 49
4122 49
4123 49
4124 49
4125 49
4126 49
4127 41
4128 41
4129 12
4130 12
4131 12
4132 12
4133 34
4134 34
4135 6
4136 28
4137 15
4138 25
4139 40
4140 40
4141 15
4142 15
4143 15
4144 83
4145 81
4146 81
4147 81
4148 83
4149 83
4150 1
4151 27
4152 59
4153 8
4154 53
4155 37
4156 85
4157 20
