0 1
1 1
2 1
3 1
4 0
5 1
6 1
7 1
8 1
9 0
10 0
11 0
12 0
13 2
14 0
15 0
16 1
17 1
18 0
19 0
20 1
21 0
22 1
23 1
24 2
25 1
26 1
27 1
28 1
29 0
30 1
31 1
32 1
33 1
34 0
35 1
36 0
37 0
38 1
39 1
40 1
41 1
42 1
43 1
44 2
45 0
46 1
47 1
48 1
49 1
50 2
51 1
52 2
53 0
54 1
55 1
56 1
57 1
58 1
59 1
60 2
61 0
62 1
63 1
64 1
65 1
66 2
67 1
68 1
69 1
70 1
71 1
72 1
73 1
74 1
75 1
76 1
77 1
78 1
79 1
80 1
81 1
82 1
83 1
84 1
85 1
86 1
87 1
88 1
89 1
90 1
91 1
92 1
93 1
94 1
95 1
96 1
97 1
98 1
99 1
100 1
101 1
102 1
103 1
104 1
105 1
106 1
107 1
108 1
109 1
110 1
111 1
112 1
113 1
114 1
115 1
116 1
117 2
118 1
119 2
120 2
121 1
122 2
123 1
124 1
125 1
126 0
127 1
128 1
129 1
130 2
131 1
132 1
133 0
134 2
135 2
136 1
137 1
138 0
139 1
140 1
141 1
142 1
143 0
144 2
145 1
146 0
147 0
148 0
149 0
150 0
151 0
152 1
153 0
154 1
155 0
156 0
157 1
158 1
159 0
160 0
161 0
162 0
163 0
164 1
165 1
166 1
167 1
168 1
169 1
170 1
171 1
172 1
173 1
174 1
175 1
176 1
177 1
178 1
179 2
180 1
181 1
182 1
183 1
184 0
185 0
186 0
187 0
188 0
189 0
190 0
191 0
192 0
193 0
194 0
195 0
196 0
197 0
198 0
199 0
200 0
201 0
202 0
203 0
204 0
205 2
206 0
207 0
208 0
209 0
210 0
211 0
212 0
213 2
214 0
215 0
216 0
217 0
218 0
219 0
220 0
221 0
222 2
223 2
224 0
225 0
226 2
227 2
228 0
229 0
230 0
231 0
232 0
233 0
234 0
235 0
236 0
237 0
238 1
239 1
240 1
241 1
242 1
243 1
244 1
245 1
246 1
247 1
248 1
249 1
250 1
251 1
252 1
253 1
254 1
255 1
256 1
257 1
258 1
259 1
260 1
261 1
262 1
263 1
264 1
265 1
266 1
267 1
268 1
269 1
270 1
271 1
272 1
273 1
274 1
275 1
276 1
277 1
278 1
279 1
280 1
281 1
282 1
283 1
284 1
285 2
286 1
287 1
288 1
289 1
290 1
291 1
292 1
293 1
294 1
295 1
296 2
297 1
298 1
299 1
300 1
301 1
302 1
303 1
304 1
305 1
306 1
307 1
308 1
309 1
310 1
311 1
312 1
313 1
314 1
315 1
316 0
317 1
318 0
319 0
320 0
321 1
322 1
323 1
324 1
325 1
326 1
327 1
328 1
329 1
330 1
331 2
332 1
333 0
334 1
335 1
336 1
337 1
338 1
339 1
340 1
341 1
342 0
343 0
344 0
345 1
346 1
347 2
348 2
349 2
350 0
351 2
352 2
353 0
354 2
355 2
356 2
357 2
358 2
359 2
360 2
361 0
362 2
363 0
364 2
365 2
366 2
367 2
368 2
369 2
370 0
371 2
372 2
373 2
374 0
375 2
376 1
377 1
378 1
379 1
380 1
381 1
382 0
383 0
384 0
385 0
386 0
387 0
388 0
389 0
390 0
391 0
392 0
393 0
394 2
395 0
396 0
397 0
398 1
399 0
400 0
401 0
402 0
403 0
404 0
405 0
406 0
407 0
408 0
409 0
410 0
411 0
412 0
413 0
414 2
415 2
416 2
417 2
418 2
419 0
420 2
421 2
422 2
423 0
424 2
425 2
426 0
427 2
428 2
429 2
430 2
431 0
432 0
433 1
434 0
435 0
436 0
437 0
438 0
439 0
440 0
441 0
442 0
443 0
444 2
445 2
446 2
447 2
448 2
449 2
450 2
451 2
452 2
453 2
454 2
455 2
456 2
457 2
458 2
459 2
460 2
461 2
462 2
463 2
464 2
465 2
466 2
467 2
468 2
469 2
470 2
471 2
472 2
473 2
474 2
475 2
476 2
477 2
478 1
479 1
480 1
481 1
482 1
483 1
484 1
485 2
486 1
487 1
488 1
489 1
490 1
491 1
492 1
493 2
494 1
495 1
496 1
497 1
498 2
499 1
500 1
501 1
502 1
503 1
504 0
505 1
506 1
507 1
508 1
509 0
510 0
511 1
512 0
513 1
514 1
515 2
516 1
517 1
518 1
519 1
520 1
521 1
522 1
523 1
524 1
525 1
526 1
527 1
528 1
529 1
530 1
531 1
532 1
533 1
534 1
535 1
536 1
537 1
538 0
539 1
540 1
541 1
542 1
543 1
544 1
545 1
546 1
547 1
548 1
549 1
550 1
551 1
552 1
553 0
554 1
555 1
556 1
557 1
558 1
559 1
560 1
561 1
562 1
563 0
564 0
565 0
566 1
567 0
568 0
569 0
570 0
571 0
572 0
573 2
574 0
575 0
576 0
577 0
578 0
579 0
580 0
581 0
582 0
583 0
584 0
585 0
586 0
587 0
588 0
589 1
590 1
591 1
592 0
593 0
594 1
595 1
596 1
597 1
598 1
599 1
600 1
601 1
602 1
603 1
604 1
605 1
606 1
607 1
608 1
609 1
610 1
611 1
612 1
613 1
614 1
615 1
616 1
617 1
618 1
619 0
620 0
621 0
622 2
623 0
624 0
625 2
626 2
627 0
628 1
629 2
630 2
631 2
632 2
633 0
634 2
635 2
636 2
637 2
638 2
639 2
640 1
641 2
642 2
643 2
644 2
645 1
646 1
647 1
648 1
649 1
650 0
651 1
652 1
653 1
654 1
655 1
656 1
657 2
658 0
659 0
660 2
661 2
662 2
663 1
664 1
665 1
666 1
667 1
668 1
669 1
670 1
671 1
672 1
673 1
674 1
675 1
676 2
677 2
678 1
679 0
680 2
681 2
682 2
683 2
684 2
685 2
686 0
687 2
688 1
689 0
690 1
691 0
692 2
693 0
694 0
695 0
696 0
697 0
698 0
699 0
700 0
701 0
702 0
703 0
704 1
705 0
706 0
707 0
708 0
709 0
710 0
711 0
712 0
713 0
714 0
715 0
716 0
717 0
718 0
719 0
720 0
721 0
722 0
723 0
724 1
725 1
726 1
727 1
728 1
729 1
730 1
731 1
732 1
733 2
734 2
735 1
736 1
737 2
738 2
739 1
740 1
741 2
742 1
743 2
744 1
745 1
746 0
747 0
748 0
749 0
750 0
751 0
752 0
753 0
754 0
755 0
756 0
757 0
758 0
759 0
760 0
761 0
762 0
763 0
764 0
765 0
766 0
767 0
768 0
769 0
770 0
771 0
772 0
773 0
774 0
775 0
776 0
777 0
778 0
779 2
780 0
781 0
782 0
783 0
784 0
785 0
786 0
787 0
788 2
789 0
790 0
791 0
792 1
793 1
794 1
795 2
796 1
797 2
798 2
799 2
800 2
801 2
802 2
803 2
804 2
805 2
806 2
807 2
808 2
809 2
810 2
811 2
812 0
813 0
814 0
815 0
816 0
817 1
818 1
819 2
820 1
821 1
822 2
823 1
824 1
825 1
826 1
827 1
828 2
829 2
830 2
831 2
832 1
833 1
834 1
835 1
836 1
837 1
838 1
839 1
840 2
841 1
842 1
843 1
844 0
845 0
846 0
847 1
848 1
849 1
850 1
851 1
852 1
853 0
854 0
855 0
856 0
857 0
858 0
859 0
860 0
861 1
862 1
863 1
864 0
865 0
866 0
867 0
868 0
869 0
870 0
871 0
872 0
873 0
874 0
875 0
876 0
877 1
878 1
879 1
880 1
881 1
882 1
883 1
884 1
885 0
886 1
887 0
888 0
889 0
890 0
891 0
892 0
893 2
894 2
895 0
896 0
897 2
898 2
899 2
900 2
901 2
902 2
903 2
904 2
905 2
906 2
907 2
908 2
909 2
910 0
911 0
912 0
913 0
914 2
915 0
916 0
917 0
918 0
919 0
920 0
921 0
922 0
923 0
924 0
925 0
926 0
927 0
928 2
929 2
930 0
931 0
932 0
933 0
934 0
935 0
936 0
937 0
938 0
939 0
940 0
941 0
942 0
943 2
944 2
945 2
946 2
947 2
948 2
949 2
950 2
951 2
952 2
953 2
954 2
955 2
956 2
957 2
958 2
959 2
960 2
961 2
962 2
963 2
964 2
965 2
966 2
967 2
968 2
969 2
970 2
971 2
972 2
973 1
974 2
975 2
976 1
977 0
978 1
979 2
980 2
981 2
982 2
983 2
984 2
985 2
986 2
987 2
988 2
989 2
990 2
991 2
992 2
993 2
994 2
995 2
996 2
997 2
998 2
999 2
1000 2
1001 2
1002 2
1003 2
1004 2
1005 2
1006 2
1007 2
1008 2
1009 2
1010 2
1011 2
1012 2
1013 2
1014 2
1015 2
1016 2
1017 2
1018 2
1019 2
1020 2
1021 1
1022 2
1023 2
1024 0
1025 2
1026 2
1027 1
1028 1
1029 1
1030 1
1031 1
1032 1
1033 1
1034 0
1035 0
1036 0
1037 0
1038 0
1039 0
1040 0
1041 0
1042 2
1043 2
1044 2
1045 0
1046 2
1047 2
1048 1
1049 1
1050 1
1051 1
1052 1
1053 1
1054 1
1055 1
1056 1
1057 1
1058 1
1059 1
1060 1
1061 1
1062 1
1063 1
1064 1
1065 1
1066 1
1067 2
1068 1
1069 1
1070 1
1071 1
1072 1
1073 1
1074 2
1075 2
1076 2
1077 2
1078 2
1079 2
1080 2
1081 2
1082 2
1083 2
1084 2
1085 2
1086 2
1087 2
1088 0
1089 0
1090 0
1091 0
1092 0
1093 0
1094 0
1095 0
1096 1
1097 0
1098 0
1099 0
1100 1
1101 1
1102 2
1103 2
1104 2
1105 2
1106 2
1107 2
1108 2
1109 2
1110 2
1111 2
1112 2
1113 2
1114 2
1115 2
1116 2
1117 2
1118 2
1119 2
1120 1
1121 2
1122 2
1123 0
1124 0
1125 0
1126 0
1127 0
1128 0
1129 0
1130 0
1131 0
1132 0
1133 2
1134 1
1135 2
1136 2
1137 2
1138 2
1139 2
1140 2
1141 2
1142 2
1143 2
1144 2
1145 2
1146 2
1147 2
1148 2
1149 2
1150 2
1151 2
1152 2
1153 2
1154 2
1155 2
1156 2
1157 2
1158 2
1159 2
1160 2
1161 2
1162 2
1163 2
1164 2
1165 1
1166 0
1167 0
1168 2
1169 2
1170 2
1171 2
1172 2
1173 2
1174 2
1175 2
1176 2
1177 1
1178 1
1179 1
1180 1
1181 1
1182 1
1183 1
1184 1
1185 1
1186 2
1187 2
1188 2
1189 2
1190 2
1191 2
1192 2
1193 2
1194 2
1195 2
1196 2
1197 2
1198 2
1199 2
1200 2
1201 2
1202 2
1203 2
1204 0
1205 2
1206 2
1207 2
1208 1
1209 2
1210 2
1211 2
1212 2
1213 2
1214 2
1215 2
1216 2
1217 1
1218 1
1219 1
1220 1
1221 1
1222 1
1223 1
1224 1
1225 1
1226 1
1227 1
1228 1
1229 1
1230 1
1231 1
1232 2
1233 1
1234 1
1235 1
1236 0
1237 0
1238 0
1239 0
1240 0
1241 0
1242 0
1243 0
1244 0
1245 0
1246 0
1247 0
1248 0
1249 0
1250 0
1251 0
1252 0
1253 0
1254 0
1255 0
1256 0
1257 0
1258 0
1259 0
1260 0
1261 0
1262 0
1263 0
1264 0
1265 0
1266 0
1267 0
1268 0
1269 0
1270 0
1271 0
1272 0
1273 0
1274 0
1275 0
1276 0
1277 0
1278 0
1279 0
1280 0
1281 0
1282 1
1283 1
1284 1
1285 1
1286 1
1287 0
1288 2
1289 2
1290 0
1291 2
1292 0
1293 0
1294 0
1295 0
1296 0
1297 0
1298 1
1299 1
1300 1
1301 1
1302 1
1303 1
1304 1
1305 1
1306 1
1307 1
1308 1
1309 1
1310 1
1311 2
1312 1
1313 1
1314 1
1315 1
1316 1
1317 2
1318 1
1319 1
1320 1
1321 1
1322 1
1323 1
1324 2
1325 2
1326 2
1327 2
1328 2
1329 2
1330 0
1331 0
1332 0
1333 0
1334 1
1335 1
1336 0
1337 0
1338 0
1339 0
1340 0
1341 0
1342 2
1343 0
1344 0
1345 1
1346 1
1347 1
1348 1
1349 1
1350 1
1351 1
1352 1
1353 1
1354 1
1355 1
1356 1
1357 1
1358 1
1359 1
1360 1
1361 1
1362 1
1363 1
1364 2
1365 1
1366 1
1367 2
1368 2
1369 2
1370 2
1371 2
1372 2
1373 0
1374 0
1375 0
1376 0
1377 0
1378 0
1379 0
1380 0
1381 1
1382 2
1383 2
1384 2
1385 2
1386 2
1387 2
1388 2
1389 2
1390 2
1391 2
1392 2
1393 2
1394 0
1395 2
1396 1
1397 2
1398 2
1399 2
1400 2
1401 2
1402 2
1403 0
1404 1
1405 1
1406 1
1407 1
1408 1
1409 1
1410 1
1411 1
1412 1
1413 1
1414 1
1415 2
1416 2
1417 2
1418 2
1419 2
1420 2
1421 2
1422 2
1423 2
1424 2
1425 2
1426 2
1427 2
1428 2
1429 2
1430 2
1431 2
1432 1
1433 1
1434 1
1435 1
1436 1
1437 1
1438 1
1439 2
1440 2
1441 2
1442 2
1443 1
1444 2
1445 2
1446 2
1447 2
1448 2
1449 2
1450 2
1451 2
1452 2
1453 2
1454 2
1455 2
1456 2
1457 2
1458 2
1459 2
1460 2
1461 2
1462 2
1463 2
1464 2
1465 2
1466 2
1467 2
1468 2
1469 2
1470 2
1471 2
1472 2
1473 2
1474 2
1475 2
1476 2
1477 2
1478 2
1479 2
1480 0
1481 0
1482 0
1483 0
1484 0
1485 0
1486 0
1487 0
1488 0
1489 2
1490 2
1491 2
1492 2
1493 2
1494 2
1495 2
1496 2
1497 2
1498 2
1499 2
1500 2
1501 2
1502 2
1503 0
1504 2
1505 2
1506 2
1507 2
1508 2
1509 2
1510 2
1511 2
1512 2
1513 2
1514 2
1515 0
1516 0
1517 0
1518 0
1519 0
1520 0
1521 0
1522 0
1523 0
1524 0
1525 0
1526 0
1527 1
1528 0
1529 0
1530 0
1531 0
1532 0
1533 0
1534 0
1535 0
1536 0
1537 0
1538 0
1539 0
1540 2
1541 0
1542 0
1543 0
1544 0
1545 0
1546 0
1547 0
1548 0
1549 0
1550 0
1551 0
1552 0
1553 2
1554 0
1555 0
1556 0
1557 2
1558 2
1559 0
1560 2
1561 1
1562 1
1563 0
1564 0
1565 0
1566 0
1567 0
1568 1
1569 1
1570 1
1571 1
1572 1
1573 1
1574 1
1575 1
1576 0
1577 1
1578 1
1579 1
1580 1
1581 1
1582 2
1583 0
1584 0
1585 0
1586 0
1587 2
1588 2
1589 2
1590 2
1591 2
1592 0
1593 0
1594 0
1595 0
1596 0
1597 0
1598 2
1599 2
1600 2
1601 2
1602 2
1603 2
1604 2
1605 2
1606 2
1607 2
1608 2
1609 2
1610 2
1611 2
1612 2
1613 2
1614 2
1615 2
1616 2
1617 2
1618 0
1619 0
1620 1
1621 1
1622 0
1623 2
1624 2
1625 2
1626 2
1627 2
1628 2
1629 2
1630 2
1631 2
1632 2
1633 2
1634 2
1635 0
1636 0
1637 0
1638 0
1639 0
1640 0
1641 0
1642 0
1643 0
1644 0
1645 0
1646 0
1647 1
1648 1
1649 1
1650 1
1651 1
1652 1
1653 1
1654 1
1655 1
1656 1
1657 1
1658 1
1659 1
1660 1
1661 0
1662 0
1663 0
1664 0
1665 0
1666 2
1667 2
1668 1
1669 2
1670 2
1671 0
1672 2
1673 2
1674 0
1675 0
1676 1
1677 0
1678 0
1679 0
1680 0
1681 0
1682 0
1683 0
1684 0
1685 0
1686 1
1687 1
1688 0
1689 0
1690 0
1691 0
1692 2
1693 0
1694 2
1695 0
1696 0
1697 0
1698 1
1699 1
1700 1
1701 0
1702 0
1703 0
1704 0
1705 0
1706 0
1707 0
1708 0
1709 0
1710 0
1711 2
1712 2
1713 2
1714 2
1715 2
1716 2
1717 2
1718 0
1719 0
1720 0
1721 0
1722 0
1723 0
1724 0
1725 0
1726 0
1727 1
1728 1
1729 2
1730 0
1731 1
1732 0
1733 0
1734 0
1735 0
1736 0
1737 0
1738 0
1739 0
1740 0
1741 0
1742 0
1743 0
1744 0
1745 1
1746 1
1747 2
1748 0
1749 0
1750 0
1751 1
1752 1
1753 1
1754 1
1755 2
1756 1
1757 1
1758 1
1759 2
1760 1
1761 1
1762 1
1763 1
1764 1
1765 1
1766 0
1767 0
1768 2
1769 2
1770 0
1771 1
1772 0
1773 0
1774 0
1775 0
1776 0
1777 0
1778 0
1779 0
1780 1
1781 1
1782 1
1783 1
1784 1
1785 1
1786 1
1787 1
1788 1
1789 1
1790 1
1791 1
1792 1
1793 0
1794 0
1795 0
1796 0
1797 0
1798 0
1799 0
1800 0
1801 0
1802 0
1803 0
1804 0
1805 0
1806 0
1807 0
1808 1
1809 0
1810 0
1811 0
1812 0
1813 0
1814 0
1815 0
1816 0
1817 0
1818 0
1819 0
1820 0
1821 0
1822 0
1823 0
1824 0
1825 0
1826 2
1827 2
1828 2
1829 2
1830 0
1831 0
1832 0
1833 0
1834 0
1835 0
1836 0
1837 0
1838 0
1839 2
1840 2
1841 2
1842 2
1843 2
1844 2
1845 2
1846 2
1847 2
1848 2
1849 2
1850 1
1851 1
1852 1
1853 1
1854 1
1855 1
1856 1
1857 2
1858 2
1859 2
1860 2
1861 2
1862 2
1863 2
1864 1
1865 2
1866 2
1867 2
1868 2
1869 2
1870 2
1871 1
1872 1
1873 1
1874 1
1875 1
1876 1
1877 1
1878 1
1879 1
1880 1
1881 1
1882 1
1883 1
1884 1
1885 1
1886 1
1887 1
1888 1
1889 1
1890 1
1891 1
1892 1
1893 1
1894 1
1895 1
1896 1
1897 1
1898 1
1899 1
1900 1
1901 1
1902 1
1903 1
1904 1
1905 2
1906 0
1907 2
1908 2
1909 2
1910 2
1911 2
1912 0
1913 2
1914 2
1915 2
1916 0
1917 2
1918 1
1919 1
1920 2
1921 2
1922 2
1923 2
1924 0
1925 0
1926 0
1927 0
1928 1
1929 1
1930 2
1931 2
1932 1
1933 2
1934 2
1935 2
1936 1
1937 1
1938 1
1939 1
1940 1
1941 1
1942 1
1943 1
1944 0
1945 2
1946 2
1947 2
1948 2
1949 2
1950 0
1951 0
1952 0
1953 0
1954 0
1955 0
1956 0
1957 0
1958 0
1959 0
1960 2
1961 2
1962 2
1963 2
1964 2
1965 2
1966 0
1967 2
1968 2
1969 2
1970 0
1971 2
1972 2
1973 2
1974 2
1975 2
1976 2
1977 2
1978 2
1979 2
1980 2
1981 2
1982 2
1983 0
1984 0
1985 0
1986 1
1987 1
1988 1
1989 1
1990 1
1991 0
1992 1
1993 1
1994 0
1995 0
1996 0
1997 0
1998 1
1999 1
2000 1
2001 1
2002 0
2003 0
2004 0
2005 2
2006 0
2007 0
2008 0
2009 0
2010 0
2011 0
2012 0
2013 0
2014 0
2015 0
2016 0
2017 2
2018 2
2019 2
2020 2
2021 2
2022 2
2023 2
2024 2
2025 2
2026 2
2027 0
2028 0
2029 0
2030 2
2031 0
2032 2
2033 2
2034 1
2035 1
2036 1
2037 1
2038 2
2039 0
2040 0
2041 0
2042 0
2043 0
2044 0
2045 0
2046 0
2047 0
2048 0
2049 0
2050 0
2051 1
2052 0
2053 0
2054 2
2055 0
2056 0
2057 0
2058 0
2059 0
2060 0
2061 1
2062 1
2063 1
2064 1
2065 1
2066 2
2067 0
2068 2
2069 2
2070 2
2071 2
2072 2
2073 2
2074 0
2075 1
2076 1
2077 1
2078 1
2079 1
2080 1
2081 1
2082 2
2083 2
2084 2
2085 0
2086 2
2087 2
2088 1
2089 1
2090 1
2091 1
2092 1
2093 2
2094 2
2095 2
2096 2
2097 2
2098 2
2099 2
2100 2
2101 2
2102 2
2103 1
2104 1
2105 0
2106 1
2107 1
2108 1
2109 0
2110 0
2111 0
2112 0
2113 2
2114 2
2115 2
2116 2
2117 1
2118 0
2119 1
2120 1
2121 1
2122 1
2123 1
2124 0
2125 0
2126 0
2127 0
2128 0
2129 0
2130 0
2131 0
2132 0
2133 0
2134 2
2135 2
2136 2
2137 2
2138 2
2139 2
2140 2
2141 2
2142 2
2143 0
2144 0
2145 0
2146 0
2147 1
2148 2
2149 1
2150 2
2151 1
2152 1
2153 1
2154 1
2155 1
2156 1
2157 1
2158 1
2159 1
2160 1
2161 1
2162 0
2163 0
2164 0
2165 0
2166 0
2167 0
2168 0
2169 0
2170 1
2171 0
2172 0
2173 0
2174 0
2175 0
2176 2
2177 2
2178 2
2179 2
2180 2
2181 2
2182 2
2183 0
2184 0
2185 2
2186 2
2187 2
2188 1
2189 1
2190 1
2191 2
2192 2
2193 2
2194 2
2195 2
2196 2
2197 2
2198 1
2199 1
2200 2
2201 2
2202 1
2203 2
2204 2
2205 2
2206 0
2207 0
2208 0
2209 2
2210 2
2211 1
2212 1
2213 2
2214 1
2215 1
2216 1
2217 1
2218 0
2219 0
2220 0
2221 1
2222 2
2223 2
2224 2
2225 2
2226 1
2227 0
2228 0
2229 0
2230 0
2231 0
2232 0
2233 2
2234 2
2235 0
2236 0
2237 0
2238 0
2239 2
2240 0
2241 0
2242 0
2243 0
2244 0
2245 1
2246 1
2247 1
2248 1
2249 1
2250 2
2251 0
2252 0
2253 0
2254 0
2255 0
2256 0
2257 0
2258 0
2259 0
2260 0
2261 0
2262 0
2263 1
2264 2
2265 2
2266 2
2267 2
2268 2
2269 2
2270 2
2271 0
2272 0
2273 0
2274 0
2275 0
2276 0
2277 0
2278 0
2279 0
2280 0
2281 0
2282 0
2283 0
2284 1
2285 2
2286 2
2287 2
2288 1
2289 1
2290 1
2291 1
2292 1
2293 1
2294 0
2295 2
2296 2
2297 2
2298 2
2299 2
2300 2
2301 1
2302 1
2303 1
2304 1
2305 1
2306 1
2307 1
2308 1
2309 1
2310 0
2311 1
2312 0
2313 0
2314 0
2315 0
2316 0
2317 0
2318 0
2319 0
2320 2
2321 0
2322 2
2323 0
2324 0
2325 0
2326 2
2327 2
2328 2
2329 2
2330 2
2331 2
2332 2
2333 2
2334 2
2335 2
2336 2
2337 2
2338 2
2339 0
2340 0
2341 0
2342 0
2343 0
2344 1
2345 0
2346 0
2347 0
2348 0
2349 0
2350 0
2351 0
2352 0
2353 0
2354 0
2355 1
2356 1
2357 1
2358 1
2359 1
2360 1
2361 2
2362 2
2363 2
2364 2
2365 2
2366 2
2367 2
2368 2
2369 2
2370 2
2371 2
2372 2
2373 2
2374 2
2375 2
2376 2
2377 2
2378 0
2379 2
2380 2
2381 0
2382 0
2383 0
2384 0
2385 0
2386 1
2387 1
2388 0
2389 0
2390 2
2391 2
2392 2
2393 2
2394 2
2395 2
2396 2
2397 2
2398 1
2399 1
2400 1
2401 1
2402 1
2403 2
2404 2
2405 2
2406 2
2407 2
2408 1
2409 1
2410 1
2411 1
2412 1
2413 1
2414 1
2415 2
2416 2
2417 1
2418 0
2419 1
2420 1
2421 1
2422 1
2423 2
2424 1
2425 1
2426 0
2427 0
2428 0
2429 0
2430 0
2431 0
2432 0
2433 0
2434 1
2435 1
2436 1
2437 1
2438 1
2439 1
2440 1
2441 1
2442 1
2443 1
2444 1
2445 1
2446 1
2447 1
2448 1
2449 1
2450 1
2451 1
2452 1
2453 1
2454 1
2455 1
2456 1
2457 0
2458 0
2459 2
2460 2
2461 2
2462 2
2463 2
2464 2
2465 2
2466 2
2467 2
2468 2
2469 2
2470 2
2471 2
2472 2
2473 0
2474 0
2475 1
2476 2
2477 2
2478 2
2479 2
2480 1
2481 0
2482 1
2483 1
2484 1
2485 1
2486 1
2487 1
2488 1
2489 2
2490 1
2491 1
2492 1
2493 2
2494 2
2495 2
2496 2
2497 2
2498 1
2499 1
2500 1
2501 1
2502 1
2503 1
2504 1
2505 1
2506 1
2507 0
2508 0
2509 0
2510 0
2511 0
2512 0
2513 0
2514 0
2515 0
2516 1
2517 1
2518 1
2519 1
2520 2
2521 2
2522 2
2523 0
2524 0
2525 0
2526 0
2527 0
2528 0
2529 0
2530 0
2531 0
2532 2
2533 2
2534 2
2535 2
2536 2
2537 2
2538 2
2539 2
2540 2
2541 2
2542 2
2543 2
2544 2
2545 2
2546 2
2547 2
2548 2
2549 2
2550 2
2551 2
2552 2
2553 1
2554 1
2555 2
2556 2
2557 2
2558 0
2559 2
2560 2
2561 2
2562 2
2563 2
2564 0
2565 0
2566 0
2567 0
2568 0
2569 0
2570 0
2571 0
2572 0
2573 0
2574 0
2575 0
2576 0
2577 0
2578 0
2579 0
2580 0
2581 0
2582 2
2583 0
2584 0
2585 1
2586 0
2587 2
2588 2
2589 2
2590 2
2591 2
2592 2
2593 2
2594 2
2595 2
2596 2
2597 1
2598 1
2599 1
2600 1
2601 1
2602 1
2603 1
2604 0
2605 1
2606 1
2607 1
2608 1
2609 1
2610 1
2611 0
2612 0
2613 0
2614 0
2615 0
2616 0
2617 2
2618 2
2619 2
2620 2
2621 2
2622 2
2623 0
2624 0
2625 0
2626 1
2627 1
2628 1
2629 1
2630 1
2631 1
2632 1
2633 1
2634 1
2635 1
2636 1
2637 1
2638 1
2639 1
2640 0
2641 0
2642 2
2643 2
2644 2
2645 1
2646 1
2647 2
2648 1
2649 1
2650 1
2651 0
2652 1
2653 0
2654 0
2655 0
2656 0
2657 0
2658 0
2659 0
2660 0
2661 0
2662 0
2663 0
2664 0
2665 0
2666 2
2667 0
2668 0
2669 0
2670 0
2671 2
2672 2
2673 2
2674 2
2675 2
2676 2
2677 2
2678 2
2679 0
2680 0
2681 0
2682 0
2683 0
2684 0
2685 0
2686 0
2687 0
2688 0
2689 0
2690 0
2691 0
2692 0
2693 0
2694 0
2695 0
2696 0
2697 0
2698 0
2699 0
2700 0
2701 0
2702 0
2703 0
2704 2
2705 2
2706 2
2707 2
2708 2
2709 2
2710 2
2711 0
2712 0
2713 0
2714 0
2715 0
2716 0
2717 0
2718 1
2719 1
2720 1
2721 2
2722 2
2723 2
2724 2
2725 2
2726 2
2727 2
2728 2
2729 2
2730 2
2731 2
2732 2
2733 2
2734 2
2735 2
2736 2
2737 2
2738 2
2739 2
2740 2
2741 2
2742 2
2743 2
2744 2
2745 2
2746 2
2747 2
2748 0
2749 0
2750 0
2751 0
2752 0
2753 0
2754 0
2755 0
2756 2
2757 1
2758 1
2759 2
2760 2
2761 2
2762 2
2763 2
2764 2
2765 0
2766 2
2767 2
2768 2
2769 1
2770 1
2771 1
2772 1
2773 1
2774 0
2775 1
2776 0
2777 1
2778 1
2779 1
2780 1
2781 1
2782 1
2783 1
2784 0
2785 0
2786 2
2787 2
2788 2
2789 2
2790 2
2791 2
2792 2
2793 1
2794 0
2795 0
2796 0
2797 0
2798 0
2799 0
2800 0
2801 1
2802 1
2803 1
2804 1
2805 1
2806 2
2807 0
2808 1
2809 2
2810 2
2811 2
2812 2
2813 0
2814 0
2815 0
2816 0
2817 0
2818 0
2819 0
2820 2
2821 2
2822 0
2823 1
2824 2
2825 2
2826 2
2827 0
2828 0
2829 0
2830 0
2831 0
2832 0
2833 0
2834 0
2835 0
2836 0
2837 0
2838 0
2839 0
2840 0
2841 0
2842 0
2843 0
2844 0
2845 2
2846 2
2847 1
2848 1
2849 2
2850 2
2851 2
2852 2
2853 1
2854 1
2855 1
2856 1
2857 1
2858 1
2859 1
2860 0
2861 0
2862 0
2863 2
2864 1
2865 1
2866 1
2867 1
2868 2
2869 0
2870 0
2871 0
2872 0
2873 0
2874 0
2875 2
2876 0
2877 0
2878 0
2879 2
2880 0
2881 2
2882 0
2883 0
2884 0
2885 0
2886 0
2887 2
2888 2
2889 1
2890 1
2891 1
2892 1
2893 1
2894 1
2895 1
2896 1
2897 2
2898 2
2899 1
2900 1
2901 1
2902 1
2903 1
2904 1
2905 1
2906 1
2907 0
2908 2
2909 2
2910 2
2911 2
2912 2
2913 2
2914 2
2915 2
2916 2
2917 2
2918 0
2919 1
2920 1
2921 1
2922 1
2923 1
2924 1
2925 1
2926 1
2927 1
2928 1
2929 1
2930 1
2931 1
2932 1
2933 1
2934 1
2935 2
2936 2
2937 2
2938 2
2939 2
2940 2
2941 2
2942 2
2943 2
2944 2
2945 0
2946 2
2947 2
2948 2
2949 2
2950 1
2951 1
2952 2
2953 1
2954 1
2955 1
2956 1
2957 1
2958 1
2959 1
2960 1
2961 1
2962 1
2963 2
2964 2
2965 2
2966 2
2967 2
2968 1
2969 2
2970 2
2971 1
2972 1
2973 1
2974 1
2975 1
2976 1
2977 1
2978 1
2979 1
2980 2
2981 2
2982 2
2983 2
2984 2
2985 2
2986 2
2987 2
2988 2
2989 2
2990 0
2991 0
2992 0
2993 0
2994 2
2995 2
2996 2
2997 2
2998 1
2999 2
3000 2
3001 2
3002 2
3003 2
3004 2
3005 2
3006 1
3007 1
3008 1
3009 1
3010 1
3011 0
3012 2
3013 2
3014 2
3015 2
3016 2
3017 2
3018 2
3019 2
3020 0
3021 0
3022 0
3023 0
3024 0
3025 0
3026 0
3027 0
3028 0
3029 0
3030 1
3031 2
3032 0
3033 0
3034 0
3035 2
3036 2
3037 2
3038 2
3039 2
3040 2
3041 2
3042 2
3043 2
3044 2
3045 2
3046 2
3047 1
3048 1
3049 1
3050 0
3051 0
3052 0
3053 0
3054 2
3055 2
3056 2
3057 2
3058 2
3059 2
3060 2
3061 2
3062 2
3063 2
3064 2
3065 2
3066 2
3067 2
3068 2
3069 2
3070 2
3071 1
3072 0
3073 0
3074 0
3075 0
3076 0
3077 1
3078 1
3079 1
3080 1
3081 1
3082 2
3083 2
3084 2
3085 2
3086 2
3087 2
3088 2
3089 2
3090 2
3091 2
3092 2
3093 2
3094 2
3095 2
3096 2
3097 2
3098 1
3099 2
3100 2
3101 2
3102 0
3103 0
3104 1
3105 2
3106 2
3107 0
3108 0
3109 2
3110 2
3111 2
3112 1
3113 1
3114 1
3115 1
3116 1
3117 1
3118 1
3119 2
3120 2
3121 2
3122 2
3123 2
3124 0
3125 0
3126 0
3127 0
3128 0
3129 1
3130 1
3131 0
3132 0
3133 2
3134 0
3135 0
3136 0
3137 0
3138 0
3139 0
3140 0
3141 0
3142 0
3143 2
3144 2
3145 2
3146 0
3147 2
3148 2
3149 2
3150 2
3151 0
3152 2
3153 2
3154 1
3155 1
3156 0
3157 0
3158 1
3159 2
3160 2
3161 2
3162 2
3163 0
3164 1
3165 1
3166 1
3167 1
3168 1
3169 2
3170 0
3171 0
3172 0
3173 2
3174 2
3175 2
3176 2
3177 0
3178 0
3179 0
3180 0
3181 1
3182 1
3183 2
3184 2
3185 2
3186 2
3187 2
3188 2
3189 2
3190 0
3191 0
3192 0
3193 1
3194 1
3195 2
3196 2
3197 2
3198 2
3199 2
3200 2
3201 2
3202 1
3203 1
3204 1
3205 1
3206 1
3207 1
3208 1
3209 2
3210 2
3211 2
3212 2
3213 2
3214 2
3215 2
3216 2
3217 2
3218 2
3219 2
3220 2
3221 2
3222 2
3223 2
3224 2
3225 2
3226 2
3227 2
3228 2
3229 2
3230 1
3231 1
3232 1
3233 2
3234 2
3235 2
3236 2
3237 2
3238 2
3239 2
3240 2
3241 2
3242 2
3243 2
3244 1
3245 0
3246 0
3247 0
3248 2
3249 0
3250 2
3251 2
3252 2
3253 2
3254 2
3255 2
3256 2
3257 2
3258 2
3259 2
3260 2
3261 2
3262 2
3263 2
3264 2
3265 2
3266 0
3267 0
3268 0
3269 0
3270 1
3271 0
3272 1
3273 2
3274 1
3275 1
3276 1
3277 1
3278 1
3279 1
3280 1
3281 1
3282 2
3283 2
3284 0
3285 2
3286 2
3287 2
3288 2
3289 2
3290 2
3291 1
3292 0
3293 0
3294 0
3295 0
3296 1
3297 1
3298 1
3299 1
3300 1
3301 1
3302 0
3303 0
3304 0
3305 0
3306 0
3307 0
3308 0
3309 0
3310 0
3311 0
3312 0
3313 0
3314 0
3315 0
3316 0
3317 0
3318 0
3319 0
3320 0
3321 1
3322 0
3323 0
3324 2
3325 0
3326 0
3327 0
3328 1
3329 1
3330 0
3331 0
3332 0
3333 0
3334 0
3335 0
3336 1
3337 0
3338 1
3339 1
3340 2
3341 1
3342 1
3343 1
3344 1
3345 1
3346 1
3347 1
3348 1
3349 1
3350 1
3351 1
3352 1
3353 1
3354 1
3355 1
3356 1
3357 0
3358 1
3359 2
3360 2
3361 2
3362 2
3363 2
3364 2
3365 2
3366 2
3367 2
3368 2
3369 2
3370 2
3371 2
3372 2
3373 2
3374 1
3375 1
3376 0
3377 0
3378 0
3379 0
3380 0
3381 0
3382 0
3383 0
3384 0
3385 0
3386 2
3387 2
3388 2
3389 2
3390 2
3391 0
3392 0
3393 0
3394 0
3395 0
3396 0
3397 1
3398 1
3399 1
3400 1
3401 1
3402 1
3403 1
3404 1
3405 1
3406 1
3407 1
3408 1
3409 1
3410 0
3411 0
3412 0
3413 2
3414 2
3415 2
3416 2
3417 2
3418 2
3419 2
3420 0
3421 0
3422 0
3423 0
3424 2
3425 2
3426 2
3427 0
3428 0
3429 0
3430 2
3431 0
3432 0
3433 0
3434 1
3435 1
3436 0
3437 1
3438 1
3439 1
3440 1
3441 1
3442 1
3443 1
3444 1
3445 1
3446 1
3447 0
3448 2
3449 2
3450 2
3451 2
3452 0
3453 0
3454 0
3455 1
3456 1
3457 1
3458 1
3459 1
3460 1
3461 1
3462 1
3463 1
3464 1
3465 1
3466 1
3467 1
3468 1
3469 1
3470 1
3471 1
3472 1
3473 1
3474 1
3475 1
3476 1
3477 1
3478 1
3479 1
3480 1
3481 1
3482 1
3483 1
3484 1
3485 1
3486 0
3487 0
3488 0
3489 0
3490 0
3491 1
3492 1
3493 1
3494 1
3495 2
3496 2
3497 2
3498 2
3499 0
3500 0
3501 0
3502 0
3503 0
3504 0
3505 0
3506 0
3507 0
3508 0
3509 2
3510 2
3511 2
3512 2
3513 2
3514 2
3515 2
3516 2
3517 1
3518 1
3519 1
3520 1
3521 1
3522 1
3523 1
3524 1
3525 1
3526 1
3527 1
3528 1
3529 1
3530 1
3531 1
3532 1
3533 1
3534 1
3535 1
3536 1
3537 1
3538 1
3539 1
3540 2
3541 2
3542 2
3543 1
3544 2
3545 2
3546 2
3547 2
3548 1
3549 1
3550 0
3551 2
3552 2
3553 2
3554 0
3555 0
3556 0
3557 2
3558 2
3559 1
3560 2
3561 2
3562 2
3563 2
3564 1
3565 1
3566 1
3567 1
3568 1
3569 2
3570 2
3571 2
3572 0
3573 1
3574 1
3575 2
3576 2
3577 2
3578 2
3579 2
3580 2
3581 2
3582 2
3583 2
3584 2
3585 2
3586 2
3587 0
3588 1
3589 2
3590 1
3591 1
3592 2
3593 2
3594 1
3595 1
3596 1
3597 0
3598 2
3599 1
3600 1
3601 1
3602 1
3603 0
3604 0
3605 0
3606 0
3607 0
3608 0
3609 0
3610 2
3611 0
3612 0
3613 1
3614 1
3615 1
3616 1
3617 1
3618 1
3619 2
3620 2
3621 1
3622 1
3623 1
3624 0
3625 0
3626 0
3627 0
3628 0
3629 0
3630 0
3631 0
3632 0
3633 0
3634 0
3635 0
3636 0
3637 0
3638 0
3639 0
3640 2
3641 2
3642 2
3643 1
3644 1
3645 1
3646 1
3647 1
3648 1
3649 1
3650 1
3651 1
3652 1
3653 2
3654 2
3655 2
3656 0
3657 2
3658 1
3659 1
3660 1
3661 1
3662 1
3663 1
3664 1
3665 1
3666 1
3667 1
3668 1
3669 1
3670 1
3671 1
3672 1
3673 1
3674 1
3675 1
3676 1
3677 1
3678 1
3679 1
3680 1
3681 1
3682 1
3683 1
3684 1
3685 1
3686 1
3687 1
3688 1
3689 1
3690 1
3691 1
3692 0
3693 0
3694 0
3695 2
3696 2
3697 2
3698 1
3699 1
3700 1
3701 1
3702 0
3703 2
3704 1
3705 1
3706 1
3707 0
3708 0
3709 0
3710 2
3711 2
3712 2
3713 2
3714 2
3715 2
3716 2
3717 2
3718 2
3719 2
3720 2
3721 2
3722 2
3723 2
3724 2
3725 2
3726 2
3727 2
3728 2
3729 0
3730 2
3731 2
3732 2
3733 0
3734 1
3735 1
3736 1
3737 1
3738 1
3739 2
3740 2
3741 2
3742 2
3743 2
3744 2
3745 2
3746 2
3747 0
3748 2
3749 2
3750 0
3751 0
3752 2
3753 2
3754 2
3755 2
3756 0
3757 0
3758 1
3759 1
3760 1
3761 1
3762 2
3763 2
3764 2
3765 1
3766 1
3767 1
3768 1
3769 1
3770 1
3771 1
3772 0
3773 1
3774 1
3775 0
3776 0
3777 0
3778 0
3779 0
3780 1
3781 1
3782 1
3783 1
3784 0
3785 0
3786 0
3787 0
3788 0
3789 2
3790 2
3791 2
3792 2
3793 2
3794 2
3795 2
3796 2
3797 1
3798 1
3799 1
3800 2
3801 2
3802 2
3803 2
3804 1
3805 1
3806 0
3807 2
3808 1
3809 0
3810 0
3811 0
3812 0
3813 0
3814 0
3815 1
3816 2
3817 0
3818 0
3819 1
3820 1
3821 1
3822 1
3823 1
3824 1
3825 1
3826 1
3827 2
3828 2
3829 2
3830 2
3831 1
3832 1
3833 0
3834 0
3835 0
3836 2
3837 1
3838 1
3839 2
3840 0
3841 0
3842 0
3843 0
3844 0
3845 0
3846 0
3847 0
3848 0
3849 2
3850 1
3851 1
3852 2
3853 2
3854 1
3855 1
3856 0
3857 0
3858 0
3859 0
3860 0
3861 0
3862 0
3863 1
3864 1
3865 1
3866 2
3867 2
3868 2
3869 2
3870 2
3871 2
3872 2
3873 0
3874 1
3875 1
3876 1
3877 1
3878 1
3879 1
3880 1
3881 1
3882 1
3883 1
3884 1
3885 0
3886 0
3887 0
3888 0
3889 0
3890 0
3891 2
3892 2
3893 2
3894 1
3895 1
3896 1
3897 1
3898 1
3899 2
3900 2
3901 2
3902 2
3903 2
3904 2
3905 2
3906 2
3907 2
3908 2
3909 2
3910 2
3911 2
3912 0
3913 0
3914 0
3915 0
3916 2
3917 2
3918 2
3919 2
3920 2
3921 2
3922 2
3923 2
3924 2
3925 1
3926 1
3927 1
3928 1
3929 1
3930 1
3931 1
3932 1
3933 1
3934 2
3935 2
3936 2
3937 0
3938 0
3939 0
3940 0
3941 0
3942 0
3943 0
3944 0
3945 2
3946 0
3947 1
3948 1
3949 1
3950 2
3951 1
3952 2
3953 1
3954 1
3955 0
3956 0
3957 0
3958 0
3959 0
3960 0
3961 1
3962 1
3963 0
3964 2
3965 2
3966 0
3967 0
3968 0
3969 0
3970 0
3971 0
3972 1
3973 1
3974 1
3975 1
3976 1
3977 1
3978 1
3979 1
3980 1
3981 1
3982 1
3983 1
3984 1
3985 1
3986 1
3987 0
3988 1
3989 1
3990 1
3991 0
3992 0
3993 0
3994 0
3995 1
3996 1
3997 1
3998 0
3999 0
4000 0
4001 2
4002 2
4003 2
4004 2
4005 2
4006 2
4007 1
4008 1
4009 1
4010 1
4011 1
4012 0
4013 1
4014 1
4015 0
4016 0
4017 0
4018 0
4019 0
4020 0
4021 0
4022 1
4023 1
4024 1
4025 1
4026 0
4027 0
4028 0
4029 0
4030 0
4031 0
4032 0
4033 0
4034 0
4035 0
4036 0
4037 1
4038 1
4039 0
4040 0
4041 0
4042 0
4043 0
4044 2
4045 2
4046 2
4047 2
4048 0
4049 0
4050 0
4051 2
4052 0
4053 1
4054 1
4055 2
4056 2
4057 2
4058 0
4059 0
4060 0
4061 0
4062 2
4063 1
4064 1
4065 0
4066 2
4067 0
4068 2
4069 0
4070 1
4071 1
4072 1
4073 1
4074 1
4075 1
4076 1
4077 1
4078 1
4079 1
4080 1
4081 1
4082 1
4083 1
4084 1
4085 0
4086 0
4087 2
4088 2
4089 0
4090 2
4091 2
4092 0
4093 0
4094 0
4095 0
4096 1
4097 1
4098 1
4099 2
4100 2
4101 2
4102 0
4103 1
4104 1
4105 1
4106 1
4107 1
4108 1
4109 0
4110 1
4111 1
4112 1
4113 0
4114 2
4115 1
4116 0
4117 0
4118 0
4119 0
4120 0
4121 0
4122 0
4123 0
4124 0
4125 0
4126 0
4127 2
4128 2
4129 1
4130 1
4131 1
4132 1
4133 2
4134 2
4135 0
4136 2
4137 1
4138 2
4139 2
4140 2
4141 0
4142 0
4143 0
4144 1
4145 1
4146 1
4147 1
4148 1
4149 1
4150 0
4151 2
4152 1
4153 0
4154 1
4155 2
4156 1
4157 2
