0 1
1 9
2 0
3 4
4 6
5 6
6 6
7 2
8 2
9 4
10 0
11 9
12 1
13 6
14 5
15 3
16 3
17 9
18 7
19 0
20 4
21 7
22 8
23 7
24 7
25 5
26 1
27 2
28 9
29 0
30 5
31 9
32 8
33 1
34 7
35 8
36 2
37 5
38 5
39 7
40 9
41 6
42 3
43 6
44 3
45 5
46 0
47 7
48 9
49 2
50 4
51 4
52 3
53 3
54 0
55 6
56 1
57 4
58 9
59 1
60 2
61 5
62 1
63 7
64 5
65 9
66 8
67 8
68 3
69 0
70 4
71 4
72 6
73 5
74 1
75 5
76 1
77 5
78 9
79 0
80 6
81 3
82 1
83 2
84 4
85 9
86 6
87 3
88 5
89 6
90 9
91 7
92 5
93 6
94 1
95 0
96 1
97 4
98 9
99 7
100 6
101 4
102 3
103 6
104 0
105 2
106 4
107 6
108 4
109 8
110 4
111 1
112 9
113 8
114 1
115 0
116 7
117 8
118 5
119 2
120 7
121 1
122 0
123 7
124 8
125 5
126 5
127 7
128 1
129 1
130 5
131 8
132 9
133 8
134 8
135 3
136 2
137 0
138 5
139 5
140 1
141 4
142 3
143 3
144 8
145 7
146 9
147 1
148 5
149 2
150 2
151 1
152 2
153 4
154 1
155 5
156 3
157 9
158 7
159 5
160 4
161 8
162 4
163 5
164 0
165 8
166 7
167 6
168 7
169 8
170 1
171 4
172 8
173 7
174 8
175 4
176 6
177 8
178 2
179 0
180 5
181 0
182 0
183 4
184 1
185 2
186 5
187 1
188 8
189 3
190 7
191 3
192 7
193 6
194 9
195 0
196 1
197 3
198 0
199 0
200 5
201 9
202 5
203 0
204 4
205 3
206 0
207 7
208 6
209 0
210 8
211 8
212 3
213 6
214 3
215 2
216 2
217 2
218 3
219 0
220 5
221 6
222 3
223 9
224 3
225 7
226 8
227 0
228 6
229 3
230 6
231 2
232 6
233 8
234 6
235 3
236 9
237 6
238 9
239 9
240 1
241 2
242 3
243 5
244 6
245 8
246 2
247 8
248 3
249 4
250 0
251 6
252 5
253 5
254 8
255 3
256 7
257 7
258 4
259 1
260 2
261 6
262 3
263 4
264 1
265 3
266 5
267 7
268 1
269 1
270 2
271 9
272 7
273 4
274 1
275 5
276 7
277 2
278 5
279 4
280 8
281 7
282 9
283 9
284 4
285 9
286 1
287 2
288 3
289 4
290 1
291 1
292 2
293 4
294 5
295 0
296 4
297 7
298 3
299 3
300 2
301 1
302 1
303 1
304 7
305 0
306 6
307 2
308 7
309 9
310 1
311 4
312 7
313 3
314 9
315 5
316 4
317 6
318 3
319 7
320 1
321 1
322 2
323 1
324 0
325 1
326 8
327 5
328 7
329 1
330 1
331 1
332 9
333 2
334 1
335 0
336 1
337 7
338 5
339 0
340 6
341 3
342 8
343 3
344 8
345 4
346 6
347 7
348 6
349 6
350 9
351 3
352 4
353 4
354 2
355 8
356 3
357 3
358 6
359 3
360 1
361 2
362 8
363 4
364 6
365 7
366 4
367 2
368 9
369 0
370 5
371 5
372 8
373 6
374 2
375 0
376 8
377 2
378 3
379 8
380 2
381 4
382 7
383 7
384 3
385 0
386 3
387 4
388 7
389 4
390 1
391 1
392 0
393 8
394 7
395 9
396 8
397 8
398 1
399 9
400 1
401 6
402 6
403 7
404 4
405 0
406 1
407 0
408 3
409 6
410 9
411 5
412 3
413 5
414 6
415 6
416 8
417 8
418 0
419 7
420 9
421 4
422 4
423 7
424 4
425 6
426 7
427 7
428 6
429 3
430 7
431 7
432 7
433 8
434 8
435 9
436 3
437 0
438 0
439 6
440 6
441 7
442 9
443 0
444 8
445 8
446 9
447 0
448 0
449 6
450 2
451 3
452 2
453 3
454 6
455 5
456 9
457 9
458 9
459 1
460 9
461 9
462 5
463 2
464 3
465 1
466 8
467 7
468 2
469 8
470 1
471 9
472 6
473 3
474 0
475 5
476 1
477 1
478 9
479 2
480 6
481 9
482 5
483 6
484 8
485 3
486 6
487 1
488 6
489 3
490 7
491 0
492 7
493 4
494 7
495 6
496 1
497 5
498 5
499 3
500 9
501 2
502 2
503 5
504 6
505 7
506 1
507 1
508 0
509 2
510 9
511 3
512 0
513 2
514 9
515 1
516 6
517 1
518 7
519 0
520 7
521 5
522 5
523 1
524 3
525 7
526 3
527 7
528 2
529 6
530 0
531 3
532 6
533 4
534 3
535 2
536 8
537 6
538 1
539 5
540 3
541 8
542 2
543 9
544 7
545 2
546 4
547 5
548 4
549 7
550 0
551 5
552 6
553 0
554 9
555 4
556 0
557 0
558 8
559 8
560 1
561 8
562 1
563 1
564 6
565 3
566 8
567 7
568 9
569 5
570 4
571 8
572 7
573 6
574 6
575 6
576 6
577 8
578 2
579 0
580 8
581 5
582 6
583 3
584 8
585 8
586 9
587 0
588 8
589 8
590 2
591 7
592 1
593 9
594 9
595 0
596 2
597 0
598 2
599 7
600 0
601 3
602 4
603 4
604 5
605 1
606 8
607 9
608 5
609 5
610 0
611 0
612 1
613 6
614 4
615 7
616 5
617 5
618 5
619 0
620 6
621 6
622 3
623 7
624 4
625 3
626 4
627 3
628 3
629 2
630 7
631 7
632 6
633 5
634 2
635 3
636 4
637 4
638 0
639 9
640 3
641 2
642 2
643 9
644 4
645 0
646 8
647 2
648 5
649 9
650 0
651 9
652 8
653 3
654 7
655 0
656 5
657 2
658 3
659 6
660 7
661 4
662 3
663 5
664 0
665 1
666 6
667 0
668 9
669 1
670 9
671 7
672 9
673 9
674 2
675 7
676 2
677 8
678 0
679 5
680 0
681 8
682 3
683 6
684 7
685 5
686 1
687 3
688 1
689 5
690 5
691 0
692 0
693 7
694 8
695 5
696 7
697 4
698 6
699 3
700 4
701 8
702 8
703 5
704 7
705 7
706 8
707 9
708 2
709 3
710 2
711 4
712 4
713 6
714 4
715 9
716 3
717 7
718 7
719 7
720 3
721 5
722 0
723 0
724 2
725 3
726 4
727 4
728 0
729 0
730 9
731 7
732 3
733 6
734 7
735 9
736 3
737 7
738 1
739 2
740 8
741 4
742 7
743 6
744 2
745 9
746 5
747 8
748 7
749 1
750 9
751 5
752 7
753 2
754 9
755 4
756 3
757 7
758 1
759 2
760 7
761 1
