0 2
1 9
2 0
3 4
4 9
5 9
6 0
7 0
8 5
9 9
10 1
11 5
12 8
13 6
14 6
15 3
16 0
17 0
18 0
19 10
20 1
21 4
22 7
23 6
24 9
25 7
26 1
27 4
28 3
29 9
30 3
31 4
32 0
33 9
34 2
35 8
36 4
37 5
38 6
39 6
40 0
41 6
42 4
43 8
44 6
45 9
46 1
47 10
48 9
49 1
50 1
51 8
52 6
53 9
54 3
55 5
56 9
57 3
58 3
59 0
60 4
61 3
62 6
63 0
64 0
65 7
66 3
67 6
68 9
69 7
70 2
71 8
72 8
73 0
74 5
75 7
76 0
77 1
78 4
79 7
80 8
81 9
82 6
83 6
84 7
85 5
86 1
87 0
88 4
89 3
90 0
91 10
92 1
93 0
94 2
95 10
96 3
97 0
98 4
99 7
100 1
101 2
102 0
103 7
104 3
105 6
106 3
107 10
108 7
109 2
110 0
111 6
112 8
113 3
114 9
115 7
116 4
117 6
118 5
119 1
120 2
121 6
122 7
123 6
124 8
125 1
126 9
127 7
128 2
129 9
130 8
131 9
132 7
133 3
134 4
135 6
136 0
137 3
138 9
139 0
140 7
141 1
142 10
143 4
144 8
145 1
146 6
147 8
148 7
149 0
150 4
151 7
152 1
153 3
154 0
155 8
156 0
157 5
158 3
159 9
160 7
161 5
162 2
163 0
164 7
165 3
166 2
167 7
168 4
169 5
170 6
171 9
172 6
173 6
174 7
175 2
176 8
177 3
178 0
179 9
180 9
181 4
182 8
183 9
184 0
185 0
186 1
187 8
188 10
189 5
190 0
191 5
192 0
193 10
194 1
195 9
196 5
197 9
198 1
199 7
200 4
201 2
202 10
203 4
204 3
205 1
206 4
207 8
208 8
209 7
210 4
211 0
212 10
213 6
214 8
215 5
216 8
217 3
218 0
219 3
220 6
221 6
222 0
223 9
224 1
225 5
226 2
227 2
228 8
229 1
230 10
231 8
232 2
233 8
234 0
235 9
236 8
237 6
238 3
239 10
240 8
241 1
242 7
243 6
244 6
245 2
246 7
247 9
248 7
249 5
250 2
251 5
252 10
253 7
254 2
255 9
256 8
257 6
258 7
259 7
260 1
261 8
262 9
263 5
264 6
265 6
266 6
267 4
268 1
269 7
270 2
271 5
272 3
273 1
274 1
275 1
276 2
277 8
278 8
279 7
280 7
281 6
282 2
283 1
284 7
285 8
286 4
287 2
288 6
289 0
290 4
291 2
292 3
293 10
294 6
295 6
296 7
297 2
298 6
299 9
300 4
301 2
302 8
303 7
304 3
305 1
306 5
307 7
308 10
309 8
310 10
311 8
312 8
313 0
314 5
315 1
316 10
317 0
318 7
319 8
320 10
321 0
322 6
323 1
324 10
325 8
326 2
327 0
328 1
329 7
330 8
331 2
332 2
333 5
334 10
335 1
336 3
337 3
338 4
339 8
340 4
341 0
342 10
343 1
344 0
345 4
346 9
347 1
348 1
349 4
350 6
351 1
352 5
353 10
354 1
355 4
356 6
357 2
358 4
359 2
360 10
361 0
362 0
363 0
364 4
365 0
366 7
367 10
368 2
369 1
370 8
371 2
372 10
373 1
374 6
375 2
376 1
377 3
378 5
379 8
380 0
381 7
382 10
383 6
384 6
385 1
386 7
387 9
388 3
389 5
390 5
391 9
392 0
393 3
394 1
395 0
396 9
397 0
398 7
399 10
400 5
401 8
402 9
403 7
404 2
405 9
406 7
407 0
408 4
409 2
410 1
411 1
412 6
413 0
414 7
415 0
416 3
417 1
418 0
419 1
420 3
421 9
422 9
423 6
424 8
425 0
426 4
427 5
428 4
429 8
430 6
431 6
432 6
433 6
434 5
435 7
436 1
437 1
438 0
439 1
440 6
441 9
442 0
443 7
444 3
445 8
446 1
447 4
448 5
449 8
450 7
451 9
452 4
453 0
454 7
455 10
456 9
457 5
458 7
459 5
460 9
461 3
462 10
463 10
464 2
465 4
466 3
467 7
468 6
469 5
470 1
471 3
472 3
473 4
474 4
475 4
476 0
477 3
478 9
479 4
480 4
481 10
482 3
483 2
484 4
485 8
486 3
487 0
488 7
489 7
490 9
491 2
492 2
493 2
494 5
495 6
496 9
497 5
498 0
499 2
500 0
501 2
502 0
503 0
504 3
505 10
506 2
507 4
508 5
509 6
510 0
511 9
512 7
513 5
514 3
515 8
516 7
517 1
518 5
519 1
520 7
521 2
522 9
523 0
524 2
525 9
526 2
527 9
528 3
529 10
530 6
531 0
532 7
533 9
534 7
535 6
536 4
537 5
538 10
539 8
540 10
541 7
542 3
543 8
544 8
545 10
546 9
547 0
548 4
549 9
550 6
551 0
552 6
553 1
554 0
555 1
556 8
557 2
558 3
559 5
560 2
561 5
562 5
563 5
564 5
565 1
566 9
567 3
568 10
569 1
570 2
571 7
572 7
573 4
574 4
575 3
576 5
577 7
578 10
579 6
580 10
581 8
582 9
583 7
584 1
585 2
586 3
587 3
588 5
589 4
590 1
591 9
592 5
593 6
594 3
595 7
596 6
597 3
598 10
599 8
600 0
601 6
602 7
603 5
604 3
605 2
606 6
607 3
608 10
609 5
610 8
611 7
612 1
613 0
614 7
615 3
616 5
617 1
618 7
619 6
620 6
621 5
622 8
623 5
624 4
625 5
626 0
627 9
628 7
629 3
630 0
631 6
632 1
633 0
634 1
635 0
636 4
637 2
638 9
639 9
640 9
641 4
642 1
643 8
644 5
645 1
646 10
647 9
648 3
649 8
650 7
651 2
652 7
653 1
654 6
655 9
656 9
657 8
658 2
659 3
660 6
661 2
662 6
663 6
664 9
665 10
666 4
667 1
668 7
669 4
670 5
671 0
672 3
673 1
674 4
675 7
676 0
677 9
678 0
679 9
680 4
681 7
682 2
683 4
684 1
685 10
686 8
687 2
688 9
689 6
690 8
691 3
692 5
693 9
694 10
695 6
696 6
697 7
698 2
699 1
700 3
701 7
702 10
703 10
704 3
705 8
706 4
707 0
708 4
709 0
710 3
711 1
712 8
713 5
714 5
715 9
716 6
717 5
718 6
719 8
720 9
721 9
722 4
723 7
724 3
725 0
726 8
727 9
728 8
729 5
730 2
731 2
732 6
733 6
734 6
735 4
736 0
737 8
738 8
739 8
740 5
741 8
742 9
743 3
744 5
745 3
746 1
747 0
748 3
749 0
750 0
751 3
752 9
753 4
754 9
755 8
756 10
757 10
758 6
759 7
760 9
761 7
