0 2
1 1
2 1
3 0
4 3
5 0
6 6
7 3
8 0
9 2
10 10
11 11
12 9
13 1
14 6
15 1
16 1
17 10
18 8
19 10
20 10
21 10
22 9
23 6
24 10
25 11
26 6
27 11
28 9
29 0
30 1
31 4
32 9
33 2
34 5
35 9
36 4
37 6
38 8
39 2
40 0
41 0
42 9
43 1
44 10
45 11
46 5
47 1
48 0
49 9
50 3
51 3
52 10
53 10
54 4
55 11
56 10
57 6
58 7
59 10
60 0
61 6
62 11
63 1
64 8
65 11
66 11
67 11
68 11
69 8
70 0
71 8
72 10
73 8
74 7
75 2
76 1
77 8
78 3
79 10
80 6
81 10
82 11
83 2
84 10
85 0
86 1
87 7
88 2
89 0
90 9
91 7
92 4
93 4
94 4
95 1
96 2
97 1
98 0
99 4
100 9
101 6
102 0
103 0
104 6
105 11
106 11
107 0
108 10
109 4
110 5
111 2
112 3
113 7
114 7
115 6
116 11
117 2
118 3
119 1
120 10
121 0
122 0
123 9
124 8
125 4
126 5
127 3
128 3
129 2
130 2
131 10
132 10
133 8
134 8
135 2
136 11
137 5
138 3
139 8
140 10
141 2
142 5
143 1
144 1
145 4
146 10
147 1
148 7
149 1
150 11
151 7
152 6
153 6
154 7
155 10
156 8
157 6
158 6
159 7
160 1
161 4
162 11
163 5
164 2
165 10
166 0
167 11
168 11
169 7
170 8
171 9
172 6
173 9
174 0
175 7
176 2
177 6
178 6
179 4
180 8
181 10
182 2
183 7
184 1
185 9
186 10
187 3
188 10
189 6
190 7
191 11
192 10
193 11
194 7
195 1
196 6
197 7
198 8
199 8
200 10
201 10
202 7
203 6
204 10
205 8
206 4
207 0
208 10
209 1
210 3
211 9
212 2
213 3
214 9
215 6
216 2
217 9
218 3
219 11
220 11
221 0
222 0
223 3
224 11
225 2
226 9
227 9
228 7
229 4
230 10
231 2
232 10
233 8
234 10
235 4
236 8
237 0
238 8
239 3
240 10
241 1
242 6
243 5
244 10
245 7
246 7
247 3
248 11
249 2
250 2
251 0
252 10
253 6
254 1
255 6
256 2
257 0
258 11
259 4
260 1
261 11
262 0
263 5
264 11
265 4
266 4
267 2
268 6
269 5
270 5
271 1
272 8
273 0
274 6
275 8
276 3
277 0
278 3
279 1
280 9
281 0
282 0
283 10
284 11
285 2
286 3
287 1
288 5
289 11
290 4
291 5
292 5
293 2
294 0
295 3
296 10
297 3
298 2
299 2
300 2
301 6
302 0
303 0
304 7
305 2
306 9
307 1
308 5
309 7
310 3
311 9
312 4
313 4
314 9
315 10
316 4
317 10
318 11
319 7
320 10
321 1
322 10
323 11
324 11
325 1
326 9
327 3
328 5
329 11
330 2
331 11
332 8
333 8
334 1
335 2
336 5
337 6
338 7
339 2
340 10
341 0
342 8
343 6
344 6
345 1
346 1
347 11
348 7
349 7
350 10
351 1
352 6
353 6
354 7
355 10
356 1
357 2
358 10
359 10
360 5
361 0
362 4
363 11
364 7
365 5
366 6
367 6
368 1
369 0
370 4
371 5
372 0
373 10
374 11
375 11
376 0
377 3
378 5
379 6
380 5
381 10
382 1
383 10
384 9
385 0
386 10
387 9
388 3
389 7
390 10
391 3
392 10
393 6
394 7
395 8
396 10
397 11
398 5
399 9
400 3
401 4
402 2
403 10
404 6
405 6
406 9
407 5
408 10
409 7
410 11
411 4
412 0
413 6
414 8
415 5
416 1
417 3
418 0
419 3
420 4
421 11
422 9
423 3
424 10
425 7
426 10
427 6
428 8
429 3
430 2
431 5
432 11
433 3
434 5
435 4
436 10
437 3
438 2
439 2
440 11
441 7
442 7
443 0
444 4
445 9
446 6
447 6
448 9
449 5
450 6
451 9
452 6
453 6
454 11
455 2
456 11
457 10
458 11
459 0
460 4
461 6
462 4
463 3
464 8
465 7
466 2
467 1
468 11
469 2
470 2
471 5
472 2
473 1
474 8
475 9
476 4
477 8
478 8
479 4
480 1
481 8
482 3
483 7
484 11
485 3
486 10
487 8
488 7
489 6
490 9
491 9
492 7
493 8
494 7
495 1
496 9
497 11
498 8
499 1
500 1
501 0
502 3
503 8
504 5
505 9
506 1
507 2
508 5
509 1
510 4
511 2
512 6
513 2
514 9
515 1
516 2
517 3
518 2
519 9
520 0
521 2
522 3
523 7
524 9
525 4
526 7
527 2
528 11
529 7
530 0
531 6
532 10
533 10
534 5
535 3
536 6
537 5
538 8
539 5
540 11
541 6
542 10
543 11
544 9
545 3
546 0
547 5
548 8
549 0
550 2
551 7
552 7
553 0
554 4
555 2
556 11
557 6
558 0
559 6
560 1
561 6
562 4
563 5
564 1
565 3
566 3
567 11
568 6
569 10
570 7
571 11
572 5
573 0
574 10
575 10
576 5
577 8
578 1
579 2
580 11
581 5
582 3
583 4
584 6
585 0
586 2
587 8
588 3
589 8
590 1
591 7
592 11
593 0
594 11
595 8
596 6
597 8
598 3
599 10
600 8
601 9
602 3
603 7
604 7
605 4
606 3
607 7
608 9
609 6
610 5
611 0
612 11
613 5
614 11
615 7
616 1
617 0
618 9
619 9
620 4
621 4
622 10
623 6
624 9
625 2
626 11
627 0
628 3
629 4
630 5
631 11
632 11
633 2
634 6
635 1
636 6
637 6
638 7
639 5
640 7
641 10
642 7
643 11
644 3
645 11
646 7
647 7
648 9
649 2
650 2
651 0
652 6
653 8
654 5
655 3
656 9
657 9
658 5
659 6
660 5
661 5
662 9
663 11
664 10
665 1
666 3
667 9
668 4
669 4
670 2
671 2
672 1
673 3
674 2
675 4
676 8
677 9
678 9
679 9
680 11
681 8
682 8
683 3
684 3
685 9
686 4
687 4
688 2
689 0
690 7
691 10
692 3
693 2
694 11
695 3
696 11
697 11
698 6
699 7
700 10
701 1
702 6
703 10
704 11
705 0
706 8
707 1
708 1
709 1
710 8
711 11
712 5
713 6
714 5
715 4
716 1
717 7
718 3
719 0
720 6
721 10
722 8
723 0
724 9
725 7
726 8
727 6
728 11
729 4
730 3
731 4
732 2
733 10
734 5
735 9
736 6
737 7
738 8
739 8
740 9
741 11
742 2
743 4
744 9
745 6
746 10
747 9
748 0
749 3
750 5
751 1
752 9
753 3
754 10
755 1
756 4
757 8
758 9
759 9
760 3
761 8
