0 8
1 4
2 6
3 0
4 5
5 10
6 1
7 0
8 0
9 1
10 8
11 0
12 7
13 4
14 6
15 10
16 3
17 10
18 7
19 0
20 4
21 1
22 5
23 8
24 4
25 12
26 0
27 1
28 4
29 9
30 6
31 3
32 9
33 7
34 11
35 1
36 4
37 10
38 6
39 4
40 7
41 8
42 12
43 3
44 11
45 1
46 3
47 2
48 9
49 10
50 11
51 12
52 12
53 8
54 6
55 12
56 7
57 5
58 10
59 11
60 0
61 12
62 8
63 5
64 0
65 6
66 0
67 6
68 4
69 10
70 1
71 7
72 6
73 2
74 7
75 12
76 4
77 2
78 2
79 1
80 0
81 1
82 2
83 4
84 2
85 5
86 7
87 10
88 2
89 1
90 5
91 2
92 7
93 2
94 5
95 1
96 5
97 12
98 10
99 1
100 3
101 0
102 8
103 1
104 4
105 9
106 7
107 6
108 10
109 8
110 8
111 5
112 2
113 4
114 11
115 11
116 11
117 9
118 6
119 7
120 3
121 3
122 7
123 5
124 12
125 2
126 2
127 10
128 0
129 3
130 9
131 3
132 12
133 7
134 1
135 0
136 0
137 12
138 9
139 2
140 10
141 11
142 0
143 11
144 3
145 4
146 12
147 2
148 6
149 7
150 0
151 10
152 9
153 2
154 10
155 3
156 10
157 4
158 4
159 5
160 2
161 9
162 12
163 11
164 0
165 10
166 1
167 3
168 5
169 0
170 0
171 7
172 10
173 6
174 8
175 5
176 10
177 1
178 3
179 8
180 6
181 3
182 5
183 3
184 5
185 5
186 9
187 9
188 0
189 2
190 6
191 3
192 3
193 12
194 1
195 4
196 9
197 1
198 12
199 2
200 0
201 0
202 0
203 0
204 5
205 7
206 1
207 0
208 1
209 8
210 5
211 4
212 9
213 0
214 9
215 4
216 4
217 9
218 11
219 6
220 7
221 8
222 12
223 2
224 6
225 5
226 1
227 2
228 8
229 5
230 10
231 3
232 1
233 8
234 11
235 1
236 8
237 7
238 2
239 2
240 6
241 9
242 11
243 3
244 9
245 12
246 12
247 11
248 10
249 10
250 8
251 4
252 7
253 6
254 4
255 3
256 12
257 12
258 3
259 2
260 7
261 10
262 12
263 4
264 2
265 6
266 2
267 9
268 4
269 9
270 2
271 12
272 0
273 10
274 5
275 6
276 9
277 12
278 11
279 8
280 1
281 9
282 1
283 3
284 11
285 2
286 6
287 7
288 4
289 7
290 1
291 5
292 10
293 11
294 1
295 4
296 8
297 10
298 7
299 7
300 11
301 6
302 7
303 3
304 3
305 6
306 0
307 5
308 10
309 12
310 2
311 3
312 2
313 9
314 5
315 7
316 12
317 1
318 10
319 8
320 6
321 11
322 11
323 11
324 6
325 8
326 8
327 2
328 7
329 11
330 8
331 4
332 4
333 5
334 1
335 6
336 12
337 8
338 4
339 3
340 1
341 2
342 2
343 5
344 4
345 11
346 5
347 4
348 7
349 10
350 8
351 8
352 8
353 7
354 7
355 12
356 7
357 0
358 9
359 9
360 10
361 10
362 12
363 6
364 8
365 8
366 6
367 12
368 10
369 1
370 12
371 5
372 5
373 7
374 8
375 9
376 9
377 6
378 12
379 8
380 3
381 1
382 11
383 12
384 9
385 7
386 11
387 0
388 7
389 6
390 1
391 9
392 5
393 10
394 2
395 10
396 7
397 11
398 7
399 6
400 0
401 9
402 2
403 5
404 1
405 5
406 9
407 5
408 12
409 5
410 8
411 10
412 4
413 5
414 6
415 6
416 1
417 6
418 0
419 2
420 11
421 3
422 12
423 1
424 0
425 2
426 10
427 2
428 3
429 1
430 3
431 7
432 10
433 3
434 3
435 2
436 2
437 2
438 7
439 5
440 1
441 7
442 6
443 10
444 9
445 9
446 2
447 2
448 12
449 12
450 0
451 1
452 12
453 0
454 4
455 5
456 8
457 7
458 0
459 4
460 3
461 3
462 0
463 10
464 5
465 0
466 1
467 8
468 9
469 3
470 3
471 5
472 0
473 12
474 6
475 9
476 6
477 6
478 9
479 2
480 5
481 6
482 11
483 2
484 6
485 9
486 8
487 2
488 3
489 2
490 5
491 6
492 11
493 9
494 0
495 8
496 11
497 1
498 11
499 5
500 4
501 5
502 12
503 5
504 9
505 10
506 9
507 5
508 6
509 1
510 4
511 10
512 6
513 10
514 7
515 8
516 2
517 5
518 3
519 1
520 3
521 1
522 11
523 4
524 11
525 11
526 0
527 3
528 6
529 6
530 6
531 0
532 8
533 9
534 7
535 1
536 2
537 2
538 12
539 9
540 12
541 11
542 8
543 7
544 12
545 0
546 12
547 0
548 1
549 10
550 9
551 3
552 2
553 2
554 10
555 12
556 11
557 3
558 5
559 9
560 7
561 9
562 11
563 2
564 11
565 9
566 0
567 9
568 2
569 12
570 10
571 10
572 9
573 10
574 8
575 5
576 3
577 11
578 4
579 9
580 12
581 5
582 0
583 12
584 4
585 10
586 12
587 11
588 11
589 11
590 5
591 0
592 1
593 2
594 1
595 5
596 4
597 9
598 6
599 2
600 4
601 11
602 4
603 3
604 10
605 5
606 6
607 7
608 12
609 1
610 9
611 3
612 3
613 6
614 5
615 6
616 0
617 0
618 8
619 7
620 5
621 12
622 6
623 3
624 10
625 11
626 0
627 3
628 6
629 3
630 6
631 11
632 9
633 11
634 0
635 8
636 3
637 5
638 4
639 8
640 3
641 7
642 2
643 9
644 6
645 11
646 3
647 0
648 8
649 12
650 6
651 3
652 11
653 9
654 10
655 2
656 2
657 10
658 12
659 10
660 6
661 4
662 11
663 9
664 3
665 0
666 5
667 0
668 11
669 4
670 9
671 10
672 4
673 11
674 10
675 7
676 5
677 2
678 7
679 12
680 2
681 3
682 0
683 2
684 11
685 8
686 5
687 0
688 10
689 9
690 10
691 7
692 12
693 1
694 3
695 2
696 3
697 12
698 12
699 3
700 8
701 11
702 12
703 8
704 4
705 9
706 10
707 4
708 7
709 11
710 12
711 4
712 6
713 7
714 6
715 1
716 12
717 3
718 9
719 4
720 7
721 2
722 7
723 1
724 7
725 3
726 11
727 8
728 8
729 2
730 0
731 3
732 3
733 8
734 8
735 3
736 3
737 4
738 11
739 11
740 9
741 0
742 5
743 11
744 1
745 0
746 3
747 2
748 1
749 5
750 7
751 8
752 12
753 7
754 9
755 6
756 11
757 6
758 6
759 7
760 12
761 5
