0 10
1 10
2 0
3 8
4 6
5 4
6 10
7 2
8 9
9 8
10 13
11 6
12 13
13 6
14 1
15 2
16 0
17 9
18 3
19 2
20 8
21 6
22 9
23 2
24 9
25 13
26 6
27 10
28 7
29 6
30 2
31 0
32 3
33 2
34 11
35 1
36 9
37 5
38 1
39 6
40 12
41 10
42 9
43 3
44 11
45 6
46 5
47 1
48 11
49 1
50 5
51 5
52 13
53 4
54 11
55 11
56 10
57 13
58 13
59 1
60 8
61 13
62 1
63 7
64 0
65 11
66 3
67 10
68 10
69 6
70 13
71 6
72 12
73 5
74 9
75 3
76 9
77 3
78 12
79 0
80 10
81 0
82 10
83 8
84 12
85 8
86 6
87 11
88 11
89 10
90 10
91 3
92 3
93 0
94 1
95 0
96 2
97 1
98 9
99 0
100 10
101 9
102 12
103 13
104 0
105 12
106 5
107 7
108 7
109 7
110 13
111 1
112 5
113 6
114 4
115 10
116 0
117 1
118 6
119 3
120 6
121 12
122 5
123 13
124 0
125 6
126 5
127 0
128 10
129 0
130 3
131 5
132 9
133 2
134 1
135 8
136 4
137 6
138 7
139 1
140 4
141 7
142 1
143 4
144 12
145 2
146 13
147 13
148 3
149 9
150 8
151 3
152 7
153 0
154 11
155 13
156 12
157 13
158 11
159 7
160 6
161 4
162 2
163 6
164 11
165 3
166 5
167 7
168 11
169 2
170 2
171 4
172 7
173 3
174 1
175 1
176 5
177 4
178 11
179 8
180 0
181 4
182 12
183 2
184 3
185 10
186 5
187 9
188 8
189 10
190 9
191 7
192 5
193 7
194 6
195 2
196 1
197 9
198 8
199 5
200 1
201 12
202 0
203 4
204 5
205 6
206 9
207 2
208 10
209 12
210 12
211 4
212 7
213 1
214 0
215 3
216 5
217 11
218 5
219 13
220 7
221 1
222 4
223 6
224 5
225 6
226 12
227 10
228 0
229 10
230 7
231 12
232 1
233 3
234 12
235 2
236 1
237 0
238 12
239 2
240 11
241 8
242 13
243 9
244 3
245 3
246 1
247 2
248 6
249 9
250 13
251 0
252 13
253 0
254 12
255 6
256 12
257 6
258 5
259 4
260 13
261 13
262 2
263 2
264 9
265 6
266 1
267 3
268 8
269 8
270 12
271 1
272 13
273 8
274 13
275 0
276 6
277 4
278 6
279 8
280 9
281 10
282 10
283 13
284 2
285 10
286 6
287 13
288 9
289 11
290 7
291 11
292 9
293 12
294 4
295 1
296 7
297 4
298 8
299 9
300 7
301 6
302 5
303 5
304 5
305 5
306 5
307 5
308 3
309 13
310 7
311 13
312 11
313 7
314 12
315 7
316 8
317 8
318 5
319 10
320 11
321 0
322 13
323 13
324 1
325 5
326 6
327 13
328 6
329 3
330 10
331 12
332 11
333 13
334 3
335 8
336 2
337 7
338 4
339 6
340 10
341 9
342 3
343 5
344 7
345 5
346 10
347 1
348 6
349 0
350 12
351 10
352 7
353 2
354 1
355 6
356 12
357 9
358 10
359 11
360 12
361 5
362 4
363 6
364 4
365 13
366 8
367 7
368 11
369 10
370 6
371 3
372 4
373 2
374 4
375 5
376 6
377 8
378 7
379 6
380 4
381 6
382 7
383 2
384 10
385 3
386 11
387 2
388 13
389 7
390 5
391 5
392 5
393 12
394 12
395 10
396 9
397 6
398 12
399 2
400 0
401 2
402 13
403 2
404 8
405 7
406 11
407 3
408 0
409 3
410 11
411 5
412 6
413 3
414 4
415 11
416 0
417 11
418 0
419 7
420 10
421 12
422 2
423 3
424 12
425 12
426 1
427 2
428 0
429 7
430 5
431 9
432 2
433 8
434 1
435 12
436 8
437 6
438 9
439 4
440 1
441 6
442 7
443 3
444 6
445 13
446 12
447 7
448 9
449 5
450 2
451 12
452 12
453 12
454 6
455 5
456 5
457 0
458 13
459 3
460 13
461 7
462 8
463 2
464 0
465 8
466 8
467 0
468 12
469 9
470 0
471 8
472 10
473 1
474 8
475 10
476 10
477 2
478 4
479 7
480 7
481 13
482 7
483 3
484 10
485 11
486 0
487 6
488 13
489 1
490 7
491 3
492 13
493 12
494 2
495 3
496 9
497 11
498 10
499 9
500 0
501 3
502 12
503 8
504 7
505 11
506 13
507 0
508 13
509 2
510 6
511 11
512 6
513 4
514 0
515 11
516 10
517 12
518 7
519 7
520 4
521 9
522 0
523 0
524 0
525 11
526 13
527 12
528 6
529 12
530 9
531 8
532 9
533 0
534 9
535 11
536 0
537 8
538 10
539 2
540 2
541 13
542 3
543 8
544 13
545 9
546 7
547 0
548 6
549 8
550 11
551 10
552 7
553 13
554 0
555 5
556 5
557 1
558 7
559 12
560 5
561 11
562 13
563 4
564 13
565 5
566 7
567 9
568 8
569 8
570 5
571 10
572 1
573 1
574 2
575 7
576 4
577 9
578 5
579 2
580 5
581 1
582 8
583 1
584 7
585 4
586 4
587 13
588 9
589 9
590 0
591 0
592 3
593 1
594 9
595 11
596 13
597 2
598 2
599 0
600 4
601 13
602 13
603 6
604 1
605 3
606 4
607 7
608 5
609 12
610 12
611 0
612 8
613 7
614 1
615 3
616 5
617 9
618 7
619 11
620 11
621 5
622 3
623 2
624 10
625 6
626 10
627 5
628 3
629 13
630 4
631 9
632 13
633 0
634 13
635 8
636 4
637 3
638 3
639 10
640 0
641 4
642 8
643 8
644 12
645 4
646 10
647 0
648 10
649 5
650 6
651 6
652 10
653 13
654 6
655 4
656 9
657 12
658 10
659 5
660 4
661 5
662 3
663 3
664 2
665 5
666 9
667 10
668 4
669 10
670 4
671 3
672 12
673 6
674 4
675 0
676 13
677 4
678 9
679 1
680 13
681 1
682 5
683 8
684 9
685 0
686 12
687 11
688 7
689 10
690 2
691 10
692 2
693 4
694 13
695 0
696 6
697 1
698 13
699 11
700 5
701 7
702 1
703 4
704 1
705 8
706 7
707 4
708 8
709 11
710 9
711 4
712 9
713 13
714 11
715 9
716 10
717 5
718 12
719 8
720 2
721 10
722 7
723 0
724 7
725 10
726 9
727 1
728 11
729 10
730 2
731 3
732 10
733 2
734 5
735 7
736 8
737 3
738 10
739 10
740 2
741 0
742 13
743 12
744 2
745 7
746 12
747 9
748 10
749 1
750 7
751 5
752 7
753 1
754 4
755 4
756 10
757 8
758 4
759 1
760 12
761 4
