0 4
1 11
2 13
3 8
4 0
5 4
6 8
7 9
8 8
9 6
10 7
11 11
12 8
13 7
14 1
15 7
16 9
17 2
18 5
19 11
20 3
21 13
22 11
23 5
24 2
25 8
26 10
27 13
28 8
29 13
30 7
31 7
32 14
33 12
34 0
35 2
36 14
37 8
38 4
39 9
40 0
41 9
42 4
43 3
44 10
45 0
46 2
47 5
48 8
49 7
50 2
51 3
52 1
53 2
54 0
55 9
56 12
57 7
58 10
59 1
60 14
61 1
62 0
63 11
64 8
65 4
66 9
67 8
68 9
69 3
70 6
71 9
72 14
73 14
74 11
75 3
76 4
77 10
78 11
79 6
80 6
81 8
82 13
83 4
84 13
85 7
86 6
87 0
88 14
89 4
90 8
91 2
92 13
93 11
94 12
95 10
96 2
97 8
98 4
99 5
100 11
101 6
102 0
103 10
104 7
105 4
106 4
107 12
108 10
109 0
110 7
111 0
112 6
113 3
114 14
115 2
116 10
117 4
118 3
119 8
120 0
121 7
122 4
123 6
124 13
125 1
126 9
127 4
128 5
129 9
130 6
131 13
132 9
133 8
134 3
135 0
136 3
137 1
138 6
139 13
140 0
141 9
142 12
143 3
144 12
145 4
146 8
147 4
148 2
149 9
150 6
151 0
152 6
153 14
154 9
155 8
156 11
157 6
158 11
159 2
160 5
161 11
162 12
163 2
164 13
165 0
166 12
167 10
168 6
169 5
170 13
171 4
172 9
173 5
174 5
175 0
176 3
177 1
178 8
179 2
180 14
181 9
182 2
183 14
184 2
185 9
186 1
187 13
188 5
189 2
190 1
191 2
192 6
193 3
194 12
195 9
196 4
197 4
198 2
199 9
200 11
201 6
202 4
203 2
204 8
205 8
206 8
207 14
208 7
209 7
210 4
211 7
212 12
213 5
214 7
215 9
216 4
217 10
218 6
219 6
220 13
221 11
222 13
223 6
224 5
225 13
226 12
227 12
228 2
229 1
230 14
231 6
232 8
233 11
234 9
235 9
236 11
237 4
238 7
239 11
240 3
241 8
242 13
243 1
244 6
245 14
246 11
247 4
248 10
249 8
250 6
251 8
252 7
253 7
254 1
255 4
256 13
257 10
258 0
259 13
260 0
261 6
262 6
263 13
264 1
265 13
266 4
267 1
268 13
269 1
270 4
271 8
272 1
273 9
274 2
275 12
276 14
277 10
278 3
279 11
280 7
281 9
282 8
283 11
284 7
285 11
286 8
287 12
288 14
289 13
290 13
291 6
292 6
293 14
294 8
295 1
296 5
297 5
298 0
299 4
300 10
301 6
302 11
303 5
304 8
305 0
306 3
307 0
308 7
309 2
310 13
311 10
312 6
313 11
314 7
315 7
316 4
317 7
318 8
319 7
320 3
321 5
322 9
323 11
324 13
325 1
326 1
327 4
328 12
329 11
330 3
331 2
332 14
333 0
334 9
335 3
336 11
337 12
338 12
339 7
340 7
341 2
342 13
343 9
344 10
345 4
346 13
347 11
348 13
349 0
350 0
351 7
352 11
353 13
354 5
355 10
356 3
357 2
358 3
359 7
360 7
361 0
362 7
363 2
364 11
365 9
366 4
367 2
368 3
369 4
370 3
371 6
372 0
373 8
374 2
375 8
376 2
377 0
378 3
379 9
380 11
381 12
382 7
383 6
384 14
385 5
386 10
387 14
388 3
389 8
390 0
391 1
392 6
393 14
394 6
395 9
396 3
397 11
398 12
399 1
400 6
401 8
402 9
403 8
404 1
405 14
406 12
407 8
408 2
409 1
410 12
411 13
412 6
413 10
414 2
415 7
416 8
417 5
418 0
419 10
420 11
421 10
422 9
423 12
424 5
425 1
426 10
427 14
428 6
429 12
430 2
431 14
432 6
433 7
434 9
435 1
436 6
437 0
438 1
439 3
440 4
441 8
442 3
443 9
444 3
445 14
446 6
447 1
448 11
449 8
450 4
451 6
452 13
453 1
454 9
455 7
456 1
457 5
458 6
459 1
460 14
461 3
462 4
463 10
464 8
465 6
466 10
467 10
468 2
469 9
470 6
471 3
472 0
473 5
474 5
475 8
476 5
477 11
478 3
479 6
480 7
481 12
482 13
483 0
484 8
485 6
486 4
487 5
488 10
489 12
490 5
491 14
492 8
493 1
494 14
495 14
496 12
497 1
498 1
499 13
500 10
501 11
502 6
503 3
504 12
505 1
506 13
507 8
508 1
509 2
510 14
511 7
512 9
513 9
514 4
515 11
516 12
517 6
518 10
519 5
520 11
521 10
522 8
523 14
524 0
525 2
526 13
527 5
528 6
529 7
530 6
531 13
532 8
533 12
534 14
535 9
536 5
537 8
538 9
539 1
540 1
541 8
542 1
543 0
544 11
545 11
546 9
547 2
548 11
549 4
550 10
551 2
552 1
553 5
554 11
555 9
556 1
557 3
558 8
559 1
560 12
561 10
562 4
563 2
564 11
565 11
566 2
567 8
568 14
569 1
570 3
571 0
572 3
573 1
574 6
575 13
576 14
577 0
578 13
579 6
580 9
581 5
582 13
583 1
584 5
585 9
586 12
587 1
588 4
589 9
590 9
591 3
592 2
593 7
594 0
595 5
596 0
597 0
598 5
599 6
600 8
601 14
602 10
603 9
604 2
605 14
606 9
607 9
608 9
609 7
610 0
611 1
612 9
613 10
614 14
615 7
616 8
617 6
618 5
619 12
620 14
621 11
622 4
623 0
624 7
625 5
626 14
627 9
628 4
629 3
630 5
631 3
632 3
633 8
634 3
635 4
636 0
637 11
638 1
639 2
640 3
641 8
642 2
643 12
644 4
645 9
646 4
647 9
648 11
649 11
650 10
651 9
652 0
653 12
654 8
655 2
656 4
657 5
658 3
659 4
660 1
661 4
662 7
663 5
664 3
665 2
666 8
667 10
668 0
669 3
670 3
671 1
672 6
673 2
674 10
675 4
676 0
677 0
678 12
679 2
680 4
681 11
682 8
683 6
684 6
685 1
686 4
687 8
688 3
689 1
690 13
691 5
692 6
693 5
694 4
695 4
696 8
697 13
698 11
699 1
700 2
701 12
702 11
703 2
704 8
705 1
706 12
707 7
708 4
709 5
710 12
711 3
712 12
713 7
714 1
715 7
716 1
717 3
718 10
719 3
720 12
721 4
722 9
723 8
724 1
725 1
726 11
727 4
728 8
729 10
730 7
731 14
732 7
733 2
734 6
735 0
736 8
737 11
738 0
739 12
740 14
741 4
742 11
743 14
744 6
745 4
746 9
747 0
748 3
749 12
750 14
751 14
752 13
753 12
754 2
755 0
756 8
757 2
758 1
759 11
760 4
761 11
