0 13
1 15
2 4
3 5
4 6
5 0
6 1
7 12
8 14
9 14
10 9
11 10
12 7
13 6
14 11
15 15
16 14
17 14
18 13
19 6
20 6
21 10
22 10
23 2
24 3
25 3
26 0
27 1
28 15
29 13
30 0
31 3
32 13
33 7
34 6
35 15
36 5
37 14
38 3
39 1
40 10
41 14
42 6
43 13
44 5
45 1
46 5
47 11
48 8
49 14
50 7
51 3
52 1
53 14
54 7
55 0
56 2
57 9
58 0
59 1
60 1
61 11
62 4
63 0
64 1
65 5
66 12
67 6
68 13
69 2
70 9
71 6
72 7
73 3
74 1
75 4
76 10
77 2
78 1
79 2
80 11
81 6
82 2
83 5
84 9
85 0
86 14
87 12
88 0
89 4
90 14
91 6
92 1
93 4
94 6
95 14
96 6
97 9
98 8
99 6
100 13
101 9
102 15
103 12
104 1
105 7
106 13
107 5
108 4
109 0
110 8
111 14
112 0
113 15
114 0
115 1
116 13
117 7
118 12
119 12
120 9
121 7
122 4
123 13
124 8
125 8
126 5
127 12
128 9
129 5
130 5
131 14
132 10
133 4
134 3
135 8
136 9
137 11
138 11
139 15
140 7
141 15
142 14
143 13
144 5
145 2
146 4
147 14
148 0
149 10
150 5
151 3
152 6
153 5
154 12
155 14
156 14
157 12
158 12
159 6
160 10
161 3
162 4
163 11
164 0
165 13
166 10
167 4
168 7
169 8
170 9
171 1
172 0
173 12
174 5
175 12
176 5
177 6
178 11
179 1
180 11
181 4
182 2
183 13
184 2
185 1
186 9
187 4
188 6
189 6
190 3
191 13
192 12
193 2
194 13
195 14
196 10
197 7
198 0
199 8
200 5
201 10
202 13
203 4
204 7
205 1
206 11
207 9
208 3
209 3
210 6
211 8
212 1
213 3
214 14
215 15
216 8
217 1
218 8
219 7
220 1
221 7
222 13
223 8
224 14
225 10
226 11
227 12
228 8
229 7
230 15
231 8
232 4
233 10
234 0
235 4
236 6
237 11
238 11
239 11
240 1
241 9
242 15
243 3
244 5
245 0
246 3
247 4
248 1
249 3
250 9
251 0
252 8
253 13
254 11
255 15
256 1
257 11
258 11
259 4
260 0
261 10
262 6
263 6
264 7
265 13
266 11
267 4
268 11
269 13
270 4
271 3
272 6
273 14
274 9
275 7
276 13
277 2
278 14
279 6
280 7
281 8
282 15
283 13
284 3
285 0
286 5
287 11
288 5
289 4
290 15
291 12
292 3
293 4
294 4
295 13
296 2
297 3
298 0
299 11
300 3
301 11
302 0
303 4
304 10
305 2
306 6
307 12
308 4
309 12
310 9
311 11
312 5
313 6
314 12
315 5
316 14
317 0
318 8
319 14
320 6
321 15
322 2
323 14
324 1
325 7
326 4
327 1
328 8
329 12
330 12
331 5
332 5
333 13
334 0
335 7
336 3
337 5
338 0
339 10
340 3
341 9
342 9
343 10
344 14
345 1
346 1
347 11
348 5
349 15
350 2
351 10
352 2
353 12
354 14
355 1
356 6
357 3
358 8
359 1
360 4
361 5
362 6
363 15
364 11
365 15
366 8
367 6
368 10
369 10
370 1
371 15
372 8
373 4
374 3
375 4
376 3
377 3
378 5
379 1
380 0
381 10
382 13
383 10
384 12
385 0
386 13
387 6
388 15
389 7
390 15
391 5
392 4
393 8
394 4
395 15
396 11
397 15
398 15
399 12
400 10
401 10
402 10
403 7
404 10
405 4
406 12
407 2
408 1
409 5
410 10
411 6
412 6
413 8
414 0
415 10
416 0
417 2
418 0
419 15
420 13
421 14
422 2
423 6
424 14
425 3
426 8
427 5
428 15
429 6
430 1
431 0
432 13
433 2
434 3
435 5
436 8
437 12
438 11
439 7
440 5
441 11
442 2
443 14
444 4
445 8
446 4
447 3
448 9
449 6
450 11
451 8
452 2
453 11
454 14
455 11
456 15
457 10
458 15
459 12
460 8
461 1
462 8
463 9
464 8
465 2
466 14
467 15
468 7
469 11
470 8
471 6
472 5
473 5
474 15
475 3
476 13
477 1
478 7
479 5
480 13
481 9
482 9
483 7
484 7
485 10
486 5
487 2
488 8
489 10
490 10
491 1
492 12
493 10
494 7
495 9
496 12
497 13
498 5
499 0
500 13
501 5
502 7
503 0
504 1
505 4
506 14
507 1
508 6
509 11
510 5
511 9
512 11
513 3
514 0
515 8
516 5
517 13
518 6
519 13
520 10
521 6
522 1
523 5
524 9
525 14
526 9
527 5
528 9
529 5
530 12
531 14
532 2
533 1
534 0
535 8
536 1
537 7
538 3
539 10
540 14
541 15
542 12
543 11
544 8
545 2
546 8
547 8
548 9
549 6
550 3
551 1
552 3
553 6
554 13
555 14
556 5
557 13
558 10
559 0
560 12
561 2
562 7
563 11
564 13
565 1
566 0
567 15
568 13
569 14
570 8
571 11
572 0
573 15
574 7
575 15
576 8
577 5
578 13
579 7
580 1
581 10
582 15
583 8
584 13
585 12
586 14
587 12
588 14
589 5
590 14
591 13
592 15
593 4
594 11
595 4
596 13
597 10
598 10
599 6
600 1
601 3
602 12
603 10
604 13
605 5
606 13
607 5
608 2
609 11
610 0
611 4
612 15
613 1
614 4
615 10
616 3
617 1
618 7
619 8
620 2
621 6
622 6
623 9
624 12
625 7
626 14
627 2
628 2
629 11
630 1
631 13
632 11
633 14
634 15
635 2
636 10
637 5
638 10
639 4
640 6
641 9
642 14
643 5
644 0
645 12
646 10
647 4
648 13
649 2
650 14
651 2
652 11
653 11
654 0
655 5
656 2
657 5
658 5
659 0
660 13
661 15
662 1
663 12
664 6
665 8
666 5
667 1
668 3
669 1
670 1
671 8
672 1
673 6
674 0
675 3
676 4
677 6
678 1
679 3
680 15
681 4
682 1
683 12
684 3
685 2
686 4
687 2
688 13
689 10
690 2
691 12
692 11
693 4
694 11
695 12
696 9
697 6
698 13
699 5
700 7
701 6
702 3
703 8
704 14
705 0
706 0
707 4
708 10
709 4
710 0
711 6
712 5
713 2
714 15
715 11
716 5
717 10
718 11
719 7
720 13
721 2
722 10
723 11
724 3
725 0
726 11
727 7
728 12
729 7
730 14
731 1
732 2
733 6
734 2
735 5
736 13
737 4
738 5
739 3
740 6
741 8
742 2
743 5
744 13
745 5
746 6
747 3
748 6
749 7
750 8
751 0
752 11
753 7
754 12
755 3
756 11
757 4
758 10
759 5
760 7
761 14
