0 11
1 13
2 6
3 13
4 3
5 0
6 15
7 11
8 0
9 16
10 4
11 16
12 7
13 6
14 14
15 6
16 6
17 9
18 13
19 5
20 2
21 3
22 9
23 4
24 8
25 6
26 12
27 13
28 2
29 4
30 2
31 2
32 12
33 4
34 10
35 0
36 16
37 6
38 0
39 14
40 10
41 6
42 16
43 0
44 2
45 1
46 14
47 10
48 1
49 15
50 5
51 2
52 11
53 9
54 2
55 3
56 15
57 1
58 5
59 0
60 5
61 11
62 7
63 1
64 14
65 9
66 11
67 1
68 5
69 15
70 16
71 6
72 13
73 10
74 4
75 16
76 6
77 9
78 8
79 7
80 10
81 15
82 3
83 9
84 5
85 12
86 10
87 6
88 7
89 5
90 0
91 8
92 6
93 15
94 12
95 2
96 10
97 9
98 10
99 10
100 2
101 0
102 13
103 4
104 2
105 11
106 8
107 2
108 6
109 8
110 2
111 16
112 1
113 3
114 8
115 9
116 13
117 15
118 12
119 9
120 2
121 16
122 16
123 10
124 13
125 14
126 13
127 0
128 0
129 1
130 16
131 16
132 5
133 13
134 3
135 16
136 8
137 12
138 11
139 2
140 3
141 13
142 10
143 13
144 4
145 10
146 4
147 8
148 6
149 9
150 13
151 12
152 10
153 5
154 2
155 8
156 16
157 15
158 5
159 0
160 7
161 2
162 7
163 0
164 0
165 16
166 10
167 11
168 10
169 3
170 16
171 4
172 6
173 12
174 5
175 6
176 9
177 13
178 12
179 11
180 15
181 14
182 16
183 0
184 12
185 4
186 0
187 4
188 15
189 9
190 15
191 11
192 10
193 15
194 2
195 6
196 8
197 11
198 11
199 1
200 5
201 0
202 6
203 3
204 4
205 0
206 0
207 11
208 3
209 4
210 1
211 9
212 0
213 10
214 9
215 5
216 9
217 9
218 4
219 16
220 11
221 16
222 13
223 7
224 12
225 11
226 9
227 5
228 13
229 15
230 5
231 10
232 2
233 3
234 4
235 1
236 13
237 8
238 2
239 13
240 5
241 13
242 3
243 9
244 3
245 7
246 9
247 15
248 12
249 7
250 2
251 14
252 5
253 0
254 1
255 6
256 2
257 15
258 11
259 9
260 4
261 6
262 6
263 12
264 5
265 14
266 10
267 7
268 9
269 13
270 3
271 7
272 7
273 8
274 6
275 14
276 6
277 5
278 9
279 1
280 0
281 6
282 1
283 12
284 14
285 11
286 2
287 1
288 10
289 8
290 1
291 16
292 10
293 0
294 16
295 9
296 8
297 11
298 8
299 5
300 8
301 2
302 0
303 11
304 0
305 9
306 4
307 0
308 6
309 15
310 6
311 7
312 16
313 11
314 8
315 6
316 2
317 0
318 16
319 16
320 2
321 16
322 0
323 4
324 11
325 2
326 7
327 8
328 9
329 5
330 14
331 0
332 6
333 11
334 11
335 14
336 14
337 7
338 0
339 16
340 9
341 8
342 12
343 13
344 8
345 0
346 8
347 13
348 8
349 13
350 13
351 4
352 2
353 10
354 11
355 13
356 7
357 14
358 16
359 6
360 5
361 11
362 11
363 0
364 11
365 0
366 7
367 2
368 12
369 0
370 11
371 15
372 4
373 9
374 3
375 3
376 8
377 3
378 8
379 5
380 3
381 4
382 6
383 5
384 1
385 11
386 10
387 11
388 8
389 7
390 5
391 13
392 5
393 0
394 6
395 8
396 4
397 15
398 1
399 14
400 7
401 16
402 11
403 9
404 4
405 11
406 1
407 10
408 7
409 5
410 9
411 16
412 16
413 0
414 10
415 13
416 5
417 3
418 0
419 3
420 13
421 11
422 13
423 6
424 10
425 11
426 1
427 1
428 10
429 2
430 2
431 1
432 6
433 7
434 15
435 6
436 10
437 12
438 14
439 13
440 1
441 7
442 3
443 7
444 5
445 4
446 1
447 15
448 12
449 1
450 7
451 1
452 15
453 0
454 10
455 9
456 10
457 2
458 16
459 15
460 7
461 15
462 16
463 9
464 13
465 3
466 2
467 2
468 4
469 4
470 9
471 8
472 9
473 3
474 2
475 1
476 1
477 13
478 16
479 11
480 15
481 2
482 11
483 15
484 1
485 2
486 2
487 6
488 13
489 10
490 16
491 14
492 10
493 15
494 14
495 3
496 11
497 12
498 7
499 12
500 0
501 4
502 1
503 15
504 6
505 3
506 0
507 0
508 6
509 10
510 6
511 2
512 9
513 0
514 2
515 6
516 10
517 14
518 7
519 7
520 3
521 4
522 11
523 7
524 0
525 10
526 8
527 10
528 16
529 16
530 5
531 10
532 6
533 5
534 5
535 15
536 11
537 8
538 0
539 15
540 15
541 5
542 6
543 2
544 16
545 15
546 1
547 11
548 11
549 5
550 13
551 13
552 4
553 12
554 4
555 7
556 1
557 8
558 3
559 5
560 9
561 1
562 2
563 10
564 14
565 1
566 12
567 16
568 2
569 2
570 11
571 9
572 2
573 8
574 12
575 16
576 0
577 15
578 13
579 3
580 12
581 14
582 11
583 3
584 15
585 3
586 9
587 3
588 3
589 5
590 3
591 2
592 2
593 3
594 4
595 6
596 16
597 2
598 13
599 13
600 0
601 11
602 6
603 14
604 3
605 8
606 5
607 15
608 15
609 13
610 10
611 14
612 6
613 11
614 10
615 0
616 0
617 13
618 15
619 0
620 4
621 4
622 9
623 6
624 15
625 1
626 9
627 6
628 13
629 16
630 10
631 10
632 0
633 6
634 11
635 7
636 16
637 8
638 7
639 7
640 10
641 12
642 13
643 3
644 4
645 10
646 13
647 4
648 0
649 10
650 16
651 14
652 1
653 10
654 4
655 10
656 9
657 16
658 3
659 13
660 1
661 1
662 15
663 3
664 3
665 16
666 5
667 0
668 8
669 3
670 10
671 0
672 7
673 6
674 0
675 1
676 1
677 0
678 16
679 14
680 14
681 2
682 2
683 7
684 14
685 10
686 12
687 4
688 8
689 8
690 16
691 3
692 10
693 8
694 10
695 6
696 10
697 8
698 0
699 16
700 11
701 1
702 13
703 8
704 11
705 7
706 8
707 4
708 1
709 2
710 14
711 1
712 10
713 13
714 2
715 9
716 4
717 16
718 1
719 9
720 16
721 6
722 7
723 8
724 15
725 4
726 4
727 6
728 7
729 9
730 5
731 1
732 16
733 2
734 8
735 9
736 0
737 10
738 10
739 3
740 9
741 0
742 15
743 7
744 7
745 10
746 6
747 7
748 15
749 14
750 2
751 4
752 15
753 0
754 11
755 8
756 7
757 16
758 2
759 8
760 1
761 0
