0 9
1 12
2 2
3 6
4 14
5 8
6 8
7 17
8 16
9 9
10 7
11 13
12 9
13 15
14 4
15 16
16 3
17 14
18 5
19 5
20 14
21 7
22 7
23 15
24 1
25 14
26 5
27 14
28 14
29 1
30 3
31 12
32 17
33 1
34 11
35 12
36 3
37 3
38 13
39 6
40 13
41 7
42 6
43 4
44 12
45 2
46 16
47 17
48 9
49 7
50 2
51 11
52 0
53 5
54 9
55 4
56 16
57 6
58 11
59 3
60 2
61 7
62 14
63 5
64 15
65 6
66 12
67 11
68 17
69 2
70 3
71 0
72 6
73 5
74 3
75 6
76 9
77 13
78 9
79 5
80 14
81 8
82 11
83 8
84 10
85 5
86 11
87 14
88 9
89 6
90 13
91 8
92 13
93 15
94 10
95 3
96 8
97 6
98 9
99 12
100 14
101 17
102 12
103 12
104 13
105 16
106 5
107 0
108 12
109 5
110 6
111 14
112 8
113 9
114 3
115 1
116 9
117 6
118 15
119 4
120 17
121 9
122 9
123 8
124 12
125 6
126 17
127 9
128 6
129 9
130 0
131 14
132 10
133 9
134 10
135 12
136 10
137 13
138 13
139 0
140 0
141 8
142 10
143 12
144 9
145 1
146 16
147 5
148 10
149 2
150 12
151 16
152 10
153 1
154 16
155 2
156 1
157 10
158 4
159 13
160 17
161 6
162 4
163 4
164 8
165 11
166 11
167 10
168 3
169 1
170 17
171 6
172 1
173 12
174 8
175 16
176 4
177 5
178 16
179 4
180 10
181 16
182 3
183 11
184 14
185 6
186 5
187 8
188 6
189 2
190 7
191 6
192 6
193 3
194 4
195 12
196 17
197 3
198 14
199 9
200 10
201 9
202 3
203 4
204 17
205 12
206 12
207 3
208 5
209 0
210 10
211 11
212 11
213 17
214 15
215 9
216 11
217 5
218 4
219 13
220 3
221 14
222 3
223 13
224 8
225 4
226 11
227 10
228 14
229 1
230 6
231 4
232 17
233 11
234 2
235 4
236 11
237 3
238 15
239 12
240 3
241 6
242 12
243 5
244 9
245 13
246 15
247 16
248 8
249 4
250 13
251 9
252 15
253 17
254 8
255 6
256 5
257 2
258 12
259 4
260 9
261 16
262 16
263 7
264 7
265 15
266 8
267 1
268 13
269 13
270 3
271 9
272 9
273 0
274 10
275 7
276 14
277 14
278 0
279 13
280 15
281 9
282 2
283 13
284 13
285 9
286 14
287 16
288 7
289 10
290 13
291 11
292 9
293 16
294 0
295 15
296 13
297 5
298 0
299 17
300 17
301 12
302 2
303 5
304 17
305 17
306 7
307 1
308 12
309 11
310 0
311 1
312 7
313 2
314 10
315 1
316 17
317 16
318 3
319 10
320 13
321 1
322 0
323 12
324 2
325 2
326 17
327 9
328 12
329 5
330 11
331 5
332 6
333 1
334 9
335 16
336 13
337 17
338 6
339 6
340 6
341 9
342 16
343 11
344 10
345 6
346 9
347 16
348 8
349 9
350 9
351 9
352 16
353 5
354 1
355 7
356 12
357 15
358 16
359 11
360 2
361 14
362 8
363 7
364 10
365 11
366 5
367 4
368 2
369 17
370 10
371 13
372 6
373 7
374 12
375 1
376 17
377 0
378 9
379 16
380 12
381 5
382 17
383 8
384 5
385 9
386 0
387 7
388 9
389 10
390 9
391 1
392 5
393 9
394 4
395 5
396 0
397 16
398 3
399 15
400 13
401 8
402 13
403 3
404 14
405 13
406 1
407 6
408 5
409 6
410 6
411 16
412 17
413 16
414 7
415 4
416 16
417 3
418 0
419 11
420 13
421 17
422 13
423 13
424 9
425 10
426 5
427 5
428 16
429 14
430 11
431 16
432 7
433 17
434 13
435 5
436 12
437 10
438 15
439 4
440 16
441 0
442 11
443 9
444 14
445 8
446 14
447 16
448 2
449 0
450 4
451 3
452 11
453 9
454 12
455 4
456 0
457 4
458 11
459 13
460 17
461 5
462 8
463 15
464 10
465 6
466 10
467 10
468 3
469 17
470 12
471 13
472 15
473 6
474 4
475 17
476 6
477 2
478 15
479 11
480 1
481 13
482 5
483 8
484 9
485 4
486 2
487 6
488 12
489 2
490 11
491 14
492 17
493 10
494 5
495 10
496 11
497 1
498 6
499 0
500 11
501 2
502 5
503 4
504 5
505 8
506 5
507 13
508 10
509 4
510 3
511 12
512 8
513 8
514 6
515 14
516 1
517 14
518 8
519 0
520 3
521 12
522 10
523 4
524 13
525 12
526 17
527 6
528 6
529 0
530 7
531 4
532 16
533 3
534 2
535 2
536 10
537 8
538 4
539 7
540 16
541 9
542 8
543 16
544 5
545 12
546 17
547 14
548 10
549 14
550 10
551 15
552 17
553 15
554 8
555 13
556 0
557 12
558 13
559 11
560 9
561 14
562 14
563 2
564 11
565 9
566 0
567 15
568 2
569 0
570 1
571 1
572 6
573 5
574 12
575 3
576 4
577 9
578 11
579 4
580 13
581 12
582 16
583 12
584 8
585 17
586 5
587 15
588 1
589 5
590 13
591 16
592 2
593 1
594 1
595 0
596 10
597 11
598 1
599 5
600 16
601 6
602 13
603 8
604 4
605 13
606 6
607 8
608 1
609 3
610 2
611 4
612 6
613 12
614 11
615 4
616 2
617 5
618 16
619 13
620 16
621 10
622 5
623 10
624 6
625 11
626 16
627 14
628 13
629 15
630 9
631 12
632 7
633 1
634 16
635 1
636 6
637 1
638 10
639 12
640 5
641 15
642 3
643 13
644 12
645 17
646 15
647 17
648 4
649 11
650 13
651 2
652 17
653 11
654 2
655 12
656 12
657 0
658 12
659 16
660 1
661 0
662 8
663 2
664 15
665 11
666 17
667 2
668 17
669 2
670 4
671 6
672 14
673 6
674 11
675 11
676 6
677 10
678 1
679 17
680 12
681 6
682 16
683 9
684 17
685 3
686 4
687 10
688 5
689 14
690 3
691 3
692 3
693 6
694 2
695 1
696 12
697 3
698 16
699 2
700 4
701 12
702 8
703 0
704 10
705 5
706 0
707 14
708 16
709 4
710 10
711 4
712 11
713 16
714 17
715 1
716 5
717 4
718 0
719 4
720 15
721 3
722 15
723 0
724 11
725 8
726 7
727 6
728 6
729 17
730 15
731 3
732 4
733 15
734 10
735 1
736 4
737 4
738 3
739 15
740 12
741 12
742 2
743 6
744 10
745 16
746 7
747 14
748 6
749 3
750 8
751 13
752 3
753 15
754 0
755 10
756 6
757 3
758 12
759 6
760 9
761 1
