0 0
1 0
2 2
3 0
4 0
5 2
6 2
7 1
8 0
9 0
10 1
11 2
12 1
13 1
14 1
15 2
16 2
17 2
18 0
19 0
20 2
21 2
22 2
23 2
24 0
25 1
26 0
27 2
28 2
29 0
30 0
31 2
32 2
33 0
34 2
35 2
36 2
37 1
38 2
39 0
40 0
41 1
42 2
43 2
44 0
45 1
46 2
47 2
48 1
49 1
50 2
51 2
52 2
53 2
54 1
55 0
56 1
57 2
58 1
59 0
60 0
61 1
62 1
63 1
64 0
65 1
66 0
67 0
68 1
69 1
70 2
71 1
72 0
73 0
74 2
75 1
76 0
77 0
78 2
79 0
80 2
81 2
82 1
83 2
84 0
85 1
86 0
87 2
88 1
89 0
90 2
91 0
92 0
93 2
94 0
95 2
96 0
97 1
98 0
99 2
100 2
101 0
102 1
103 2
104 0
105 1
106 0
107 0
108 1
109 2
110 2
111 0
112 1
113 1
114 2
115 2
116 2
117 1
118 0
119 0
120 1
121 2
122 1
123 0
124 1
125 1
126 0
127 1
128 1
129 0
130 0
131 0
132 0
133 2
134 2
135 1
136 2
137 0
138 2
139 1
140 0
141 2
142 0
143 2
144 1
145 2
146 2
147 1
148 0
149 1
150 2
151 2
152 2
153 1
154 0
155 0
156 0
157 0
158 0
159 1
160 2
161 1
162 2
163 1
164 1
165 2
166 0
167 1
168 1
169 0
170 2
171 2
172 1
173 1
174 1
175 0
176 0
177 1
178 0
179 0
180 0
181 1
182 1
183 0
184 0
185 0
186 0
187 2
188 0
189 2
190 2
191 1
192 0
193 2
194 2
195 0
196 2
197 0
198 2
199 1
200 2
201 2
202 0
203 2
204 2
205 2
206 0
207 1
208 1
209 1
210 1
211 1
212 1
213 1
214 2
215 0
216 0
217 1
218 0
219 2
220 1
221 1
222 1
223 2
224 1
225 2
226 2
227 0
228 1
229 1
230 2
231 1
232 1
233 2
234 0
235 1
236 1
237 2
238 0
239 1
240 0
241 1
242 2
243 2
244 0
245 0
246 0
247 1
248 2
249 1
250 2
251 2
252 1
253 0
254 1
255 1
256 1
257 1
258 0
259 2
260 0
261 2
262 1
263 2
264 0
265 2
266 1
267 2
268 0
269 2
270 0
271 0
272 2
273 0
274 1
275 0
276 0
277 2
278 2
279 2
280 2
281 1
282 0
283 1
284 1
285 2
286 0
287 1
288 1
289 0
290 2
291 2
292 0
293 1
294 2
295 1
296 1
297 1
298 1
299 2
300 0
301 0
302 1
303 1
304 1
305 0
306 1
307 1
308 0
309 2
310 1
311 0
312 1
313 2
314 1
315 0
316 2
317 0
318 2
319 2
320 2
321 2
322 2
323 2
324 2
325 1
326 0
327 1
328 1
329 0
330 1
331 2
332 0
333 0
334 2
335 0
336 1
337 2
338 1
339 0
340 0
341 1
342 2
343 2
344 1
345 2
346 1
347 2
348 1
349 2
350 2
351 1
352 1
353 2
354 0
355 2
356 1
357 0
358 0
359 1
360 0
361 2
362 0
363 1
364 1
365 0
366 1
367 1
368 0
369 2
370 2
371 2
372 2
373 0
374 1
375 2
376 1
377 1
378 0
379 1
380 1
381 2
382 2
383 0
384 0
385 0
386 1
387 2
388 2
389 2
390 1
391 1
392 1
393 1
394 2
395 1
396 0
397 0
398 2
399 2
400 1
401 2
402 2
403 0
404 0
405 2
406 2
407 1
408 1
409 2
410 1
411 2
412 1
413 1
414 2
415 2
416 0
417 2
418 0
419 2
420 2
421 1
422 2
423 2
424 1
425 0
426 1
427 1
428 0
429 1
430 0
431 0
432 1
433 1
434 0
435 1
436 2
437 1
438 1
439 0
440 1
441 0
442 1
443 0
444 1
445 2
446 0
447 1
448 0
449 0
450 1
451 2
452 0
453 0
454 1
455 2
456 0
457 1
458 2
459 2
460 2
461 1
462 1
463 2
464 0
465 0
466 1
467 1
468 0
469 0
470 0
471 0
472 1
473 1
474 2
475 0
476 2
477 0
478 0
479 1
480 0
481 0
482 1
483 0
484 1
485 2
486 2
487 2
488 1
489 1
490 2
491 2
492 0
493 2
494 0
495 1
496 2
497 2
498 2
499 1
500 1
501 1
502 2
503 0
504 1
505 1
506 0
507 1
508 1
509 1
510 0
511 2
512 1
513 0
514 0
515 0
516 1
517 0
518 2
519 2
520 0
521 2
522 1
523 2
524 1
525 0
526 0
527 2
528 1
529 1
530 2
531 0
532 0
533 1
534 0
535 1
536 0
537 2
538 0
539 0
540 2
541 2
542 1
543 2
544 2
545 0
546 2
547 0
548 1
549 0
550 2
551 2
552 0
553 0
554 1
555 1
556 1
557 2
558 1
559 1
560 1
561 2
562 1
563 2
564 1
565 0
566 0
567 1
568 2
569 2
570 1
571 0
572 2
573 2
574 2
575 0
576 2
577 2
578 1
579 1
580 2
581 1
582 0
583 1
584 2
585 1
586 1
587 0
588 1
589 2
590 0
591 2
592 1
593 1
594 1
595 2
596 2
597 0
598 1
599 0
600 0
601 0
602 1
603 2
604 0
605 1
606 2
607 0
608 0
609 1
610 1
611 0
612 0
613 0
614 0
615 2
616 1
617 1
618 0
619 1
620 2
621 0
622 0
623 2
624 0
625 2
626 2
627 2
628 2
629 1
630 1
631 1
632 1
633 2
634 1
635 1
636 2
637 0
638 1
639 1
640 1
641 1
642 1
643 2
644 0
645 1
646 0
647 2
648 0
649 0
650 1
651 2
652 2
653 0
654 0
655 1
656 1
657 1
658 0
659 2
660 0
661 1
662 2
663 2
664 0
665 0
666 0
667 0
668 2
669 1
670 0
671 1
672 1
673 2
674 2
675 0
676 0
677 0
678 2
679 1
680 0
681 0
682 1
683 2
684 2
685 0
686 2
687 2
688 1
689 2
690 2
691 2
692 1
693 0
694 2
695 2
696 2
697 0
698 0
699 1
700 1
701 1
702 0
703 2
704 1
705 2
706 0
707 1
708 1
709 0
710 1
711 1
712 2
713 1
714 2
715 2
716 2
717 1
718 0
719 0
720 1
721 1
722 2
723 0
724 1
725 2
726 1
727 1
728 1
729 0
730 0
731 2
732 1
733 1
734 1
735 0
736 2
737 2
738 1
739 2
740 1
741 2
742 0
743 0
744 0
745 2
746 0
747 1
748 0
749 0
750 1
751 0
752 1
753 2
754 1
755 2
756 0
757 1
758 0
759 2
760 0
761 1
