0 2
1 3
2 2
3 0
4 3
5 3
6 0
7 0
8 3
9 1
10 2
11 1
12 1
13 1
14 2
15 1
16 2
17 3
18 3
19 1
20 3
21 0
22 3
23 1
24 0
25 1
26 2
27 2
28 1
29 2
30 2
31 1
32 1
33 0
34 1
35 0
36 2
37 3
38 0
39 0
40 1
41 2
42 2
43 3
44 0
45 2
46 3
47 2
48 2
49 1
50 3
51 2
52 0
53 2
54 2
55 3
56 3
57 1
58 1
59 1
60 0
61 0
62 0
63 2
64 1
65 0
66 2
67 1
68 2
69 3
70 1
71 1
72 2
73 0
74 3
75 1
76 0
77 1
78 3
79 1
80 0
81 3
82 1
83 0
84 3
85 3
86 1
87 0
88 1
89 1
90 1
91 0
92 3
93 2
94 3
95 2
96 0
97 2
98 1
99 3
100 1
101 2
102 0
103 1
104 3
105 0
106 2
107 2
108 1
109 3
110 3
111 2
112 3
113 1
114 2
115 3
116 3
117 3
118 0
119 2
120 2
121 0
122 2
123 3
124 0
125 1
126 3
127 3
128 3
129 2
130 1
131 1
132 1
133 2
134 1
135 0
136 3
137 0
138 0
139 1
140 1
141 2
142 0
143 3
144 3
145 1
146 0
147 1
148 0
149 0
150 0
151 2
152 1
153 2
154 0
155 1
156 2
157 1
158 0
159 3
160 1
161 3
162 3
163 1
164 2
165 3
166 0
167 0
168 1
169 2
170 3
171 0
172 2
173 0
174 1
175 1
176 0
177 0
178 0
179 2
180 2
181 0
182 0
183 2
184 2
185 3
186 1
187 3
188 0
189 0
190 3
191 3
192 1
193 0
194 3
195 0
196 2
197 1
198 0
199 1
200 0
201 0
202 2
203 1
204 2
205 1
206 3
207 2
208 1
209 2
210 2
211 1
212 0
213 2
214 0
215 0
216 2
217 1
218 0
219 0
220 3
221 1
222 2
223 2
224 0
225 1
226 2
227 1
228 2
229 1
230 1
231 1
232 1
233 2
234 3
235 3
236 1
237 2
238 2
239 2
240 2
241 0
242 3
243 2
244 0
245 2
246 2
247 1
248 1
249 0
250 0
251 2
252 1
253 3
254 3
255 2
256 1
257 0
258 3
259 0
260 2
261 0
262 1
263 3
264 3
265 0
266 3
267 2
268 0
269 0
270 1
271 2
272 0
273 1
274 3
275 3
276 1
277 1
278 3
279 1
280 3
281 0
282 2
283 1
284 3
285 0
286 1
287 2
288 2
289 1
290 1
291 1
292 2
293 2
294 0
295 2
296 3
297 3
298 0
299 0
300 0
301 2
302 0
303 2
304 2
305 2
306 2
307 3
308 0
309 1
310 1
311 3
312 3
313 0
314 2
315 0
316 1
317 0
318 0
319 0
320 2
321 3
322 2
323 2
324 1
325 3
326 1
327 1
328 3
329 3
330 3
331 2
332 1
333 0
334 1
335 0
336 3
337 3
338 0
339 1
340 1
341 2
342 2
343 3
344 3
345 3
346 0
347 0
348 1
349 0
350 3
351 1
352 2
353 1
354 3
355 2
356 0
357 3
358 0
359 3
360 3
361 1
362 1
363 2
364 1
365 1
366 3
367 3
368 2
369 2
370 1
371 0
372 1
373 3
374 0
375 2
376 2
377 3
378 3
379 3
380 0
381 0
382 1
383 1
384 0
385 2
386 1
387 2
388 1
389 3
390 3
391 1
392 1
393 3
394 0
395 2
396 2
397 3
398 2
399 3
400 3
401 0
402 1
403 0
404 1
405 0
406 3
407 1
408 3
409 1
410 2
411 0
412 2
413 3
414 0
415 3
416 3
417 2
418 0
419 2
420 3
421 3
422 3
423 2
424 2
425 1
426 3
427 2
428 1
429 1
430 3
431 0
432 1
433 3
434 0
435 1
436 3
437 0
438 2
439 1
440 2
441 2
442 1
443 2
444 3
445 2
446 2
447 2
448 1
449 2
450 1
451 2
452 0
453 3
454 3
455 0
456 1
457 0
458 3
459 3
460 0
461 3
462 1
463 0
464 3
465 3
466 1
467 3
468 3
469 1
470 2
471 1
472 3
473 2
474 3
475 0
476 0
477 0
478 0
479 3
480 3
481 2
482 0
483 1
484 2
485 0
486 2
487 2
488 2
489 3
490 1
491 1
492 1
493 2
494 3
495 0
496 3
497 3
498 2
499 0
500 2
501 2
502 2
503 2
504 2
505 1
506 2
507 0
508 0
509 0
510 3
511 1
512 0
513 3
514 2
515 1
516 1
517 1
518 3
519 0
520 3
521 0
522 1
523 3
524 1
525 3
526 1
527 2
528 0
529 0
530 0
531 0
532 3
533 3
534 3
535 2
536 0
537 0
538 3
539 3
540 3
541 1
542 3
543 0
544 1
545 3
546 2
547 2
548 0
549 1
550 3
551 3
552 0
553 2
554 1
555 2
556 1
557 1
558 2
559 0
560 2
561 0
562 1
563 1
564 1
565 0
566 1
567 3
568 3
569 0
570 0
571 0
572 3
573 3
574 2
575 2
576 2
577 0
578 1
579 0
580 0
581 0
582 2
583 2
584 2
585 1
586 1
587 0
588 3
589 3
590 3
591 3
592 1
593 0
594 1
595 1
596 2
597 0
598 0
599 0
600 1
601 0
602 3
603 2
604 3
605 2
606 2
607 3
608 1
609 3
610 3
611 3
612 2
613 1
614 2
615 2
616 0
617 2
618 0
619 1
620 0
621 3
622 2
623 0
624 1
625 0
626 2
627 3
628 1
629 0
630 0
631 2
632 3
633 2
634 2
635 1
636 2
637 0
638 0
639 2
640 1
641 3
642 2
643 3
644 3
645 1
646 3
647 3
648 3
649 0
650 2
651 3
652 0
653 0
654 0
655 1
656 1
657 3
658 2
659 3
660 0
661 0
662 1
663 0
664 3
665 3
666 0
667 0
668 0
669 3
670 0
671 2
672 1
673 1
674 1
675 2
676 2
677 3
678 3
679 2
680 2
681 3
682 2
683 2
684 1
685 1
686 0
687 0
688 3
689 1
690 0
691 3
692 3
693 1
694 1
695 3
696 1
697 0
698 3
699 3
700 3
701 3
702 1
703 3
704 0
705 2
706 0
707 1
708 2
709 2
710 3
711 1
712 2
713 3
714 0
715 1
716 2
717 0
718 0
719 1
720 0
721 3
722 0
723 0
724 0
725 1
726 1
727 2
728 0
729 2
730 3
731 0
732 0
733 2
734 1
735 0
736 0
737 2
738 0
739 3
740 3
741 1
742 0
743 1
744 0
745 1
746 2
747 1
748 0
749 0
750 1
751 2
752 1
753 0
754 3
755 2
756 1
757 0
758 3
759 2
760 1
761 3
