0 0
1 2
2 4
3 2
4 2
5 3
6 1
7 4
8 0
9 2
10 2
11 2
12 0
13 1
14 3
15 0
16 1
17 1
18 3
19 3
20 1
21 3
22 4
23 2
24 0
25 0
26 1
27 0
28 3
29 3
30 3
31 2
32 4
33 3
34 2
35 4
36 0
37 0
38 0
39 4
40 0
41 4
42 1
43 2
44 4
45 1
46 0
47 4
48 4
49 0
50 1
51 0
52 1
53 4
54 1
55 4
56 2
57 4
58 2
59 4
60 3
61 2
62 4
63 4
64 1
65 0
66 1
67 0
68 2
69 0
70 4
71 0
72 1
73 4
74 3
75 1
76 0
77 1
78 1
79 0
80 0
81 1
82 4
83 2
84 4
85 0
86 2
87 3
88 1
89 4
90 2
91 2
92 4
93 2
94 3
95 2
96 2
97 0
98 1
99 2
100 0
101 2
102 4
103 2
104 2
105 1
106 2
107 4
108 3
109 3
110 2
111 2
112 0
113 4
114 3
115 1
116 4
117 4
118 1
119 1
120 2
121 4
122 2
123 0
124 3
125 3
126 4
127 1
128 1
129 2
130 1
131 3
132 4
133 0
134 0
135 1
136 1
137 3
138 4
139 0
140 2
141 0
142 1
143 0
144 2
145 1
146 3
147 4
148 4
149 3
150 0
151 1
152 2
153 0
154 2
155 3
156 2
157 4
158 2
159 2
160 0
161 2
162 4
163 0
164 1
165 0
166 2
167 0
168 1
169 2
170 2
171 0
172 2
173 2
174 3
175 3
176 0
177 1
178 1
179 4
180 2
181 0
182 0
183 0
184 3
185 0
186 2
187 3
188 2
189 2
190 2
191 3
192 0
193 1
194 1
195 0
196 3
197 0
198 0
199 1
200 3
201 1
202 1
203 2
204 0
205 1
206 3
207 3
208 0
209 4
210 4
211 0
212 0
213 3
214 3
215 2
216 0
217 2
218 0
219 4
220 1
221 2
222 1
223 0
224 3
225 4
226 3
227 2
228 3
229 4
230 4
231 1
232 0
233 0
234 1
235 2
236 1
237 3
238 0
239 4
240 3
241 2
242 0
243 3
244 3
245 1
246 1
247 2
248 4
249 2
250 1
251 4
252 2
253 3
254 3
255 2
256 4
257 2
258 3
259 3
260 0
261 0
262 2
263 2
264 0
265 1
266 4
267 1
268 2
269 2
270 1
271 3
272 0
273 0
274 3
275 2
276 0
277 2
278 0
279 4
280 3
281 4
282 0
283 2
284 4
285 3
286 4
287 1
288 2
289 2
290 3
291 1
292 1
293 2
294 0
295 3
296 0
297 4
298 0
299 1
300 2
301 1
302 3
303 1
304 3
305 0
306 0
307 3
308 1
309 4
310 0
311 2
312 1
313 3
314 2
315 2
316 2
317 4
318 2
319 0
320 3
321 4
322 2
323 3
324 0
325 3
326 0
327 3
328 3
329 1
330 0
331 2
332 2
333 1
334 2
335 3
336 0
337 2
338 0
339 0
340 1
341 1
342 2
343 0
344 0
345 1
346 0
347 0
348 0
349 4
350 3
351 3
352 1
353 0
354 3
355 1
356 3
357 3
358 2
359 2
360 2
361 4
362 1
363 2
364 2
365 3
366 4
367 1
368 1
369 0
370 0
371 2
372 2
373 3
374 3
375 4
376 4
377 0
378 2
379 0
380 4
381 0
382 3
383 4
384 0
385 0
386 0
387 1
388 2
389 2
390 2
391 1
392 3
393 1
394 0
395 2
396 4
397 3
398 4
399 1
400 2
401 3
402 1
403 3
404 3
405 4
406 3
407 2
408 4
409 1
410 3
411 2
412 2
413 0
414 0
415 4
416 4
417 0
418 0
419 1
420 3
421 4
422 4
423 1
424 4
425 0
426 0
427 4
428 3
429 2
430 2
431 2
432 2
433 0
434 0
435 4
436 4
437 2
438 0
439 1
440 4
441 1
442 2
443 3
444 0
445 0
446 3
447 1
448 2
449 2
450 3
451 1
452 3
453 3
454 1
455 3
456 3
457 1
458 2
459 0
460 1
461 0
462 4
463 1
464 3
465 4
466 4
467 1
468 1
469 2
470 0
471 3
472 3
473 1
474 1
475 3
476 3
477 4
478 1
479 0
480 2
481 3
482 1
483 1
484 3
485 2
486 2
487 3
488 3
489 3
490 3
491 2
492 2
493 0
494 2
495 0
496 3
497 0
498 4
499 3
500 1
501 4
502 3
503 2
504 3
505 3
506 4
507 4
508 4
509 4
510 4
511 4
512 0
513 4
514 3
515 1
516 2
517 0
518 2
519 0
520 4
521 1
522 3
523 0
524 4
525 2
526 1
527 0
528 1
529 2
530 2
531 1
532 2
533 2
534 3
535 0
536 0
537 3
538 0
539 1
540 2
541 4
542 2
543 4
544 3
545 2
546 0
547 3
548 2
549 2
550 4
551 4
552 0
553 1
554 1
555 2
556 2
557 1
558 3
559 0
560 1
561 4
562 4
563 1
564 3
565 1
566 2
567 3
568 3
569 3
570 4
571 0
572 1
573 1
574 0
575 0
576 0
577 1
578 2
579 3
580 3
581 0
582 1
583 2
584 4
585 3
586 1
587 3
588 0
589 0
590 2
591 2
592 2
593 1
594 1
595 0
596 4
597 1
598 1
599 3
600 4
601 0
602 3
603 4
604 3
605 1
606 3
607 1
608 1
609 2
610 1
611 3
612 0
613 4
614 1
615 3
616 1
617 2
618 0
619 0
620 2
621 2
622 2
623 0
624 0
625 0
626 1
627 0
628 1
629 2
630 3
631 4
632 4
633 0
634 3
635 1
636 0
637 1
638 3
639 1
640 0
641 2
642 2
643 1
644 0
645 2
646 1
647 1
648 1
649 3
650 0
651 0
652 0
653 2
654 0
655 0
656 2
657 2
658 1
659 4
660 0
661 0
662 0
663 4
664 0
665 0
666 0
667 0
668 4
669 1
670 1
671 1
672 1
673 1
674 1
675 2
676 4
677 2
678 4
679 0
680 0
681 2
682 4
683 2
684 3
685 3
686 2
687 2
688 4
689 2
690 1
691 1
692 1
693 3
694 1
695 3
696 3
697 1
698 4
699 3
700 0
701 1
702 0
703 2
704 4
705 1
706 3
707 4
708 1
709 1
710 1
711 1
712 2
713 1
714 0
715 4
716 2
717 2
718 3
719 3
720 4
721 0
722 2
723 2
724 1
725 2
726 1
727 3
728 0
729 2
730 4
731 0
732 2
733 1
734 3
735 4
736 4
737 1
738 1
739 4
740 4
741 4
742 3
743 3
744 4
745 2
746 1
747 2
748 4
749 1
750 3
751 2
752 2
753 4
754 2
755 4
756 1
757 0
758 4
759 2
760 0
761 3
