0 5
1 4
2 4
3 2
4 3
5 0
6 5
7 1
8 4
9 3
10 1
11 5
12 5
13 2
14 2
15 4
16 3
17 2
18 0
19 2
20 0
21 0
22 0
23 0
24 0
25 3
26 0
27 5
28 1
29 4
30 0
31 1
32 3
33 1
34 2
35 2
36 3
37 2
38 1
39 2
40 0
41 3
42 5
43 0
44 1
45 4
46 1
47 3
48 4
49 2
50 4
51 1
52 3
53 0
54 5
55 2
56 1
57 3
58 3
59 4
60 1
61 5
62 0
63 5
64 4
65 0
66 3
67 4
68 0
69 0
70 1
71 4
72 3
73 0
74 1
75 4
76 5
77 5
78 3
79 5
80 1
81 1
82 3
83 5
84 3
85 2
86 2
87 0
88 0
89 0
90 3
91 1
92 2
93 3
94 4
95 0
96 4
97 5
98 2
99 1
100 5
101 3
102 1
103 3
104 0
105 1
106 3
107 5
108 5
109 5
110 1
111 0
112 2
113 3
114 2
115 0
116 2
117 0
118 4
119 5
120 0
121 4
122 5
123 2
124 4
125 5
126 0
127 4
128 5
129 1
130 3
131 3
132 5
133 5
134 5
135 1
136 5
137 3
138 3
139 0
140 5
141 5
142 0
143 5
144 4
145 0
146 4
147 0
148 5
149 5
150 4
151 4
152 0
153 0
154 2
155 2
156 0
157 3
158 1
159 2
160 5
161 0
162 0
163 3
164 4
165 5
166 3
167 3
168 3
169 5
170 2
171 5
172 1
173 1
174 5
175 3
176 0
177 4
178 0
179 3
180 3
181 4
182 5
183 4
184 0
185 5
186 5
187 4
188 5
189 5
190 5
191 2
192 0
193 4
194 2
195 5
196 1
197 5
198 3
199 4
200 2
201 2
202 2
203 5
204 4
205 2
206 2
207 0
208 4
209 5
210 0
211 1
212 0
213 1
214 0
215 4
216 5
217 2
218 3
219 4
220 4
221 3
222 5
223 5
224 2
225 4
226 1
227 3
228 5
229 3
230 5
231 1
232 4
233 5
234 3
235 3
236 5
237 3
238 1
239 2
240 3
241 3
242 2
243 0
244 1
245 4
246 5
247 5
248 1
249 5
250 2
251 0
252 5
253 2
254 1
255 4
256 2
257 2
258 4
259 0
260 5
261 3
262 4
263 5
264 4
265 3
266 3
267 1
268 4
269 3
270 2
271 2
272 5
273 4
274 1
275 2
276 2
277 4
278 2
279 2
280 0
281 2
282 0
283 4
284 5
285 0
286 0
287 3
288 2
289 0
290 3
291 3
292 4
293 0
294 1
295 5
296 5
297 2
298 4
299 5
300 5
301 1
302 5
303 0
304 4
305 2
306 4
307 0
308 0
309 4
310 4
311 3
312 1
313 4
314 4
315 1
316 5
317 0
318 0
319 5
320 2
321 5
322 0
323 4
324 4
325 0
326 4
327 5
328 4
329 2
330 1
331 0
332 5
333 0
334 5
335 1
336 0
337 2
338 1
339 4
340 4
341 2
342 5
343 0
344 5
345 0
346 1
347 2
348 5
349 3
350 5
351 1
352 0
353 2
354 4
355 2
356 0
357 0
358 3
359 5
360 1
361 0
362 1
363 0
364 0
365 3
366 0
367 1
368 5
369 3
370 2
371 0
372 5
373 2
374 5
375 4
376 0
377 1
378 3
379 2
380 0
381 1
382 0
383 0
384 5
385 5
386 5
387 4
388 1
389 2
390 1
391 5
392 0
393 5
394 2
395 1
396 1
397 1
398 5
399 0
400 3
401 5
402 5
403 0
404 1
405 4
406 2
407 0
408 0
409 5
410 3
411 1
412 2
413 4
414 5
415 5
416 5
417 3
418 0
419 1
420 3
421 4
422 4
423 4
424 2
425 3
426 1
427 5
428 4
429 3
430 5
431 0
432 2
433 0
434 5
435 3
436 1
437 4
438 2
439 0
440 2
441 4
442 3
443 5
444 1
445 3
446 1
447 5
448 5
449 5
450 2
451 3
452 0
453 4
454 1
455 5
456 1
457 4
458 1
459 1
460 1
461 4
462 1
463 1
464 5
465 1
466 5
467 0
468 1
469 1
470 0
471 4
472 0
473 2
474 3
475 4
476 4
477 4
478 4
479 0
480 4
481 0
482 5
483 1
484 3
485 0
486 0
487 4
488 0
489 3
490 3
491 5
492 5
493 0
494 0
495 2
496 0
497 5
498 5
499 2
500 4
501 1
502 0
503 2
504 0
505 0
506 2
507 4
508 1
509 0
510 0
511 5
512 2
513 4
514 5
515 4
516 0
517 0
518 3
519 5
520 4
521 2
522 2
523 2
524 3
525 0
526 3
527 0
528 5
529 1
530 1
531 4
532 4
533 0
534 1
535 0
536 0
537 1
538 3
539 2
540 5
541 1
542 4
543 2
544 5
545 0
546 2
547 5
548 1
549 1
550 2
551 1
552 5
553 2
554 2
555 3
556 4
557 4
558 3
559 0
560 4
561 2
562 4
563 2
564 5
565 4
566 1
567 0
568 1
569 3
570 0
571 0
572 5
573 5
574 2
575 4
576 3
577 5
578 4
579 2
580 4
581 2
582 5
583 5
584 3
585 4
586 5
587 5
588 2
589 0
590 2
591 3
592 3
593 4
594 3
595 0
596 4
597 4
598 4
599 1
600 5
601 0
602 3
603 1
604 2
605 4
606 2
607 0
608 2
609 2
610 1
611 3
612 1
613 5
614 0
615 1
616 2
617 0
618 1
619 5
620 0
621 1
622 0
623 4
624 1
625 4
626 3
627 2
628 4
629 2
630 0
631 2
632 5
633 5
634 0
635 4
636 4
637 2
638 0
639 0
640 5
641 0
642 4
643 0
644 0
645 0
646 5
647 2
648 5
649 4
650 4
651 3
652 3
653 4
654 0
655 5
656 0
657 3
658 0
659 2
660 1
661 1
662 0
663 5
664 0
665 2
666 0
667 5
668 4
669 5
670 4
671 1
672 5
673 5
674 5
675 5
676 0
677 0
678 3
679 4
680 5
681 0
682 5
683 0
684 5
685 0
686 2
687 3
688 5
689 5
690 0
691 5
692 1
693 5
694 2
695 3
696 4
697 4
698 3
699 3
700 5
701 2
702 2
703 3
704 0
705 1
706 2
707 2
708 2
709 1
710 2
711 5
712 0
713 0
714 1
715 2
716 2
717 4
718 4
719 5
720 1
721 4
722 5
723 2
724 0
725 0
726 1
727 3
728 4
729 2
730 3
731 3
732 4
733 2
734 3
735 1
736 5
737 3
738 0
739 1
740 2
741 2
742 5
743 4
744 5
745 4
746 0
747 2
748 2
749 0
750 4
751 3
752 1
753 0
754 2
755 3
756 4
757 4
758 1
759 4
760 5
761 3
