0 5
1 6
2 6
3 2
4 0
5 0
6 0
7 1
8 4
9 2
10 2
11 0
12 2
13 4
14 5
15 6
16 5
17 3
18 2
19 1
20 5
21 2
22 1
23 2
24 0
25 2
26 1
27 6
28 1
29 4
30 5
31 3
32 0
33 5
34 2
35 2
36 5
37 2
38 2
39 2
40 4
41 4
42 2
43 6
44 4
45 1
46 5
47 2
48 0
49 6
50 2
51 0
52 2
53 0
54 2
55 4
56 3
57 2
58 2
59 3
60 2
61 1
62 2
63 2
64 0
65 3
66 4
67 3
68 0
69 3
70 2
71 1
72 5
73 6
74 5
75 5
76 0
77 1
78 6
79 6
80 3
81 5
82 1
83 1
84 0
85 6
86 1
87 0
88 4
89 2
90 5
91 4
92 6
93 6
94 0
95 0
96 3
97 3
98 0
99 2
100 2
101 2
102 5
103 6
104 5
105 4
106 4
107 1
108 4
109 3
110 3
111 2
112 3
113 0
114 2
115 6
116 2
117 3
118 1
119 1
120 0
121 1
122 6
123 2
124 4
125 5
126 2
127 1
128 5
129 5
130 4
131 0
132 4
133 5
134 3
135 4
136 3
137 3
138 4
139 5
140 1
141 0
142 1
143 2
144 3
145 6
146 0
147 4
148 1
149 5
150 1
151 6
152 4
153 3
154 3
155 6
156 2
157 6
158 2
159 3
160 0
161 4
162 3
163 5
164 6
165 3
166 4
167 5
168 0
169 2
170 0
171 5
172 3
173 6
174 4
175 0
176 1
177 1
178 5
179 5
180 0
181 5
182 4
183 5
184 4
185 0
186 2
187 1
188 5
189 2
190 4
191 3
192 2
193 3
194 4
195 5
196 4
197 4
198 3
199 3
200 4
201 3
202 2
203 3
204 4
205 3
206 4
207 0
208 4
209 3
210 6
211 0
212 6
213 5
214 6
215 4
216 5
217 0
218 2
219 5
220 1
221 1
222 3
223 2
224 6
225 1
226 4
227 0
228 5
229 6
230 4
231 2
232 0
233 2
234 1
235 2
236 6
237 6
238 6
239 4
240 0
241 2
242 4
243 6
244 4
245 3
246 5
247 3
248 6
249 5
250 3
251 6
252 1
253 3
254 4
255 2
256 3
257 0
258 6
259 6
260 2
261 0
262 4
263 1
264 2
265 6
266 2
267 3
268 5
269 1
270 3
271 2
272 4
273 5
274 4
275 2
276 2
277 0
278 1
279 0
280 2
281 0
282 6
283 5
284 0
285 1
286 5
287 0
288 2
289 3
290 1
291 6
292 1
293 1
294 3
295 5
296 2
297 4
298 4
299 3
300 1
301 5
302 6
303 0
304 3
305 5
306 0
307 2
308 3
309 6
310 0
311 5
312 0
313 2
314 3
315 4
316 0
317 3
318 2
319 0
320 3
321 0
322 2
323 1
324 5
325 0
326 3
327 4
328 6
329 4
330 6
331 2
332 0
333 0
334 6
335 4
336 2
337 1
338 0
339 2
340 1
341 6
342 6
343 5
344 1
345 1
346 2
347 2
348 4
349 0
350 3
351 6
352 0
353 0
354 2
355 6
356 0
357 1
358 5
359 0
360 3
361 3
362 3
363 1
364 1
365 0
366 0
367 0
368 0
369 1
370 0
371 3
372 2
373 6
374 4
375 4
376 3
377 2
378 5
379 4
380 3
381 4
382 1
383 1
384 0
385 5
386 3
387 3
388 2
389 2
390 4
391 0
392 6
393 3
394 4
395 5
396 6
397 1
398 1
399 2
400 5
401 6
402 5
403 2
404 3
405 4
406 4
407 3
408 5
409 0
410 3
411 5
412 6
413 2
414 3
415 2
416 6
417 5
418 0
419 0
420 1
421 2
422 6
423 0
424 2
425 6
426 6
427 3
428 3
429 0
430 5
431 6
432 4
433 3
434 4
435 6
436 3
437 4
438 2
439 4
440 3
441 4
442 4
443 2
444 5
445 0
446 0
447 4
448 3
449 5
450 1
451 5
452 2
453 2
454 4
455 6
456 2
457 4
458 0
459 3
460 3
461 0
462 5
463 2
464 4
465 1
466 6
467 2
468 6
469 1
470 4
471 0
472 5
473 5
474 1
475 4
476 2
477 1
478 4
479 3
480 5
481 4
482 6
483 1
484 6
485 6
486 0
487 2
488 0
489 4
490 4
491 0
492 2
493 1
494 6
495 2
496 0
497 3
498 1
499 1
500 3
501 0
502 0
503 4
504 5
505 0
506 2
507 3
508 1
509 4
510 5
511 2
512 2
513 4
514 5
515 0
516 0
517 4
518 3
519 1
520 3
521 4
522 0
523 6
524 1
525 3
526 2
527 1
528 5
529 0
530 6
531 5
532 1
533 4
534 3
535 6
536 4
537 3
538 0
539 2
540 4
541 2
542 6
543 1
544 4
545 6
546 6
547 0
548 2
549 6
550 3
551 0
552 3
553 3
554 0
555 0
556 3
557 3
558 4
559 5
560 4
561 2
562 3
563 5
564 3
565 0
566 3
567 4
568 3
569 4
570 1
571 2
572 2
573 3
574 4
575 3
576 4
577 1
578 4
579 3
580 3
581 1
582 4
583 3
584 2
585 6
586 6
587 3
588 6
589 5
590 3
591 0
592 4
593 5
594 0
595 2
596 0
597 5
598 6
599 2
600 0
601 6
602 0
603 5
604 3
605 5
606 3
607 5
608 3
609 2
610 4
611 4
612 0
613 3
614 2
615 2
616 1
617 4
618 2
619 6
620 2
621 1
622 3
623 1
624 2
625 6
626 5
627 0
628 0
629 3
630 4
631 3
632 1
633 6
634 3
635 5
636 4
637 5
638 3
639 3
640 4
641 3
642 1
643 2
644 5
645 0
646 0
647 4
648 5
649 1
650 0
651 6
652 6
653 3
654 5
655 4
656 3
657 1
658 3
659 3
660 2
661 2
662 1
663 3
664 0
665 2
666 2
667 2
668 5
669 3
670 1
671 5
672 4
673 3
674 2
675 4
676 0
677 1
678 0
679 0
680 0
681 3
682 4
683 4
684 3
685 2
686 5
687 0
688 2
689 4
690 5
691 5
692 3
693 3
694 0
695 3
696 4
697 4
698 2
699 0
700 0
701 5
702 6
703 4
704 2
705 4
706 4
707 4
708 0
709 4
710 5
711 2
712 0
713 2
714 6
715 3
716 4
717 0
718 4
719 0
720 2
721 0
722 5
723 6
724 2
725 3
726 6
727 1
728 2
729 1
730 2
731 0
732 2
733 2
734 0
735 4
736 4
737 6
738 6
739 5
740 0
741 4
742 0
743 4
744 6
745 2
746 0
747 3
748 1
749 6
750 0
751 6
752 2
753 5
754 0
755 5
756 3
757 4
758 4
759 2
760 6
761 4
