0 3
1 3
2 6
3 5
4 2
5 6
6 2
7 2
8 1
9 3
10 6
11 5
12 7
13 4
14 2
15 7
16 6
17 6
18 0
19 5
20 4
21 4
22 5
23 2
24 2
25 2
26 2
27 1
28 6
29 3
30 4
31 5
32 6
33 4
34 1
35 2
36 1
37 3
38 4
39 2
40 5
41 2
42 7
43 5
44 4
45 2
46 4
47 0
48 4
49 6
50 4
51 2
52 2
53 7
54 3
55 4
56 5
57 4
58 2
59 4
60 5
61 4
62 3
63 7
64 7
65 1
66 5
67 3
68 2
69 4
70 6
71 0
72 1
73 7
74 7
75 3
76 2
77 3
78 2
79 4
80 4
81 0
82 3
83 4
84 1
85 3
86 3
87 1
88 5
89 4
90 4
91 6
92 1
93 3
94 3
95 6
96 5
97 1
98 2
99 5
100 6
101 5
102 3
103 0
104 4
105 5
106 1
107 3
108 1
109 4
110 4
111 4
112 5
113 1
114 4
115 7
116 2
117 7
118 5
119 7
120 3
121 0
122 0
123 1
124 5
125 3
126 0
127 4
128 0
129 6
130 2
131 7
132 7
133 6
134 3
135 3
136 6
137 5
138 5
139 6
140 4
141 5
142 0
143 1
144 3
145 0
146 3
147 6
148 5
149 0
150 2
151 4
152 0
153 7
154 4
155 3
156 5
157 0
158 4
159 5
160 6
161 4
162 0
163 1
164 5
165 3
166 4
167 3
168 1
169 4
170 3
171 0
172 7
173 3
174 4
175 7
176 1
177 2
178 4
179 7
180 3
181 5
182 6
183 6
184 1
185 1
186 2
187 5
188 0
189 4
190 3
191 4
192 3
193 6
194 6
195 3
196 6
197 5
198 4
199 1
200 2
201 5
202 7
203 6
204 1
205 6
206 0
207 7
208 4
209 7
210 4
211 4
212 1
213 6
214 7
215 7
216 6
217 2
218 7
219 2
220 2
221 5
222 6
223 7
224 6
225 6
226 0
227 3
228 1
229 3
230 1
231 7
232 7
233 6
234 0
235 4
236 6
237 6
238 4
239 6
240 7
241 0
242 1
243 0
244 7
245 0
246 4
247 4
248 3
249 7
250 0
251 5
252 6
253 6
254 3
255 1
256 0
257 1
258 6
259 7
260 7
261 0
262 4
263 7
264 7
265 6
266 6
267 5
268 4
269 6
270 1
271 2
272 5
273 3
274 7
275 5
276 3
277 2
278 5
279 1
280 0
281 0
282 7
283 6
284 7
285 5
286 2
287 5
288 0
289 1
290 5
291 3
292 5
293 2
294 7
295 3
296 4
297 0
298 5
299 6
300 0
301 0
302 1
303 0
304 3
305 1
306 1
307 7
308 0
309 3
310 3
311 3
312 5
313 0
314 1
315 2
316 1
317 6
318 4
319 4
320 0
321 3
322 7
323 5
324 4
325 1
326 4
327 7
328 6
329 1
330 0
331 0
332 2
333 6
334 1
335 6
336 5
337 2
338 0
339 3
340 0
341 0
342 5
343 2
344 5
345 4
346 0
347 4
348 5
349 5
350 0
351 3
352 4
353 2
354 3
355 2
356 0
357 7
358 7
359 7
360 0
361 3
362 4
363 4
364 3
365 0
366 3
367 2
368 3
369 5
370 2
371 3
372 2
373 6
374 5
375 2
376 6
377 2
378 0
379 7
380 3
381 1
382 2
383 2
384 1
385 2
386 2
387 4
388 2
389 5
390 1
391 2
392 3
393 4
394 3
395 3
396 7
397 3
398 2
399 2
400 2
401 0
402 1
403 7
404 0
405 6
406 1
407 1
408 3
409 1
410 1
411 0
412 6
413 5
414 4
415 3
416 4
417 0
418 0
419 4
420 4
421 6
422 3
423 6
424 1
425 1
426 0
427 7
428 6
429 3
430 1
431 5
432 5
433 5
434 5
435 4
436 1
437 2
438 0
439 0
440 2
441 0
442 1
443 3
444 4
445 7
446 1
447 2
448 1
449 3
450 6
451 1
452 2
453 2
454 3
455 2
456 0
457 1
458 1
459 7
460 6
461 4
462 1
463 2
464 5
465 6
466 2
467 4
468 5
469 6
470 5
471 5
472 0
473 3
474 4
475 4
476 7
477 5
478 7
479 1
480 1
481 4
482 2
483 0
484 2
485 0
486 6
487 3
488 0
489 1
490 2
491 6
492 1
493 1
494 2
495 0
496 4
497 5
498 2
499 7
500 4
501 4
502 7
503 5
504 0
505 0
506 4
507 7
508 5
509 6
510 2
511 0
512 5
513 3
514 4
515 7
516 0
517 5
518 5
519 6
520 3
521 3
522 2
523 0
524 0
525 0
526 5
527 6
528 0
529 1
530 5
531 7
532 6
533 5
534 3
535 7
536 5
537 6
538 2
539 6
540 6
541 1
542 7
543 0
544 6
545 5
546 0
547 5
548 7
549 6
550 1
551 0
552 4
553 1
554 1
555 4
556 7
557 4
558 5
559 5
560 4
561 3
562 5
563 1
564 6
565 7
566 7
567 2
568 6
569 4
570 2
571 7
572 0
573 7
574 0
575 7
576 4
577 2
578 0
579 5
580 5
581 3
582 3
583 4
584 1
585 7
586 7
587 5
588 2
589 0
590 4
591 3
592 2
593 3
594 1
595 5
596 0
597 2
598 4
599 7
600 6
601 4
602 7
603 6
604 4
605 7
606 6
607 6
608 4
609 7
610 6
611 0
612 0
613 5
614 4
615 1
616 6
617 2
618 1
619 0
620 6
621 1
622 0
623 7
624 6
625 4
626 4
627 5
628 2
629 1
630 7
631 6
632 7
633 1
634 2
635 4
636 0
637 0
638 3
639 7
640 4
641 1
642 1
643 4
644 6
645 4
646 3
647 1
648 4
649 7
650 2
651 7
652 1
653 4
654 2
655 2
656 4
657 0
658 1
659 6
660 2
661 4
662 2
663 4
664 0
665 5
666 0
667 2
668 5
669 1
670 6
671 3
672 5
673 2
674 6
675 0
676 7
677 4
678 0
679 5
680 3
681 5
682 3
683 2
684 4
685 6
686 4
687 4
688 4
689 0
690 2
691 3
692 7
693 5
694 1
695 5
696 3
697 6
698 2
699 6
700 6
701 2
702 6
703 6
704 4
705 0
706 7
707 7
708 2
709 5
710 2
711 5
712 4
713 7
714 0
715 3
716 1
717 4
718 0
719 4
720 3
721 1
722 7
723 4
724 1
725 3
726 6
727 5
728 0
729 0
730 6
731 0
732 1
733 2
734 7
735 3
736 5
737 4
738 6
739 2
740 1
741 3
742 2
743 7
744 0
745 2
746 2
747 3
748 5
749 7
750 7
751 3
752 1
753 1
754 5
755 4
756 4
757 5
758 5
759 1
760 7
761 2
