0 0
1 3
2 1
3 4
4 6
5 8
6 7
7 8
8 3
9 5
10 1
11 6
12 2
13 8
14 5
15 0
16 1
17 4
18 3
19 3
20 0
21 1
22 1
23 6
24 0
25 3
26 2
27 7
28 5
29 1
30 6
31 3
32 7
33 7
34 3
35 5
36 1
37 7
38 0
39 6
40 5
41 1
42 3
43 2
44 8
45 4
46 1
47 0
48 8
49 1
50 2
51 4
52 2
53 6
54 1
55 6
56 4
57 4
58 2
59 7
60 4
61 0
62 1
63 8
64 5
65 3
66 8
67 4
68 8
69 7
70 1
71 7
72 1
73 0
74 2
75 4
76 3
77 3
78 3
79 0
80 4
81 5
82 0
83 5
84 4
85 5
86 0
87 1
88 1
89 3
90 5
91 6
92 6
93 5
94 6
95 6
96 5
97 6
98 0
99 0
100 1
101 8
102 3
103 0
104 2
105 4
106 4
107 2
108 6
109 6
110 2
111 0
112 8
113 2
114 1
115 7
116 3
117 4
118 2
119 8
120 5
121 8
122 8
123 7
124 6
125 1
126 0
127 3
128 1
129 1
130 8
131 2
132 3
133 1
134 5
135 6
136 2
137 1
138 6
139 7
140 1
141 4
142 5
143 0
144 7
145 0
146 0
147 6
148 5
149 3
150 2
151 2
152 0
153 1
154 1
155 1
156 4
157 5
158 1
159 3
160 1
161 4
162 2
163 5
164 6
165 2
166 0
167 3
168 3
169 4
170 8
171 0
172 7
173 5
174 6
175 6
176 0
177 7
178 2
179 0
180 5
181 3
182 4
183 1
184 7
185 1
186 3
187 8
188 2
189 7
190 8
191 0
192 4
193 1
194 2
195 0
196 5
197 6
198 1
199 3
200 4
201 2
202 1
203 2
204 2
205 5
206 3
207 7
208 3
209 1
210 0
211 7
212 3
213 6
214 2
215 6
216 8
217 8
218 6
219 6
220 4
221 8
222 8
223 8
224 2
225 2
226 2
227 0
228 0
229 1
230 2
231 4
232 8
233 8
234 8
235 8
236 8
237 7
238 7
239 4
240 7
241 8
242 3
243 1
244 4
245 7
246 3
247 6
248 6
249 6
250 3
251 0
252 0
253 2
254 2
255 4
256 7
257 7
258 0
259 5
260 2
261 8
262 0
263 2
264 3
265 7
266 5
267 7
268 3
269 5
270 7
271 7
272 5
273 5
274 2
275 7
276 0
277 6
278 6
279 3
280 1
281 6
282 1
283 5
284 7
285 6
286 8
287 4
288 7
289 5
290 4
291 2
292 5
293 4
294 3
295 5
296 2
297 1
298 7
299 1
300 8
301 6
302 7
303 8
304 1
305 0
306 7
307 8
308 3
309 1
310 4
311 1
312 4
313 2
314 4
315 1
316 1
317 0
318 3
319 8
320 0
321 2
322 3
323 1
324 3
325 6
326 0
327 8
328 0
329 4
330 8
331 5
332 3
333 6
334 7
335 3
336 2
337 3
338 3
339 3
340 3
341 0
342 1
343 4
344 1
345 3
346 3
347 4
348 5
349 6
350 2
351 4
352 5
353 0
354 7
355 4
356 3
357 8
358 6
359 0
360 2
361 4
362 0
363 2
364 7
365 3
366 7
367 3
368 6
369 7
370 6
371 6
372 0
373 0
374 3
375 2
376 1
377 2
378 7
379 7
380 8
381 4
382 1
383 3
384 3
385 5
386 1
387 1
388 4
389 2
390 8
391 6
392 6
393 3
394 3
395 4
396 4
397 3
398 8
399 3
400 7
401 4
402 5
403 8
404 3
405 6
406 7
407 5
408 8
409 3
410 2
411 3
412 0
413 2
414 3
415 1
416 0
417 2
418 0
419 3
420 3
421 8
422 5
423 7
424 2
425 7
426 3
427 4
428 5
429 8
430 1
431 8
432 5
433 0
434 5
435 6
436 6
437 0
438 5
439 5
440 8
441 2
442 4
443 2
444 7
445 2
446 6
447 5
448 6
449 1
450 5
451 7
452 2
453 6
454 2
455 1
456 5
457 5
458 7
459 2
460 0
461 5
462 1
463 3
464 0
465 5
466 6
467 3
468 1
469 2
470 4
471 7
472 0
473 0
474 2
475 1
476 7
477 3
478 3
479 8
480 0
481 0
482 5
483 2
484 4
485 2
486 0
487 4
488 6
489 6
490 7
491 7
492 7
493 6
494 3
495 4
496 4
497 3
498 7
499 7
500 2
501 8
502 5
503 6
504 1
505 3
506 7
507 3
508 7
509 4
510 2
511 2
512 2
513 1
514 2
515 8
516 6
517 7
518 1
519 0
520 2
521 6
522 7
523 7
524 1
525 0
526 1
527 4
528 6
529 1
530 3
531 0
532 4
533 2
534 7
535 2
536 0
537 5
538 3
539 4
540 4
541 6
542 8
543 1
544 5
545 3
546 3
547 1
548 6
549 6
550 4
551 6
552 0
553 1
554 0
555 7
556 1
557 5
558 2
559 3
560 8
561 2
562 7
563 3
564 5
565 4
566 2
567 2
568 7
569 7
570 2
571 8
572 3
573 6
574 7
575 0
576 0
577 4
578 4
579 4
580 2
581 5
582 7
583 0
584 2
585 2
586 1
587 6
588 2
589 8
590 4
591 1
592 2
593 4
594 7
595 2
596 8
597 5
598 3
599 5
600 6
601 3
602 4
603 2
604 4
605 4
606 3
607 7
608 6
609 8
610 5
611 4
612 3
613 7
614 1
615 5
616 4
617 0
618 3
619 3
620 7
621 3
622 6
623 0
624 2
625 7
626 2
627 3
628 2
629 7
630 6
631 2
632 0
633 6
634 4
635 4
636 1
637 7
638 3
639 0
640 6
641 7
642 6
643 8
644 7
645 4
646 6
647 6
648 0
649 4
650 4
651 4
652 2
653 7
654 7
655 5
656 2
657 7
658 1
659 4
660 4
661 7
662 3
663 6
664 6
665 1
666 3
667 0
668 5
669 7
670 3
671 6
672 2
673 4
674 5
675 6
676 6
677 5
678 8
679 8
680 3
681 2
682 4
683 7
684 7
685 8
686 5
687 4
688 2
689 1
690 1
691 7
692 0
693 8
694 8
695 2
696 4
697 5
698 6
699 2
700 8
701 2
702 8
703 3
704 4
705 6
706 7
707 3
708 2
709 3
710 2
711 2
712 6
713 8
714 5
715 8
716 7
717 2
718 6
719 7
720 5
721 4
722 6
723 5
724 7
725 2
726 5
727 2
728 1
729 1
730 6
731 2
732 8
733 8
734 8
735 1
736 0
737 5
738 5
739 8
740 2
741 2
742 3
743 8
744 3
745 7
746 4
747 1
748 1
749 5
750 4
751 5
752 8
753 8
754 2
755 8
756 8
757 0
758 5
759 0
760 8
761 3
