0 1 3
0 2 31
0 3 5
0 4 43
0 5 33
0 6 45
0 7 9
0 8 30
0 9 41
0 10 19
0 11 20
0 12 23
0 13 7
0 14 47
0 15 37
0 16 27
0 17 42
0 18 1
0 19 22
0 20 15
0 21 26
0 22 2
0 23 35
0 24 14
0 25 39
0 26 12
0 27 17
0 28 11
0 29 44
0 30 21
0 31 18
0 32 29
0 33 32
0 34 4
0 35 10
0 36 28
0 37 25
0 38 8
0 39 46
0 40 16
0 41 24
0 42 48
0 43 49
0 44 13
0 45 36
0 46 38
0 47 40
0 48 34
0 49 6
1 1 46
1 2 33
1 3 28
1 4 11
1 5 13
1 6 17
1 7 26
1 8 34
1 9 48
1 10 2
1 11 35
1 12 7
1 13 45
1 14 25
1 15 24
1 16 39
1 17 12
1 18 5
1 19 18
1 20 38
1 21 20
1 22 44
1 23 16
1 24 0
1 25 29
1 26 8
1 27 37
1 28 42
1 29 10
1 30 4
1 31 32
1 32 23
1 33 14
1 34 49
1 35 19
1 36 41
1 37 15
1 38 40
1 39 9
1 40 27
1 41 3
1 42 22
1 43 6
1 44 43
1 45 30
1 46 47
1 47 36
1 48 21
1 49 31
2 1 32
2 2 46
2 3 35
2 4 28
2 5 42
2 6 10
2 7 7
2 8 26
2 9 24
2 10 14
2 11 44
2 12 18
2 13 38
2 14 34
2 15 12
2 16 47
2 17 45
2 18 15
2 19 33
2 20 20
2 21 49
2 22 11
2 23 39
2 24 17
2 25 8
2 26 41
2 27 25
2 28 9
2 29 30
2 30 48
2 31 16
2 32 5
2 33 43
2 34 4
2 35 0
2 36 29
2 37 27
2 38 23
2 39 19
2 40 21
2 41 37
2 42 22
2 43 36
2 44 1
2 45 6
2 46 31
2 47 40
2 48 13
2 49 3
3 1 30
3 2 39
3 3 27
3 4 6
3 5 23
3 6 19
3 7 40
3 8 18
3 9 10
3 10 28
3 11 43
3 12 41
3 13 1
3 14 47
3 15 35
3 16 16
3 17 13
3 18 22
3 19 5
3 20 7
3 21 8
3 22 48
3 23 38
3 24 17
3 25 2
3 26 26
3 27 12
3 28 37
3 29 0
3 30 49
3 31 11
3 32 46
3 33 31
3 34 44
3 35 20
3 36 9
3 37 25
3 38 42
3 39 21
3 40 33
3 41 15
3 42 34
3 43 32
3 44 24
3 45 14
3 46 45
3 47 29
3 48 4
3 49 36
4 1 37
4 2 7
4 3 31
4 4 36
4 5 47
4 6 17
4 7 35
4 8 0
4 9 49
4 10 29
4 11 16
4 12 12
4 13 38
4 14 13
4 15 1
4 16 39
4 17 6
4 18 48
4 19 46
4 20 15
4 21 32
4 22 27
4 23 34
4 24 9
4 25 41
4 26 26
4 27 42
4 28 20
4 29 28
4 30 33
4 31 40
4 32 24
4 33 3
4 34 43
4 35 23
4 36 10
4 37 11
4 38 22
4 39 2
4 40 21
4 41 30
4 42 5
4 43 8
4 44 19
4 45 18
4 46 44
4 47 14
4 48 25
4 49 45
5 1 32
5 2 26
5 3 34
5 4 47
5 5 29
5 6 7
5 7 4
5 8 24
5 9 2
5 10 1
5 11 18
5 12 10
5 13 27
5 14 33
5 15 28
5 16 35
5 17 23
5 18 45
5 19 40
5 20 43
5 21 25
5 22 14
5 23 44
5 24 48
5 25 11
5 26 17
5 27 0
5 28 6
5 29 30
5 30 21
5 31 9
5 32 16
5 33 22
5 34 36
5 35 20
5 36 49
5 37 39
5 38 8
5 39 13
5 40 31
5 41 38
5 42 41
5 43 3
5 44 42
5 45 12
5 46 37
5 47 15
5 48 19
5 49 46
6 1 3
6 2 13
6 3 25
6 4 14
6 5 21
6 6 0
6 7 45
6 8 30
6 9 42
6 10 28
6 11 12
6 12 48
6 13 16
6 14 5
6 15 31
6 16 38
6 17 44
6 18 15
6 19 36
6 20 34
6 21 40
6 22 43
6 23 18
6 24 8
6 25 32
6 26 17
6 27 27
6 28 1
6 29 35
6 30 20
6 31 9
6 32 4
6 33 26
6 34 41
6 35 22
6 36 47
6 37 2
6 38 11
6 39 7
6 40 23
6 41 24
6 42 49
6 43 29
6 44 33
6 45 46
6 46 39
6 47 37
6 48 19
6 49 10
7 1 0
7 2 28
7 3 47
7 4 25
7 5 6
7 6 39
7 7 8
7 8 27
7 9 16
7 10 12
7 11 21
7 12 22
7 13 1
7 14 20
7 15 44
7 16 29
7 17 34
7 18 23
7 19 35
7 20 33
7 21 5
7 22 42
7 23 15
7 24 14
7 25 3
7 26 2
7 27 46
7 28 32
7 29 13
7 30 11
7 31 9
7 32 45
7 33 37
7 34 38
7 35 10
7 36 18
7 37 36
7 38 4
7 39 49
7 40 24
7 41 31
7 42 26
7 43 30
7 44 43
7 45 41
7 46 17
7 47 40
7 48 48
7 49 19
8 1 36
8 2 10
8 3 1
8 4 38
8 5 46
8 6 11
8 7 3
8 8 28
8 9 44
8 10 26
8 11 19
8 12 4
8 13 33
8 14 39
8 15 31
8 16 27
8 17 43
8 18 17
8 19 23
8 20 12
8 21 37
8 22 42
8 23 48
8 24 18
8 25 14
8 26 15
8 27 2
8 28 35
8 29 13
8 30 34
8 31 29
8 32 45
8 33 9
8 34 7
8 35 41
8 36 16
8 37 32
8 38 47
8 39 6
8 40 49
8 41 25
8 42 5
8 43 30
8 44 20
8 45 40
8 46 24
8 47 0
8 48 21
8 49 22
9 1 0
9 2 21
9 3 39
9 4 1
9 5 35
9 6 37
9 7 36
9 8 6
9 9 46
9 10 25
9 11 31
9 12 13
9 13 29
9 14 45
9 15 47
9 16 11
9 17 34
9 18 20
9 19 27
9 20 26
9 21 15
9 22 33
9 23 19
9 24 30
9 25 3
9 26 42
9 27 12
9 28 24
9 29 23
9 30 7
9 31 2
9 32 22
9 33 4
9 34 8
9 35 28
9 36 49
9 37 48
9 38 10
9 39 14
9 40 44
9 41 32
9 42 41
9 43 5
9 44 40
9 45 43
9 46 16
9 47 38
9 48 18
9 49 17
10 1 28
10 2 11
10 3 12
10 4 33
10 5 6
10 6 17
10 7 43
10 8 48
10 9 7
10 10 36
10 11 45
10 12 35
10 13 42
10 14 14
10 15 20
10 16 24
10 17 21
10 18 37
10 19 46
10 20 22
10 21 26
10 22 40
10 23 27
10 24 38
10 25 5
10 26 0
10 27 47
10 28 29
10 29 30
10 30 23
10 31 2
10 32 32
10 33 34
10 34 49
10 35 13
10 36 41
10 37 19
10 38 18
10 39 25
10 40 4
10 41 9
10 42 44
10 43 31
10 44 8
10 45 1
10 46 39
10 47 3
10 48 16
10 49 15
11 1 10
11 2 22
11 3 49
11 4 19
11 5 7
11 6 37
11 7 47
11 8 12
11 9 20
11 10 15
11 11 13
11 12 0
11 13 4
11 14 41
11 15 9
11 16 21
11 17 43
11 18 34
11 19 33
11 20 31
11 21 38
11 22 1
11 23 39
11 24 27
11 25 42
11 26 30
11 27 44
11 28 25
11 29 36
11 30 17
11 31 28
11 32 45
11 33 18
11 34 46
11 35 29
11 36 2
11 37 14
11 38 5
11 39 3
11 40 16
11 41 26
11 42 8
11 43 32
11 44 40
11 45 35
11 46 6
11 47 23
11 48 24
11 49 48
12 1 16
12 2 1
12 3 27
12 4 22
12 5 42
12 6 10
12 7 14
12 8 44
12 9 41
12 10 32
12 11 30
12 12 36
12 13 29
12 14 8
12 15 17
12 16 11
12 17 47
12 18 3
12 19 0
12 20 7
12 21 25
12 22 28
12 23 6
12 24 5
12 25 20
12 26 33
12 27 31
12 28 26
12 29 37
12 30 40
12 31 15
12 32 48
12 33 46
12 34 45
12 35 49
12 36 24
12 37 19
12 38 21
12 39 4
12 40 9
12 41 38
12 42 18
12 43 43
12 44 13
12 45 23
12 46 34
12 47 39
12 48 35
12 49 2
13 1 29
13 2 6
13 3 44
13 4 8
13 5 19
13 6 23
13 7 31
13 8 4
13 9 36
13 10 30
13 11 28
13 12 16
13 13 21
13 14 27
13 15 0
13 16 33
13 17 46
13 18 18
13 19 32
13 20 17
13 21 26
13 22 1
13 23 9
13 24 45
13 25 35
13 26 43
13 27 24
13 28 25
13 29 41
13 30 40
13 31 3
13 32 47
13 33 2
13 34 14
13 35 39
13 36 37
13 37 42
13 38 12
13 39 11
13 40 34
13 41 15
13 42 20
13 43 38
13 44 7
13 45 22
13 46 10
13 47 48
13 48 49
13 49 5
14 1 34
14 2 22
14 3 13
14 4 1
14 5 12
14 6 17
14 7 16
14 8 38
14 9 36
14 10 9
14 11 15
14 12 6
14 13 48
14 14 30
14 15 2
14 16 42
14 17 21
14 18 20
14 19 24
14 20 8
14 21 3
14 22 28
14 23 5
14 24 23
14 25 32
14 26 11
14 27 18
14 28 10
14 29 39
14 30 49
14 31 37
14 32 19
14 33 45
14 34 43
14 35 33
14 36 26
14 37 4
14 38 25
14 39 41
14 40 44
14 41 31
14 42 27
14 43 47
14 44 29
14 45 7
14 46 46
14 47 0
14 48 40
14 49 35
15 1 21
15 2 44
15 3 9
15 4 25
15 5 6
15 6 20
15 7 3
15 8 18
15 9 34
15 10 40
15 11 12
15 12 19
15 13 26
15 14 35
15 15 46
15 16 23
15 17 29
15 18 17
15 19 16
15 20 24
15 21 48
15 22 28
15 23 5
15 24 7
15 25 22
15 26 14
15 27 1
15 28 42
15 29 33
15 30 31
15 31 11
15 32 37
15 33 49
15 34 45
15 35 43
15 36 10
15 37 30
15 38 8
15 39 13
15 40 27
15 41 38
15 42 32
15 43 2
15 44 0
15 45 39
15 46 4
15 47 41
15 48 36
15 49 47
16 1 35
16 2 12
16 3 15
16 4 42
16 5 23
16 6 49
16 7 40
16 8 27
16 9 14
16 10 9
16 11 11
16 12 8
16 13 21
16 14 25
16 15 22
16 16 47
16 17 4
16 18 32
16 19 3
16 20 48
16 21 30
16 22 2
16 23 34
16 24 18
16 25 36
16 26 28
16 27 7
16 28 37
16 29 38
16 30 45
16 31 17
16 32 20
16 33 26
16 34 1
16 35 44
16 36 41
16 37 5
16 38 39
16 39 43
16 40 31
16 41 29
16 42 19
16 43 0
16 44 33
16 45 46
16 46 10
16 47 13
16 48 6
16 49 24
17 1 4
17 2 28
17 3 0
17 4 41
17 5 36
17 6 32
17 7 38
17 8 44
17 9 3
17 10 16
17 11 10
17 12 19
17 13 45
17 14 43
17 15 14
17 16 49
17 17 12
17 18 22
17 19 35
17 20 2
17 21 13
17 22 46
17 23 48
17 24 47
17 25 20
17 26 29
17 27 24
17 28 18
17 29 23
17 30 31
17 31 7
17 32 21
17 33 11
17 34 26
17 35 42
17 36 6
17 37 37
17 38 5
17 39 40
17 40 15
17 41 39
17 42 34
17 43 27
17 44 33
17 45 1
17 46 9
17 47 25
17 48 8
17 49 30
18 1 24
18 2 12
18 3 45
18 4 6
18 5 27
18 6 22
18 7 16
18 8 40
18 9 47
18 10 21
18 11 26
18 12 9
18 13 46
18 14 29
18 15 17
18 16 19
18 17 44
18 18 14
18 19 25
18 20 28
18 21 32
18 22 30
18 23 2
18 24 1
18 25 39
18 26 20
18 27 33
18 28 8
18 29 15
18 30 23
18 31 35
18 32 4
18 33 49
18 34 13
18 35 11
18 36 43
18 37 7
18 38 31
18 39 10
18 40 36
18 41 37
18 42 38
18 43 0
18 44 41
18 45 48
18 46 3
18 47 42
18 48 5
18 49 34
19 1 6
19 2 8
19 3 21
19 4 7
19 5 16
19 6 3
19 7 18
19 8 13
19 9 22
19 10 39
19 11 10
19 12 34
19 13 28
19 14 11
19 15 43
19 16 23
19 17 20
19 18 26
19 19 2
19 20 15
19 21 27
19 22 24
19 23 48
19 24 42
19 25 45
19 26 36
19 27 1
19 28 40
19 29 44
19 30 14
19 31 33
19 32 38
19 33 5
19 34 35
19 35 47
19 36 29
19 37 32
19 38 12
19 39 31
19 40 9
19 41 4
19 42 17
19 43 25
19 44 37
19 45 30
19 46 49
19 47 46
19 48 41
19 49 0
20 1 22
20 2 15
20 3 45
20 4 1
20 5 10
20 6 37
20 7 49
20 8 35
20 9 44
20 10 41
20 11 31
20 12 25
20 13 12
20 14 4
20 15 29
20 16 27
20 17 13
20 18 21
20 19 38
20 20 16
20 21 19
20 22 23
20 23 34
20 24 48
20 25 40
20 26 33
20 27 26
20 28 36
20 29 3
20 30 17
20 31 9
20 32 8
20 33 2
20 34 18
20 35 5
20 36 32
20 37 43
20 38 47
20 39 11
20 40 30
20 41 0
20 42 7
20 43 24
20 44 14
20 45 28
20 46 39
20 47 6
20 48 42
20 49 46
21 1 35
21 2 16
21 3 27
21 4 3
21 5 38
21 6 22
21 7 30
21 8 29
21 9 4
21 10 33
21 11 6
21 12 39
21 13 32
21 14 13
21 15 26
21 16 45
21 17 12
21 18 15
21 19 2
21 20 24
21 21 47
21 22 5
21 23 17
21 24 43
21 25 1
21 26 34
21 27 44
21 28 28
21 29 46
21 30 14
21 31 37
21 32 49
21 33 42
21 34 18
21 35 9
21 36 36
21 37 11
21 38 48
21 39 23
21 40 41
21 41 31
21 42 8
21 43 25
21 44 10
21 45 40
21 46 20
21 47 0
21 48 7
21 49 19
22 1 36
22 2 21
22 3 27
22 4 23
22 5 13
22 6 37
22 7 4
22 8 19
22 9 17
22 10 34
22 11 11
22 12 48
22 13 40
22 14 25
22 15 5
22 16 35
22 17 6
22 18 0
22 19 3
22 20 18
22 21 30
22 22 16
22 23 12
22 24 1
22 25 47
22 26 38
22 27 42
22 28 14
22 29 24
22 30 9
22 31 41
22 32 8
22 33 10
22 34 15
22 35 28
22 36 33
22 37 46
22 38 26
22 39 49
22 40 32
22 41 43
22 42 39
22 43 45
22 44 2
22 45 44
22 46 20
22 47 29
22 48 7
22 49 31
23 1 33
23 2 43
23 3 9
23 4 3
23 5 8
23 6 15
23 7 25
23 8 22
23 9 12
23 10 20
23 11 17
23 12 27
23 13 36
23 14 39
23 15 34
23 16 49
23 17 46
23 18 48
23 19 44
23 20 10
23 21 0
23 22 6
23 23 35
23 24 29
23 25 41
23 26 32
23 27 31
23 28 13
23 29 24
23 30 45
23 31 19
23 32 18
23 33 5
23 34 4
23 35 42
23 36 28
23 37 7
23 38 14
23 39 40
23 40 38
23 41 30
23 42 47
23 43 26
23 44 1
23 45 37
23 46 21
23 47 16
23 48 2
23 49 11
24 1 36
24 2 12
24 3 11
24 4 40
24 5 46
24 6 25
24 7 22
24 8 35
24 9 48
24 10 2
24 11 20
24 12 39
24 13 37
24 14 42
24 15 6
24 16 18
24 17 19
24 18 27
24 19 0
24 20 45
24 21 9
24 22 8
24 23 30
24 24 26
24 25 13
24 26 14
24 27 49
24 28 23
24 29 3
24 30 28
24 31 44
24 32 16
24 33 31
24 34 38
24 35 33
24 36 34
24 37 15
24 38 32
24 39 47
24 40 1
24 41 5
24 42 21
24 43 41
24 44 4
24 45 29
24 46 7
24 47 17
24 48 10
24 49 43
25 1 24
25 2 20
25 3 33
25 4 10
25 5 44
25 6 49
25 7 23
25 8 21
25 9 4
25 10 48
25 11 16
25 12 22
25 13 8
25 14 40
25 15 6
25 16 34
25 17 43
25 18 12
25 19 38
25 20 3
25 21 13
25 22 14
25 23 5
25 24 1
25 25 39
25 26 11
25 27 7
25 28 47
25 29 28
25 30 19
25 31 30
25 32 26
25 33 0
25 34 37
25 35 36
25 36 41
25 37 17
25 38 32
25 39 31
25 40 15
25 41 18
25 42 42
25 43 29
25 44 9
25 45 27
25 46 35
25 47 45
25 48 46
25 49 2
26 1 44
26 2 40
26 3 43
26 4 5
26 5 41
26 6 13
26 7 35
26 8 32
26 9 45
26 10 27
26 11 4
26 12 0
26 13 6
26 14 46
26 15 16
26 16 37
26 17 38
26 18 36
26 19 10
26 20 47
26 21 3
26 22 20
26 23 11
26 24 19
26 25 33
26 26 42
26 27 34
26 28 1
26 29 28
26 30 39
26 31 8
26 32 17
26 33 23
26 34 12
26 35 25
26 36 29
26 37 30
26 38 18
26 39 7
26 40 24
26 41 49
26 42 14
26 43 22
26 44 21
26 45 31
26 46 2
26 47 48
26 48 15
26 49 9
27 1 10
27 2 5
27 3 21
27 4 43
27 5 8
27 6 4
27 7 7
27 8 40
27 9 30
27 10 48
27 11 23
27 12 39
27 13 22
27 14 49
27 15 45
27 16 19
27 17 2
27 18 36
27 19 41
27 20 42
27 21 3
27 22 44
27 23 28
27 24 9
27 25 14
27 26 12
27 27 35
27 28 46
27 29 17
27 30 11
27 31 0
27 32 34
27 33 24
27 34 13
27 35 15
27 36 16
27 37 47
27 38 18
27 39 26
27 40 33
27 41 37
27 42 25
27 43 31
27 44 1
27 45 32
27 46 38
27 47 20
27 48 29
27 49 6
28 1 27
28 2 18
28 3 26
28 4 24
28 5 25
28 6 21
28 7 19
28 8 36
28 9 2
28 10 23
28 11 32
28 12 22
28 13 47
28 14 44
28 15 14
28 16 4
28 17 9
28 18 29
28 19 30
28 20 0
28 21 35
28 22 48
28 23 11
28 24 39
28 25 16
28 26 43
28 27 20
28 28 5
28 29 13
28 30 41
28 31 17
28 32 45
28 33 15
28 34 40
28 35 7
28 36 6
28 37 31
28 38 8
28 39 34
28 40 12
28 41 3
28 42 33
28 43 38
28 44 46
28 45 37
28 46 10
28 47 42
28 48 1
28 49 49
29 1 41
29 2 37
29 3 32
29 4 44
29 5 38
29 6 23
29 7 35
29 8 46
29 9 4
29 10 26
29 11 1
29 12 36
29 13 42
29 14 6
29 15 10
29 16 31
29 17 15
29 18 13
29 19 21
29 20 34
29 21 25
29 22 30
29 23 49
29 24 12
29 25 7
29 26 16
29 27 18
29 28 8
29 29 45
29 30 40
29 31 43
29 32 20
29 33 28
29 34 27
29 35 5
29 36 17
29 37 14
29 38 33
29 39 22
29 40 39
29 41 3
29 42 2
29 43 47
29 44 0
29 45 19
29 46 11
29 47 9
29 48 48
29 49 24
30 1 2
30 2 17
30 3 23
30 4 39
30 5 11
30 6 29
30 7 37
30 8 8
30 9 3
30 10 33
30 11 22
30 12 41
30 13 24
30 14 26
30 15 32
30 16 47
30 17 1
30 18 5
30 19 49
30 20 18
30 21 10
30 22 13
30 23 27
30 24 34
30 25 38
30 26 7
30 27 20
30 28 4
30 29 42
30 30 46
30 31 0
30 32 19
30 33 43
30 34 40
30 35 44
30 36 35
30 37 14
30 38 6
30 39 36
30 40 15
30 41 16
30 42 9
30 43 48
30 44 25
30 45 31
30 46 45
30 47 12
30 48 28
30 49 21
31 1 0
31 2 46
31 3 10
31 4 39
31 5 18
31 6 35
31 7 17
31 8 4
31 9 8
31 10 21
31 11 48
31 12 3
31 13 44
31 14 42
31 15 14
31 16 6
31 17 22
31 18 49
31 19 2
31 20 36
31 21 34
31 22 13
31 23 24
31 24 26
31 25 9
31 26 33
31 27 47
31 28 20
31 29 41
31 30 30
31 31 16
31 32 7
31 33 43
31 34 15
31 35 23
31 36 45
31 37 40
31 38 5
31 39 38
31 40 27
31 41 29
31 42 37
31 43 11
31 44 1
31 45 32
31 46 12
31 47 25
31 48 28
31 49 19
32 1 33
32 2 39
32 3 14
32 4 38
32 5 19
32 6 20
32 7 28
32 8 43
32 9 35
32 10 22
32 11 10
32 12 42
32 13 2
32 14 46
32 15 8
32 16 11
32 17 31
32 18 47
32 19 0
32 20 4
32 21 27
32 22 6
32 23 48
32 24 34
32 25 21
32 26 16
32 27 9
32 28 18
32 29 24
32 30 1
32 31 45
32 32 30
32 33 13
32 34 49
32 35 36
32 36 37
32 37 40
32 38 12
32 39 26
32 40 29
32 41 25
32 42 7
32 43 23
32 44 5
32 45 3
32 46 15
32 47 44
32 48 41
32 49 17
33 1 39
33 2 9
33 3 18
33 4 22
33 5 14
33 6 24
33 7 13
33 8 45
33 9 42
33 10 38
33 11 10
33 12 8
33 13 16
33 14 4
33 15 32
33 16 2
33 17 30
33 18 48
33 19 49
33 20 6
33 21 44
33 22 15
33 23 40
33 24 47
33 25 23
33 26 7
33 27 1
33 28 28
33 29 17
33 30 25
33 31 19
33 32 31
33 33 37
33 34 41
33 35 20
33 36 29
33 37 27
33 38 11
33 39 26
33 40 12
33 41 34
33 42 46
33 43 0
33 44 5
33 45 36
33 46 43
33 47 21
33 48 35
33 49 3
34 1 6
34 2 40
34 3 22
34 4 25
34 5 2
34 6 0
34 7 20
34 8 10
34 9 18
34 10 31
34 11 11
34 12 49
34 13 43
34 14 4
34 15 32
34 16 45
34 17 48
34 18 36
34 19 15
34 20 17
34 21 41
34 22 33
34 23 14
34 24 29
34 25 8
34 26 7
34 27 39
34 28 23
34 29 26
34 30 35
34 31 9
34 32 28
34 33 12
34 34 37
34 35 5
34 36 30
34 37 3
34 38 27
34 39 38
34 40 16
34 41 19
34 42 42
34 43 44
34 44 1
34 45 47
34 46 24
34 47 21
34 48 13
34 49 46
35 1 46
35 2 44
35 3 41
35 4 15
35 5 42
35 6 30
35 7 4
35 8 45
35 9 7
35 10 13
35 11 28
35 12 22
35 13 18
35 14 33
35 15 31
35 16 37
35 17 25
35 18 8
35 19 5
35 20 24
35 21 17
35 22 27
35 23 26
35 24 14
35 25 3
35 26 48
35 27 11
35 28 40
35 29 38
35 30 36
35 31 23
35 32 6
35 33 12
35 34 34
35 35 21
35 36 0
35 37 16
35 38 43
35 39 19
35 40 39
35 41 1
35 42 47
35 43 29
35 44 10
35 45 32
35 46 9
35 47 49
35 48 20
35 49 2
36 1 15
36 2 17
36 3 44
36 4 25
36 5 16
36 6 21
36 7 22
36 8 4
36 9 28
36 10 39
36 11 30
36 12 3
36 13 27
36 14 5
36 15 41
36 16 29
36 17 12
36 18 47
36 19 33
36 20 35
36 21 0
36 22 23
36 23 20
36 24 26
36 25 19
36 26 7
36 27 10
36 28 37
36 29 2
36 30 14
36 31 32
36 32 6
36 33 31
36 34 18
36 35 9
36 36 11
36 37 13
36 38 46
36 39 34
36 40 38
36 41 1
36 42 45
36 43 48
36 44 8
36 45 43
36 46 49
36 47 42
36 48 24
36 49 40
37 1 3
37 2 9
37 3 23
37 4 14
37 5 34
37 6 6
37 7 38
37 8 41
37 9 10
37 10 11
37 11 17
37 12 39
37 13 5
37 14 27
37 15 2
37 16 42
37 17 8
37 18 4
37 19 32
37 20 20
37 21 15
37 22 26
37 23 12
37 24 49
37 25 21
37 26 22
37 27 29
37 28 31
37 29 45
37 30 36
37 31 7
37 32 24
37 33 13
37 34 28
37 35 1
37 36 47
37 37 48
37 38 16
37 39 25
37 40 46
37 41 19
37 42 18
37 43 44
37 44 0
37 45 40
37 46 30
37 47 35
37 48 33
37 49 43
38 1 16
38 2 44
38 3 36
38 4 49
38 5 33
38 6 32
38 7 31
38 8 27
38 9 43
38 10 14
38 11 9
38 12 13
38 13 24
38 14 22
38 15 40
38 16 23
38 17 26
38 18 12
38 19 11
38 20 6
38 21 19
38 22 48
38 23 37
38 24 0
38 25 1
38 26 28
38 27 45
38 28 25
38 29 5
38 30 18
38 31 30
38 32 21
38 33 46
38 34 7
38 35 47
38 36 10
38 37 42
38 38 15
38 39 8
38 40 34
38 41 17
38 42 29
38 43 35
38 44 4
38 45 41
38 46 3
38 47 2
38 48 39
38 49 20
39 1 34
39 2 20
39 3 4
39 4 3
39 5 10
39 6 18
39 7 26
39 8 22
39 9 21
39 10 37
39 11 33
39 12 17
39 13 6
39 14 15
39 15 38
39 16 9
39 17 7
39 18 47
39 19 45
39 20 8
39 21 14
39 22 30
39 23 11
39 24 46
39 25 35
39 26 27
39 27 24
39 28 41
39 29 1
39 30 5
39 31 19
39 32 29
39 33 31
39 34 13
39 35 48
39 36 40
39 37 44
39 38 43
39 39 16
39 40 36
39 41 25
39 42 0
39 43 12
39 44 28
39 45 49
39 46 42
39 47 2
39 48 23
39 49 32
40 1 32
40 2 3
40 3 33
40 4 37
40 5 26
40 6 44
40 7 39
40 8 38
40 9 7
40 10 16
40 11 28
40 12 46
40 13 12
40 14 14
40 15 9
40 16 31
40 17 8
40 18 47
40 19 4
40 20 34
40 21 45
40 22 11
40 23 17
40 24 1
40 25 30
40 26 19
40 27 15
40 28 42
40 29 20
40 30 22
40 31 2
40 32 24
40 33 48
40 34 6
40 35 27
40 36 43
40 37 36
40 38 41
40 39 5
40 40 25
40 41 23
40 42 10
40 43 18
40 44 29
40 45 13
40 46 21
40 47 35
40 48 0
40 49 49
41 1 17
41 2 23
41 3 24
41 4 46
41 5 3
41 6 42
41 7 9
41 8 15
41 9 20
41 10 39
41 11 21
41 12 0
41 13 30
41 14 32
41 15 10
41 16 6
41 17 11
41 18 19
41 19 31
41 20 5
41 21 43
41 22 48
41 23 33
41 24 7
41 25 1
41 26 28
41 27 29
41 28 47
41 29 27
41 30 8
41 31 2
41 32 44
41 33 49
41 34 34
41 35 12
41 36 13
41 37 25
41 38 37
41 39 22
41 40 45
41 41 14
41 42 26
41 43 4
41 44 40
41 45 16
41 46 35
41 47 18
41 48 38
41 49 36
42 1 34
42 2 29
42 3 12
42 4 30
42 5 13
42 6 0
42 7 38
42 8 21
42 9 36
42 10 2
42 11 26
42 12 8
42 13 5
42 14 39
42 15 28
42 16 19
42 17 41
42 18 6
42 19 46
42 20 11
42 21 43
42 22 32
42 23 16
42 24 1
42 25 24
42 26 40
42 27 48
42 28 33
42 29 31
42 30 35
42 31 44
42 32 7
42 33 20
42 34 15
42 35 3
42 36 23
42 37 47
42 38 14
42 39 37
42 40 17
42 41 25
42 42 9
42 43 49
42 44 18
42 45 4
42 46 10
42 47 45
42 48 27
42 49 22
43 1 26
43 2 27
43 3 13
43 4 31
43 5 42
43 6 49
43 7 38
43 8 21
43 9 44
43 10 25
43 11 29
43 12 45
43 13 12
43 14 17
43 15 39
43 16 36
43 17 1
43 18 6
43 19 2
43 20 47
43 21 16
43 22 19
43 23 30
43 24 24
43 25 5
43 26 35
43 27 23
43 28 22
43 29 28
43 30 33
43 31 9
43 32 40
43 33 48
43 34 46
43 35 41
43 36 8
43 37 14
43 38 10
43 39 0
43 40 11
43 41 3
43 42 15
43 43 37
43 44 7
43 45 32
43 46 34
43 47 4
43 48 20
43 49 18
44 1 39
44 2 17
44 3 10
44 4 0
44 5 9
44 6 6
44 7 7
44 8 45
44 9 33
44 10 38
44 11 13
44 12 1
44 13 46
44 14 21
44 15 47
44 16 11
44 17 4
44 18 5
44 19 15
44 20 19
44 21 28
44 22 31
44 23 32
44 24 25
44 25 35
44 26 30
44 27 37
44 28 49
44 29 8
44 30 48
44 31 16
44 32 12
44 33 27
44 34 14
44 35 2
44 36 24
44 37 43
44 38 18
44 39 42
44 40 23
44 41 34
44 42 36
44 43 41
44 44 29
44 45 26
44 46 40
44 47 22
44 48 3
44 49 20
45 1 15
45 2 8
45 3 17
45 4 18
45 5 37
45 6 5
45 7 39
45 8 47
45 9 0
45 10 40
45 11 33
45 12 43
45 13 44
45 14 14
45 15 41
45 16 20
45 17 36
45 18 29
45 19 30
45 20 22
45 21 3
45 22 7
45 23 16
45 24 10
45 25 23
45 26 1
45 27 13
45 28 38
45 29 35
45 30 46
45 31 24
45 32 32
45 33 26
45 34 27
45 35 28
45 36 21
45 37 4
45 38 11
45 39 48
45 40 25
45 41 34
45 42 31
45 43 9
45 44 2
45 45 49
45 46 19
45 47 42
45 48 12
45 49 6
46 1 49
46 2 19
46 3 45
46 4 14
46 5 44
46 6 15
46 7 37
46 8 47
46 9 31
46 10 17
46 11 23
46 12 22
46 13 33
46 14 11
46 15 13
46 16 48
46 17 27
46 18 29
46 19 5
46 20 39
46 21 40
46 22 2
46 23 24
46 24 26
46 25 21
46 26 8
46 27 32
46 28 4
46 29 41
46 30 38
46 31 25
46 32 6
46 33 10
46 34 12
46 35 42
46 36 35
46 37 36
46 38 1
46 39 7
46 40 3
46 41 28
46 42 30
46 43 16
46 44 18
46 45 34
46 46 20
46 47 0
46 48 43
46 49 9
47 1 5
47 2 14
47 3 19
47 4 39
47 5 8
47 6 10
47 7 28
47 8 0
47 9 1
47 10 13
47 11 11
47 12 3
47 13 2
47 14 41
47 15 26
47 16 48
47 17 38
47 18 16
47 19 18
47 20 6
47 21 27
47 22 34
47 23 21
47 24 32
47 25 45
47 26 35
47 27 25
47 28 44
47 29 42
47 30 31
47 31 24
47 32 22
47 33 4
47 34 23
47 35 29
47 36 37
47 37 7
47 38 9
47 39 43
47 40 20
47 41 36
47 42 15
47 43 17
47 44 12
47 45 49
47 46 33
47 47 46
47 48 30
47 49 40
48 1 14
48 2 4
48 3 45
48 4 7
48 5 11
48 6 37
48 7 39
48 8 1
48 9 23
48 10 35
48 11 24
48 12 16
48 13 46
48 14 41
48 15 29
48 16 17
48 17 8
48 18 15
48 19 9
48 20 0
48 21 43
48 22 38
48 23 30
48 24 12
48 25 49
48 26 33
48 27 42
48 28 27
48 29 22
48 30 10
48 31 44
48 32 36
48 33 19
48 34 2
48 35 26
48 36 18
48 37 5
48 38 34
48 39 28
48 40 40
48 41 3
48 42 25
48 43 13
48 44 6
48 45 47
48 46 31
48 47 21
48 48 20
48 49 32
49 1 39
49 2 31
49 3 42
49 4 19
49 5 32
49 6 15
49 7 40
49 8 0
49 9 13
49 10 36
49 11 43
49 12 14
49 13 2
49 14 1
49 15 21
49 16 7
49 17 22
49 18 11
49 19 47
49 20 16
49 21 38
49 22 5
49 23 26
49 24 29
49 25 17
49 26 27
49 27 37
49 28 18
49 29 34
49 30 10
49 31 23
49 32 45
49 33 20
49 34 4
49 35 28
49 36 35
49 37 8
49 38 48
49 39 12
49 40 33
49 41 46
49 42 24
49 43 9
49 44 30
49 45 6
49 46 41
49 47 44
49 48 25
49 49 3