0 15
1 15
2 10
3 15
4 10
5 15
6 13
7 15
8 15
9 0
10 10
11 10
12 6
13 45
14 10
15 9
16 19
17 40
18 10
19 5
20 18
21 36
22 18
23 18
24 36
25 18
26 18
27 31
28 18
29 38
30 18
31 31
32 22
33 28
34 0
35 31
36 36
37 0
38 18
39 18
40 15
41 19
42 28
43 18
44 36
45 5
46 18
47 17
48 22
49 19
50 31
51 31
52 31
53 11
54 31
55 4
56 31
57 31
58 31
59 31
60 31
61 11
62 31
63 31
64 31
65 31
66 47
67 19
68 19
69 19
70 19
71 19
72 21
73 19
74 23
75 19
76 23
77 21
78 14
79 19
80 23
81 24
82 23
83 23
84 23
85 14
86 19
87 19
88 14
89 19
90 19
91 22
92 23
93 22
94 22
95 22
96 17
97 22
98 17
99 22
100 21
101 21
102 22
103 21
104 22
105 20
106 12
107 12
108 12
109 23
110 12
111 12
112 31
113 12
114 12
115 12
116 13
117 27
118 12
119 24
120 37
121 17
122 27
123 12
124 12
125 12
126 8
127 12
128 12
129 12
130 20
131 12
132 12
133 9
134 12
135 25
136 12
137 16
138 12
139 12
140 12
141 27
142 12
143 8
144 16
145 16
146 6
147 6
148 6
149 6
150 6
151 6
152 21
153 6
154 20
155 6
156 6
157 21
158 16
159 6
160 6
161 6
162 6
163 38
164 16
165 15
166 15
167 17
168 15
169 15
170 15
171 15
172 17
173 15
174 19
175 15
176 15
177 15
178 15
179 44
180 17
181 15
182 44
183 15
184 37
185 48
186 40
187 37
188 37
189 46
190 49
191 37
192 37
193 37
194 37
195 41
196 37
197 37
198 37
199 37
200 37
201 37
202 37
203 49
204 37
205 46
206 37
207 37
208 37
209 37
210 11
211 11
212 9
213 49
214 37
215 37
216 37
217 8
218 37
219 38
220 6
221 37
222 30
223 36
224 46
225 2
226 36
227 36
228 10
229 5
230 8
231 0
232 0
233 0
234 0
235 0
236 1
237 0
238 19
239 19
240 19
241 19
242 19
243 19
244 17
245 22
246 19
247 19
248 19
249 19
250 19
251 19
252 19
253 19
254 19
255 19
256 22
257 21
258 21
259 21
260 21
261 21
262 21
263 21
264 21
265 21
266 21
267 21
268 21
269 21
270 21
271 21
272 21
273 21
274 21
275 21
276 21
277 21
278 21
279 26
280 21
281 21
282 21
283 21
284 21
285 45
286 21
287 21
288 21
289 21
290 21
291 21
292 21
293 21
294 21
295 21
296 41
297 21
298 21
299 21
300 21
301 21
302 19
303 19
304 19
305 18
306 19
307 19
308 19
309 19
310 18
311 19
312 18
313 15
314 18
315 19
316 1
317 20
318 1
319 1
320 2
321 19
322 6
323 19
324 20
325 19
326 19
327 19
328 19
329 16
330 19
331 20
332 19
333 46
334 19
335 34
336 19
337 19
338 19
339 20
340 19
341 2
342 46
343 46
344 2
345 19
346 34
347 39
348 39
349 39
350 39
351 39
352 45
353 39
354 45
355 39
356 39
357 45
358 39
359 39
360 39
361 39
362 45
363 9
364 39
365 39
366 46
367 45
368 42
369 43
370 8
371 32
372 46
373 7
374 11
375 16
376 20
377 20
378 20
379 20
380 20
381 20
382 11
383 11
384 11
385 11
386 11
387 11
388 10
389 11
390 10
391 10
392 10
393 10
394 41
395 10
396 10
397 10
398 10
399 10
400 10
401 10
402 10
403 10
404 11
405 11
406 11
407 11
408 11
409 11
410 6
411 11
412 11
413 11
414 7
415 7
416 7
417 7
418 7
419 7
420 7
421 7
422 7
423 7
424 7
425 7
426 7
427 7
428 15
429 7
430 7
431 6
432 6
433 17
434 6
435 6
436 6
437 6
438 6
439 6
440 6
441 6
442 6
443 6
444 32
445 32
446 32
447 32
448 32
449 32
450 32
451 32
452 32
453 32
454 32
455 32
456 33
457 32
458 32
459 32
460 33
461 32
462 32
463 32
464 32
465 33
466 32
467 32
468 32
469 32
470 32
471 32
472 32
473 32
474 32
475 35
476 35
477 33
478 16
479 16
480 16
481 16
482 16
483 16
484 16
485 43
486 16
487 19
488 19
489 20
490 19
491 17
492 19
493 47
494 19
495 24
496 19
497 19
498 9
499 24
500 20
501 19
502 19
503 19
504 6
505 23
506 19
507 14
508 20
509 46
510 20
511 20
512 2
513 20
514 14
515 20
516 22
517 16
518 18
519 24
520 21
521 24
522 22
523 24
524 21
525 22
526 24
527 24
528 24
529 22
530 24
531 24
532 21
533 23
534 24
535 21
536 24
537 24
538 22
539 24
540 21
541 22
542 24
543 14
544 21
545 22
546 21
547 24
548 5
549 20
550 20
551 5
552 20
553 2
554 20
555 22
556 20
557 20
558 20
559 20
560 24
561 12
562 12
563 10
564 0
565 11
566 16
567 11
568 10
569 10
570 11
571 10
572 2
573 27
574 10
575 10
576 9
577 10
578 10
579 10
580 10
581 8
582 8
583 8
584 8
585 8
586 8
587 8
588 4
589 12
590 12
591 4
592 4
593 4
594 13
595 13
596 13
597 13
598 13
599 24
600 13
601 34
602 13
603 13
604 21
605 24
606 21
607 24
608 21
609 21
610 21
611 24
612 24
613 24
614 22
615 14
616 18
617 21
618 18
619 41
620 41
621 41
622 41
623 38
624 8
625 41
626 41
627 41
628 20
629 41
630 41
631 16
632 26
633 6
634 16
635 16
636 15
637 15
638 15
639 15
640 9
641 15
642 15
643 15
644 15
645 31
646 24
647 13
648 9
649 9
650 9
651 9
652 9
653 9
654 8
655 13
656 26
657 43
658 6
659 6
660 43
661 42
662 43
663 17
664 17
665 25
666 13
667 19
668 19
669 13
670 19
671 13
672 2
673 19
674 23
675 14
676 36
677 30
678 28
679 46
680 36
681 36
682 36
683 36
684 36
685 36
686 46
687 36
688 26
689 39
690 26
691 39
692 36
693 6
694 6
695 6
696 6
697 38
698 6
699 6
700 8
701 9
702 6
703 8
704 3
705 6
706 6
707 6
708 30
709 30
710 30
711 30
712 30
713 30
714 30
715 30
716 30
717 30
718 29
719 30
720 48
721 30
722 29
723 30
724 21
725 21
726 22
727 22
728 19
729 24
730 24
731 24
732 14
733 27
734 24
735 24
736 24
737 48
738 14
739 24
740 24
741 48
742 14
743 24
744 24
745 24
746 6
747 37
748 37
749 37
750 37
751 37
752 14
753 37
754 37
755 37
756 7
757 37
758 37
759 37
760 37
761 37
762 1
763 29
764 1
765 29
766 1
767 1
768 1
769 1
770 1
771 1
772 1
773 1
774 1
775 1
776 38
777 38
778 38
779 45
780 38
781 38
782 38
783 7
784 7
785 7
786 7
787 7
788 7
789 7
790 7
791 7
792 24
793 24
794 24
795 41
796 24
797 42
798 42
799 42
800 42
801 42
802 42
803 33
804 42
805 42
806 36
807 36
808 36
809 36
810 30
811 36
812 8
813 8
814 8
815 8
816 8
817 31
818 31
819 31
820 31
821 31
822 31
823 31
824 31
825 31
826 31
827 31
828 15
829 15
830 15
831 15
832 14
833 14
834 16
835 16
836 16
837 16
838 16
839 16
840 16
841 16
842 16
843 16
844 35
845 35
846 35
847 16
848 16
849 16
850 17
851 16
852 16
853 10
854 8
855 8
856 8
857 8
858 11
859 6
860 6
861 23
862 23
863 23
864 0
865 0
866 2
867 0
868 1
869 2
870 0
871 0
872 0
873 0
874 2
875 2
876 2
877 22
878 22
879 22
880 22
881 22
882 22
883 22
884 24
885 24
886 24
887 24
888 42
889 42
890 42
891 42
892 42
893 33
894 33
895 42
896 42
897 36
898 36
899 33
900 35
901 36
902 36
903 36
904 36
905 33
906 36
907 36
908 34
909 36
910 9
911 11
912 9
913 8
914 33
915 9
916 9
917 9
918 9
919 9
920 9
921 9
922 9
923 9
924 9
925 10
926 11
927 2
928 36
929 46
930 46
931 5
932 11
933 11
934 2
935 11
936 11
937 11
938 11
939 2
940 7
941 11
942 11
943 11
944 48
945 48
946 48
947 47
948 43
949 48
950 48
951 48
952 48
953 48
954 48
955 48
956 48
957 48
958 48
959 48
960 48
961 48
962 48
963 48
964 49
965 48
966 48
967 48
968 43
969 49
970 48
971 48
972 49
973 17
974 48
975 14
976 26
977 29
978 22
979 27
980 27
981 27
982 27
983 27
984 25
985 27
986 36
987 27
988 27
989 27
990 27
991 27
992 27
993 36
994 36
995 36
996 24
997 36
998 36
999 36
1000 36
1001 41
1002 36
1003 36
1004 35
1005 35
1006 36
1007 36
1008 35
1009 40
1010 36
1011 36
1012 36
1013 36
1014 44
1015 44
1016 44
1017 27
1018 44
1019 44
1020 44
1021 28
1022 45
1023 47
1024 2
1025 45
1026 44
1027 31
1028 31
1029 31
1030 31
1031 31
1032 31
1033 31
1034 6
1035 6
1036 6
1037 6
1038 6
1039 6
1040 37
1041 4
1042 41
1043 41
1044 41
1045 46
1046 31
1047 41
1048 8
1049 8
1050 8
1051 34
1052 16
1053 34
1054 14
1055 14
1056 34
1057 34
1058 17
1059 34
1060 34
1061 34
1062 14
1063 34
1064 13
1065 17
1066 34
1067 45
1068 34
1069 14
1070 17
1071 17
1072 17
1073 17
1074 45
1075 45
1076 45
1077 45
1078 45
1079 45
1080 45
1081 45
1082 45
1083 45
1084 45
1085 45
1086 15
1087 15
1088 4
1089 4
1090 4
1091 1
1092 1
1093 4
1094 4
1095 4
1096 40
1097 4
1098 4
1099 1
1100 14
1101 14
1102 49
1103 49
1104 49
1105 49
1106 49
1107 49
1108 49
1109 49
1110 49
1111 49
1112 49
1113 49
1114 49
1115 49
1116 49
1117 25
1118 49
1119 49
1120 34
1121 49
1122 49
1123 0
1124 0
1125 0
1126 0
1127 0
1128 0
1129 2
1130 0
1131 0
1132 0
1133 26
1134 26
1135 26
1136 25
1137 26
1138 25
1139 25
1140 25
1141 25
1142 25
1143 25
1144 25
1145 25
1146 25
1147 25
1148 25
1149 25
1150 25
1151 25
1152 25
1153 25
1154 25
1155 25
1156 31
1157 31
1158 31
1159 45
1160 31
1161 31
1162 31
1163 31
1164 31
1165 21
1166 11
1167 37
1168 31
1169 31
1170 31
1171 31
1172 31
1173 31
1174 31
1175 31
1176 31
1177 18
1178 31
1179 31
1180 31
1181 31
1182 31
1183 31
1184 31
1185 31
1186 48
1187 48
1188 48
1189 48
1190 48
1191 48
1192 41
1193 41
1194 41
1195 41
1196 41
1197 41
1198 41
1199 41
1200 41
1201 41
1202 41
1203 39
1204 38
1205 39
1206 39
1207 39
1208 28
1209 39
1210 39
1211 39
1212 39
1213 39
1214 39
1215 39
1216 39
1217 26
1218 34
1219 26
1220 26
1221 26
1222 26
1223 26
1224 26
1225 26
1226 26
1227 26
1228 26
1229 16
1230 16
1231 16
1232 48
1233 16
1234 16
1235 16
1236 8
1237 8
1238 38
1239 38
1240 38
1241 38
1242 38
1243 38
1244 38
1245 38
1246 38
1247 38
1248 38
1249 38
1250 38
1251 38
1252 38
1253 38
1254 38
1255 38
1256 38
1257 38
1258 38
1259 38
1260 38
1261 38
1262 38
1263 38
1264 38
1265 38
1266 38
1267 38
1268 38
1269 38
1270 38
1271 38
1272 38
1273 38
1274 38
1275 38
1276 38
1277 38
1278 38
1279 6
1280 6
1281 6
1282 33
1283 33
1284 33
1285 33
1286 33
1287 39
1288 42
1289 42
1290 39
1291 39
1292 39
1293 39
1294 39
1295 39
1296 39
1297 39
1298 34
1299 34
1300 34
1301 34
1302 34
1303 34
1304 34
1305 34
1306 34
1307 34
1308 34
1309 34
1310 34
1311 34
1312 34
1313 34
1314 34
1315 34
1316 34
1317 34
1318 34
1319 34
1320 34
1321 34
1322 34
1323 34
1324 43
1325 43
1326 43
1327 43
1328 43
1329 43
1330 0
1331 0
1332 40
1333 40
1334 22
1335 40
1336 40
1337 40
1338 40
1339 40
1340 40
1341 2
1342 47
1343 4
1344 2
1345 17
1346 17
1347 17
1348 17
1349 17
1350 17
1351 17
1352 17
1353 17
1354 15
1355 15
1356 15
1357 15
1358 15
1359 15
1360 15
1361 15
1362 15
1363 15
1364 15
1365 15
1366 15
1367 46
1368 41
1369 41
1370 45
1371 41
1372 45
1373 10
1374 39
1375 10
1376 10
1377 10
1378 10
1379 10
1380 38
1381 17
1382 30
1383 30
1384 30
1385 30
1386 30
1387 30
1388 30
1389 30
1390 27
1391 30
1392 30
1393 30
1394 30
1395 30
1396 21
1397 43
1398 43
1399 43
1400 43
1401 45
1402 43
1403 6
1404 17
1405 17
1406 17
1407 14
1408 14
1409 14
1410 14
1411 14
1412 14
1413 14
1414 14
1415 15
1416 15
1417 15
1418 15
1419 15
1420 15
1421 15
1422 42
1423 42
1424 42
1425 42
1426 42
1427 42
1428 42
1429 42
1430 42
1431 42
1432 34
1433 34
1434 34
1435 34
1436 34
1437 34
1438 34
1439 39
1440 39
1441 45
1442 39
1443 12
1444 45
1445 44
1446 45
1447 45
1448 32
1449 42
1450 42
1451 42
1452 42
1453 42
1454 42
1455 42
1456 42
1457 42
1458 42
1459 42
1460 32
1461 33
1462 33
1463 32
1464 32
1465 32
1466 32
1467 32
1468 32
1469 32
1470 32
1471 32
1472 32
1473 32
1474 46
1475 46
1476 46
1477 46
1478 35
1479 46
1480 46
1481 46
1482 46
1483 37
1484 46
1485 46
1486 46
1487 46
1488 46
1489 46
1490 46
1491 27
1492 27
1493 27
1494 29
1495 27
1496 27
1497 27
1498 27
1499 27
1500 27
1501 27
1502 27
1503 7
1504 27
1505 27
1506 27
1507 27
1508 27
1509 27
1510 27
1511 43
1512 43
1513 43
1514 43
1515 5
1516 5
1517 5
1518 5
1519 2
1520 2
1521 46
1522 2
1523 9
1524 46
1525 2
1526 1
1527 2
1528 2
1529 2
1530 1
1531 2
1532 2
1533 4
1534 1
1535 2
1536 0
1537 0
1538 1
1539 2
1540 2
1541 1
1542 2
1543 2
1544 2
1545 1
1546 2
1547 1
1548 1
1549 2
1550 1
1551 2
1552 2
1553 2
1554 2
1555 2
1556 2
1557 16
1558 16
1559 0
1560 16
1561 16
1562 3
1563 49
1564 49
1565 29
1566 29
1567 49
1568 13
1569 14
1570 14
1571 14
1572 18
1573 18
1574 18
1575 18
1576 37
1577 10
1578 10
1579 10
1580 10
1581 10
1582 10
1583 9
1584 9
1585 9
1586 9
1587 34
1588 34
1589 33
1590 34
1591 33
1592 41
1593 9
1594 9
1595 9
1596 9
1597 9
1598 33
1599 33
1600 33
1601 33
1602 33
1603 33
1604 33
1605 33
1606 33
1607 33
1608 33
1609 33
1610 33
1611 35
1612 33
1613 33
1614 33
1615 33
1616 33
1617 33
1618 10
1619 10
1620 26
1621 26
1622 9
1623 31
1624 31
1625 31
1626 31
1627 47
1628 47
1629 47
1630 47
1631 47
1632 47
1633 36
1634 36
1635 37
1636 37
1637 37
1638 37
1639 37
1640 37
1641 37
1642 37
1643 0
1644 0
1645 0
1646 0
1647 15
1648 15
1649 15
1650 15
1651 15
1652 17
1653 17
1654 17
1655 17
1656 24
1657 17
1658 17
1659 17
1660 17
1661 10
1662 10
1663 10
1664 11
1665 10
1666 24
1667 32
1668 14
1669 24
1670 38
1671 38
1672 24
1673 24
1674 37
1675 8
1676 20
1677 8
1678 8
1679 37
1680 8
1681 8
1682 8
1683 8
1684 8
1685 10
1686 17
1687 17
1688 6
1689 4
1690 46
1691 46
1692 43
1693 20
1694 47
1695 46
1696 44
1697 46
1698 24
1699 24
1700 24
1701 9
1702 11
1703 11
1704 11
1705 40
1706 40
1707 40
1708 40
1709 40
1710 37
1711 45
1712 20
1713 20
1714 20
1715 20
1716 46
1717 46
1718 42
1719 42
1720 42
1721 42
1722 42
1723 42
1724 42
1725 42
1726 42
1727 17
1728 16
1729 27
1730 1
1731 1
1732 1
1733 1
1734 1
1735 1
1736 1
1737 1
1738 1
1739 1
1740 1
1741 1
1742 1
1743 1
1744 1
1745 13
1746 13
1747 32
1748 13
1749 5
1750 13
1751 13
1752 13
1753 13
1754 13
1755 32
1756 17
1757 17
1758 17
1759 35
1760 3
1761 17
1762 17
1763 5
1764 17
1765 17
1766 46
1767 46
1768 49
1769 41
1770 0
1771 14
1772 2
1773 2
1774 2
1775 2
1776 2
1777 37
1778 37
1779 37
1780 18
1781 18
1782 18
1783 17
1784 18
1785 18
1786 18
1787 18
1788 18
1789 18
1790 18
1791 27
1792 18
1793 0
1794 0
1795 0
1796 0
1797 0
1798 0
1799 0
1800 0
1801 0
1802 0
1803 0
1804 0
1805 0
1806 2
1807 0
1808 34
1809 10
1810 39
1811 39
1812 39
1813 4
1814 39
1815 10
1816 10
1817 10
1818 10
1819 5
1820 5
1821 5
1822 5
1823 5
1824 5
1825 5
1826 41
1827 41
1828 41
1829 41
1830 2
1831 2
1832 2
1833 1
1834 2
1835 2
1836 2
1837 0
1838 0
1839 44
1840 49
1841 44
1842 44
1843 44
1844 49
1845 49
1846 44
1847 42
1848 42
1849 44
1850 23
1851 23
1852 23
1853 23
1854 3
1855 23
1856 23
1857 49
1858 45
1859 44
1860 49
1861 49
1862 49
1863 49
1864 40
1865 49
1866 49
1867 47
1868 49
1869 49
1870 49
1871 13
1872 13
1873 13
1874 13
1875 13
1876 13
1877 13
1878 13
1879 13
1880 13
1881 13
1882 13
1883 13
1884 13
1885 13
1886 13
1887 13
1888 13
1889 13
1890 13
1891 13
1892 13
1893 13
1894 13
1895 13
1896 13
1897 13
1898 13
1899 13
1900 13
1901 13
1902 13
1903 13
1904 13
1905 36
1906 11
1907 25
1908 25
1909 47
1910 25
1911 25
1912 11
1913 16
1914 16
1915 16
1916 9
1917 25
1918 34
1919 34
1920 25
1921 25
1922 25
1923 25
1924 2
1925 2
1926 2
1927 4
1928 16
1929 16
1930 32
1931 33
1932 14
1933 14
1934 33
1935 14
1936 18
1937 18
1938 12
1939 12
1940 18
1941 12
1942 18
1943 12
1944 46
1945 46
1946 46
1947 46
1948 46
1949 45
1950 8
1951 8
1952 8
1953 8
1954 8
1955 8
1956 8
1957 8
1958 8
1959 12
1960 35
1961 35
1962 35
1963 35
1964 35
1965 35
1966 35
1967 35
1968 35
1969 35
1970 35
1971 35
1972 35
1973 35
1974 35
1975 35
1976 35
1977 35
1978 35
1979 35
1980 36
1981 35
1982 35
1983 4
1984 4
1985 4
1986 10
1987 10
1988 27
1989 27
1990 27
1991 27
1992 27
1993 27
1994 11
1995 11
1996 11
1997 30
1998 31
1999 31
2000 16
2001 16
2002 2
2003 0
2004 0
2005 14
2006 24
2007 8
2008 24
2009 24
2010 46
2011 8
2012 8
2013 8
2014 8
2015 8
2016 8
2017 30
2018 30
2019 30
2020 30
2021 30
2022 43
2023 43
2024 43
2025 43
2026 43
2027 2
2028 2
2029 2
2030 41
2031 9
2032 41
2033 41
2034 15
2035 34
2036 34
2037 34
2038 39
2039 0
2040 0
2041 0
2042 42
2043 42
2044 18
2045 18
2046 42
2047 5
2048 5
2049 5
2050 5
2051 15
2052 5
2053 5
2054 48
2055 5
2056 5
2057 5
2058 5
2059 39
2060 39
2061 34
2062 34
2063 34
2064 34
2065 34
2066 47
2067 5
2068 47
2069 47
2070 47
2071 38
2072 47
2073 47
2074 29
2075 40
2076 40
2077 48
2078 40
2079 40
2080 30
2081 30
2082 46
2083 46
2084 46
2085 46
2086 46
2087 46
2088 29
2089 22
2090 29
2091 17
2092 17
2093 46
2094 46
2095 46
2096 44
2097 44
2098 44
2099 44
2100 44
2101 44
2102 44
2103 31
2104 31
2105 0
2106 26
2107 26
2108 26
2109 6
2110 6
2111 6
2112 6
2113 45
2114 45
2115 45
2116 45
2117 13
2118 5
2119 13
2120 13
2121 9
2122 9
2123 9
2124 5
2125 5
2126 5
2127 5
2128 5
2129 5
2130 5
2131 40
2132 40
2133 40
2134 27
2135 27
2136 27
2137 27
2138 32
2139 32
2140 35
2141 44
2142 25
2143 37
2144 37
2145 37
2146 37
2147 21
2148 32
2149 24
2150 15
2151 15
2152 24
2153 24
2154 30
2155 13
2156 13
2157 13
2158 13
2159 13
2160 18
2161 18
2162 38
2163 2
2164 2
2165 1
2166 2
2167 2
2168 2
2169 1
2170 2
2171 1
2172 25
2173 2
2174 0
2175 1
2176 35
2177 35
2178 35
2179 35
2180 35
2181 35
2182 35
2183 42
2184 42
2185 33
2186 31
2187 31
2188 22
2189 22
2190 22
2191 48
2192 48
2193 48
2194 48
2195 48
2196 48
2197 44
2198 20
2199 20
2200 32
2201 32
2202 18
2203 43
2204 46
2205 47
2206 46
2207 0
2208 0
2209 44
2210 44
2211 23
2212 23
2213 15
2214 17
2215 17
2216 17
2217 17
2218 4
2219 4
2220 4
2221 8
2222 41
2223 41
2224 41
2225 41
2226 17
2227 29
2228 29
2229 29
2230 29
2231 29
2232 29
2233 47
2234 47
2235 29
2236 29
2237 29
2238 29
2239 29
2240 29
2241 29
2242 29
2243 29
2244 14
2245 20
2246 20
2247 20
2248 20
2249 20
2250 37
2251 39
2252 39
2253 39
2254 39
2255 39
2256 39
2257 38
2258 38
2259 38
2260 38
2261 38
2262 38
2263 23
2264 35
2265 35
2266 35
2267 35
2268 35
2269 35
2270 35
2271 9
2272 9
2273 9
2274 9
2275 9
2276 9
2277 9
2278 9
2279 37
2280 37
2281 37
2282 37
2283 42
2284 28
2285 45
2286 45
2287 49
2288 26
2289 26
2290 26
2291 26
2292 26
2293 26
2294 6
2295 9
2296 9
2297 9
2298 9
2299 11
2300 9
2301 13
2302 13
2303 13
2304 13
2305 13
2306 13
2307 13
2308 13
2309 3
2310 48
2311 13
2312 10
2313 46
2314 46
2315 11
2316 11
2317 11
2318 11
2319 7
2320 7
2321 7
2322 7
2323 7
2324 7
2325 7
2326 45
2327 44
2328 48
2329 44
2330 24
2331 41
2332 35
2333 35
2334 35
2335 35
2336 35
2337 35
2338 30
2339 46
2340 46
2341 46
2342 46
2343 37
2344 20
2345 10
2346 10
2347 10
2348 10
2349 10
2350 9
2351 9
2352 9
2353 9
2354 42
2355 15
2356 15
2357 15
2358 15
2359 15
2360 15
2361 45
2362 45
2363 45
2364 45
2365 36
2366 43
2367 45
2368 45
2369 45
2370 45
2371 45
2372 45
2373 45
2374 44
2375 45
2376 45
2377 45
2378 38
2379 45
2380 45
2381 29
2382 29
2383 29
2384 29
2385 29
2386 18
2387 18
2388 11
2389 11
2390 25
2391 25
2392 25
2393 25
2394 25
2395 25
2396 25
2397 25
2398 14
2399 14
2400 14
2401 14
2402 14
2403 14
2404 14
2405 14
2406 14
2407 14
2408 23
2409 23
2410 19
2411 23
2412 23
2413 28
2414 19
2415 16
2416 11
2417 5
2418 5
2419 5
2420 5
2421 5
2422 5
2423 36
2424 40
2425 5
2426 0
2427 0
2428 4
2429 4
2430 4
2431 4
2432 6
2433 6
2434 1
2435 22
2436 22
2437 22
2438 22
2439 22
2440 22
2441 22
2442 22
2443 22
2444 22
2445 40
2446 22
2447 22
2448 22
2449 22
2450 22
2451 40
2452 22
2453 22
2454 22
2455 22
2456 22
2457 1
2458 1
2459 45
2460 45
2461 45
2462 25
2463 45
2464 45
2465 45
2466 39
2467 45
2468 44
2469 47
2470 47
2471 47
2472 45
2473 6
2474 6
2475 44
2476 44
2477 44
2478 44
2479 44
2480 14
2481 46
2482 4
2483 14
2484 4
2485 14
2486 14
2487 14
2488 14
2489 14
2490 14
2491 14
2492 14
2493 25
2494 25
2495 25
2496 25
2497 25
2498 16
2499 16
2500 20
2501 21
2502 22
2503 22
2504 22
2505 22
2506 22
2507 11
2508 11
2509 11
2510 11
2511 11
2512 11
2513 11
2514 8
2515 8
2516 18
2517 12
2518 40
2519 18
2520 42
2521 42
2522 42
2523 39
2524 11
2525 7
2526 7
2527 7
2528 7
2529 7
2530 7
2531 7
2532 44
2533 44
2534 47
2535 47
2536 47
2537 47
2538 47
2539 47
2540 47
2541 47
2542 47
2543 47
2544 47
2545 47
2546 47
2547 47
2548 47
2549 47
2550 47
2551 47
2552 47
2553 14
2554 14
2555 11
2556 15
2557 33
2558 9
2559 33
2560 33
2561 33
2562 33
2563 33
2564 38
2565 38
2566 38
2567 38
2568 38
2569 4
2570 4
2571 4
2572 4
2573 4
2574 4
2575 4
2576 22
2577 4
2578 4
2579 4
2580 29
2581 29
2582 41
2583 46
2584 46
2585 3
2586 46
2587 27
2588 27
2589 27
2590 29
2591 29
2592 29
2593 29
2594 29
2595 29
2596 36
2597 40
2598 40
2599 27
2600 27
2601 27
2602 9
2603 9
2604 12
2605 16
2606 16
2607 16
2608 16
2609 16
2610 16
2611 12
2612 7
2613 7
2614 7
2615 7
2616 7
2617 42
2618 42
2619 42
2620 33
2621 42
2622 42
2623 11
2624 30
2625 12
2626 23
2627 23
2628 23
2629 23
2630 23
2631 23
2632 23
2633 23
2634 23
2635 23
2636 3
2637 2
2638 3
2639 23
2640 41
2641 20
2642 7
2643 20
2644 7
2645 40
2646 40
2647 40
2648 40
2649 40
2650 40
2651 8
2652 13
2653 11
2654 11
2655 14
2656 29
2657 29
2658 29
2659 29
2660 29
2661 29
2662 29
2663 29
2664 29
2665 29
2666 36
2667 29
2668 29
2669 29
2670 29
2671 27
2672 27
2673 27
2674 27
2675 27
2676 27
2677 43
2678 43
2679 11
2680 9
2681 9
2682 9
2683 9
2684 9
2685 4
2686 4
2687 4
2688 4
2689 4
2690 4
2691 4
2692 4
2693 4
2694 4
2695 4
2696 4
2697 4
2698 4
2699 4
2700 4
2701 4
2702 4
2703 4
2704 41
2705 41
2706 41
2707 41
2708 41
2709 41
2710 41
2711 8
2712 8
2713 8
2714 8
2715 8
2716 8
2717 8
2718 16
2719 3
2720 16
2721 48
2722 48
2723 48
2724 48
2725 48
2726 48
2727 48
2728 49
2729 49
2730 49
2731 49
2732 49
2733 49
2734 49
2735 49
2736 49
2737 43
2738 43
2739 43
2740 43
2741 43
2742 43
2743 43
2744 43
2745 24
2746 44
2747 24
2748 8
2749 8
2750 46
2751 46
2752 46
2753 46
2754 46
2755 46
2756 35
2757 5
2758 5
2759 48
2760 48
2761 48
2762 48
2763 48
2764 46
2765 37
2766 49
2767 42
2768 42
2769 20
2770 22
2771 20
2772 3
2773 20
2774 22
2775 3
2776 12
2777 21
2778 21
2779 21
2780 21
2781 3
2782 3
2783 34
2784 5
2785 46
2786 48
2787 47
2788 35
2789 35
2790 35
2791 35
2792 35
2793 14
2794 6
2795 2
2796 2
2797 2
2798 2
2799 2
2800 2
2801 23
2802 23
2803 23
2804 23
2805 23
2806 16
2807 37
2808 3
2809 32
2810 32
2811 32
2812 32
2813 49
2814 49
2815 49
2816 49
2817 49
2818 49
2819 49
2820 43
2821 44
2822 5
2823 22
2824 49
2825 49
2826 49
2827 49
2828 49
2829 6
2830 6
2831 6
2832 6
2833 6
2834 6
2835 6
2836 6
2837 0
2838 9
2839 0
2840 4
2841 4
2842 4
2843 0
2844 0
2845 25
2846 25
2847 20
2848 18
2849 44
2850 44
2851 44
2852 44
2853 16
2854 16
2855 16
2856 16
2857 16
2858 16
2859 16
2860 11
2861 11
2862 11
2863 33
2864 18
2865 18
2866 18
2867 18
2868 39
2869 39
2870 37
2871 39
2872 39
2873 39
2874 39
2875 39
2876 39
2877 39
2878 39
2879 36
2880 37
2881 44
2882 39
2883 39
2884 2
2885 2
2886 37
2887 48
2888 48
2889 17
2890 17
2891 17
2892 17
2893 17
2894 26
2895 17
2896 17
2897 25
2898 25
2899 22
2900 20
2901 22
2902 22
2903 28
2904 28
2905 28
2906 28
2907 42
2908 7
2909 7
2910 7
2911 7
2912 33
2913 33
2914 26
2915 26
2916 36
2917 36
2918 11
2919 28
2920 28
2921 28
2922 28
2923 28
2924 28
2925 28
2926 18
2927 18
2928 20
2929 20
2930 20
2931 20
2932 26
2933 20
2934 19
2935 45
2936 45
2937 45
2938 43
2939 43
2940 43
2941 43
2942 43
2943 43
2944 43
2945 43
2946 43
2947 43
2948 43
2949 43
2950 17
2951 17
2952 35
2953 3
2954 3
2955 3
2956 3
2957 3
2958 3
2959 3
2960 3
2961 3
2962 3
2963 35
2964 35
2965 36
2966 45
2967 45
2968 40
2969 45
2970 45
2971 23
2972 28
2973 28
2974 28
2975 28
2976 28
2977 28
2978 28
2979 28
2980 33
2981 34
2982 34
2983 34
2984 34
2985 34
2986 34
2987 34
2988 35
2989 35
2990 6
2991 6
2992 6
2993 6
2994 36
2995 36
2996 36
2997 36
2998 20
2999 32
3000 32
3001 32
3002 32
3003 32
3004 32
3005 32
3006 20
3007 20
3008 20
3009 20
3010 20
3011 38
3012 35
3013 32
3014 32
3015 32
3016 32
3017 32
3018 40
3019 40
3020 41
3021 41
3022 41
3023 41
3024 41
3025 41
3026 41
3027 41
3028 41
3029 41
3030 21
3031 44
3032 5
3033 5
3034 48
3035 48
3036 33
3037 33
3038 33
3039 33
3040 33
3041 38
3042 33
3043 33
3044 33
3045 33
3046 33
3047 12
3048 12
3049 12
3050 9
3051 9
3052 9
3053 9
3054 33
3055 33
3056 33
3057 33
3058 33
3059 33
3060 33
3061 27
3062 31
3063 36
3064 36
3065 36
3066 44
3067 44
3068 48
3069 48
3070 48
3071 16
3072 4
3073 4
3074 4
3075 4
3076 4
3077 23
3078 23
3079 23
3080 23
3081 23
3082 36
3083 36
3084 41
3085 27
3086 27
3087 27
3088 27
3089 43
3090 47
3091 43
3092 43
3093 43
3094 7
3095 27
3096 27
3097 27
3098 13
3099 48
3100 43
3101 43
3102 30
3103 5
3104 19
3105 42
3106 42
3107 5
3108 5
3109 36
3110 36
3111 36
3112 40
3113 23
3114 23
3115 40
3116 1
3117 1
3118 1
3119 33
3120 33
3121 44
3122 33
3123 33
3124 1
3125 1
3126 1
3127 1
3128 9
3129 26
3130 26
3131 5
3132 5
3133 49
3134 0
3135 0
3136 0
3137 0
3138 0
3139 2
3140 0
3141 1
3142 1
3143 7
3144 7
3145 7
3146 9
3147 7
3148 7
3149 7
3150 7
3151 9
3152 7
3153 37
3154 34
3155 34
3156 18
3157 18
3158 13
3159 27
3160 27
3161 27
3162 27
3163 9
3164 22
3165 22
3166 22
3167 22
3168 22
3169 44
3170 4
3171 4
3172 4
3173 31
3174 31
3175 35
3176 35
3177 30
3178 30
3179 30
3180 6
3181 18
3182 24
3183 24
3184 24
3185 24
3186 24
3187 24
3188 24
3189 24
3190 14
3191 14
3192 14
3193 15
3194 15
3195 29
3196 29
3197 29
3198 29
3199 29
3200 39
3201 39
3202 26
3203 26
3204 3
3205 3
3206 3
3207 3
3208 3
3209 35
3210 35
3211 35
3212 48
3213 48
3214 48
3215 48
3216 40
3217 40
3218 40
3219 40
3220 40
3221 7
3222 7
3223 7
3224 7
3225 7
3226 7
3227 7
3228 7
3229 7
3230 17
3231 17
3232 17
3233 43
3234 43
3235 29
3236 44
3237 45
3238 43
3239 44
3240 45
3241 45
3242 43
3243 43
3244 17
3245 41
3246 41
3247 41
3248 41
3249 41
3250 7
3251 47
3252 47
3253 47
3254 47
3255 47
3256 47
3257 47
3258 47
3259 47
3260 47
3261 47
3262 47
3263 47
3264 47
3265 44
3266 38
3267 38
3268 40
3269 38
3270 40
3271 38
3272 40
3273 49
3274 26
3275 26
3276 26
3277 26
3278 26
3279 26
3280 26
3281 26
3282 44
3283 43
3284 12
3285 44
3286 43
3287 43
3288 43
3289 43
3290 43
3291 16
3292 0
3293 0
3294 0
3295 0
3296 18
3297 18
3298 18
3299 18
3300 18
3301 18
3302 5
3303 5
3304 5
3305 5
3306 5
3307 5
3308 5
3309 5
3310 5
3311 5
3312 5
3313 5
3314 5
3315 5
3316 5
3317 5
3318 7
3319 7
3320 7
3321 16
3322 2
3323 2
3324 49
3325 22
3326 22
3327 22
3328 22
3329 22
3330 22
3331 22
3332 37
3333 10
3334 22
3335 10
3336 22
3337 37
3338 25
3339 25
3340 25
3341 25
3342 14
3343 28
3344 28
3345 28
3346 28
3347 28
3348 28
3349 28
3350 28
3351 28
3352 28
3353 28
3354 28
3355 28
3356 28
3357 0
3358 22
3359 25
3360 25
3361 44
3362 25
3363 44
3364 26
3365 26
3366 26
3367 26
3368 26
3369 26
3370 26
3371 26
3372 26
3373 26
3374 19
3375 19
3376 9
3377 12
3378 12
3379 12
3380 12
3381 12
3382 12
3383 12
3384 12
3385 12
3386 41
3387 41
3388 41
3389 47
3390 47
3391 49
3392 49
3393 49
3394 49
3395 49
3396 49
3397 23
3398 23
3399 23
3400 23
3401 23
3402 23
3403 23
3404 23
3405 23
3406 23
3407 23
3408 23
3409 23
3410 1
3411 0
3412 0
3413 44
3414 44
3415 41
3416 41
3417 41
3418 41
3419 41
3420 37
3421 37
3422 39
3423 39
3424 36
3425 36
3426 36
3427 11
3428 11
3429 11
3430 47
3431 29
3432 29
3433 29
3434 19
3435 19
3436 5
3437 21
3438 21
3439 21
3440 15
3441 21
3442 21
3443 23
3444 23
3445 23
3446 23
3447 8
3448 27
3449 35
3450 27
3451 25
3452 0
3453 0
3454 0
3455 28
3456 28
3457 28
3458 28
3459 28
3460 28
3461 28
3462 28
3463 28
3464 28
3465 28
3466 28
3467 28
3468 28
3469 28
3470 28
3471 28
3472 28
3473 28
3474 28
3475 28
3476 28
3477 28
3478 28
3479 28
3480 28
3481 28
3482 28
3483 28
3484 26
3485 26
3486 6
3487 6
3488 6
3489 11
3490 11
3491 3
3492 3
3493 3
3494 3
3495 44
3496 44
3497 44
3498 44
3499 37
3500 7
3501 29
3502 29
3503 29
3504 2
3505 29
3506 29
3507 29
3508 29
3509 36
3510 36
3511 36
3512 35
3513 36
3514 36
3515 36
3516 36
3517 30
3518 30
3519 30
3520 30
3521 30
3522 30
3523 30
3524 30
3525 30
3526 30
3527 30
3528 30
3529 30
3530 30
3531 30
3532 30
3533 30
3534 30
3535 30
3536 30
3537 30
3538 30
3539 30
3540 16
3541 16
3542 16
3543 20
3544 38
3545 38
3546 38
3547 38
3548 21
3549 21
3550 46
3551 25
3552 25
3553 25
3554 39
3555 39
3556 39
3557 41
3558 41
3559 17
3560 32
3561 32
3562 32
3563 32
3564 21
3565 21
3566 21
3567 21
3568 21
3569 49
3570 49
3571 49
3572 11
3573 27
3574 27
3575 47
3576 47
3577 47
3578 47
3579 47
3580 47
3581 47
3582 47
3583 47
3584 47
3585 47
3586 47
3587 35
3588 18
3589 48
3590 24
3591 17
3592 27
3593 16
3594 19
3595 19
3596 17
3597 4
3598 45
3599 20
3600 20
3601 28
3602 28
3603 30
3604 49
3605 7
3606 7
3607 7
3608 7
3609 7
3610 49
3611 9
3612 9
3613 17
3614 17
3615 17
3616 17
3617 4
3618 4
3619 30
3620 30
3621 13
3622 13
3623 13
3624 46
3625 46
3626 46
3627 46
3628 46
3629 46
3630 12
3631 12
3632 12
3633 12
3634 12
3635 12
3636 12
3637 12
3638 5
3639 5
3640 38
3641 45
3642 38
3643 26
3644 26
3645 26
3646 26
3647 26
3648 26
3649 26
3650 26
3651 26
3652 26
3653 47
3654 47
3655 47
3656 2
3657 43
3658 3
3659 3
3660 3
3661 3
3662 3
3663 3
3664 3
3665 3
3666 3
3667 3
3668 3
3669 3
3670 3
3671 3
3672 3
3673 3
3674 3
3675 3
3676 3
3677 3
3678 3
3679 3
3680 3
3681 3
3682 3
3683 3
3684 3
3685 3
3686 3
3687 3
3688 3
3689 3
3690 3
3691 3
3692 4
3693 4
3694 4
3695 36
3696 43
3697 27
3698 40
3699 40
3700 40
3701 40
3702 0
3703 14
3704 3
3705 3
3706 3
3707 4
3708 40
3709 40
3710 44
3711 44
3712 44
3713 45
3714 45
3715 39
3716 39
3717 39
3718 39
3719 39
3720 32
3721 29
3722 29
3723 29
3724 29
3725 35
3726 44
3727 44
3728 44
3729 42
3730 34
3731 34
3732 47
3733 4
3734 28
3735 28
3736 28
3737 28
3738 40
3739 33
3740 33
3741 33
3742 33
3743 33
3744 25
3745 25
3746 25
3747 25
3748 25
3749 25
3750 25
3751 25
3752 25
3753 25
3754 25
3755 25
3756 5
3757 5
3758 3
3759 3
3760 3
3761 3
3762 49
3763 41
3764 41
3765 19
3766 19
3767 19
3768 40
3769 40
3770 40
3771 40
3772 9
3773 26
3774 26
3775 12
3776 12
3777 12
3778 12
3779 12
3780 28
3781 20
3782 3
3783 3
3784 40
3785 40
3786 40
3787 40
3788 40
3789 42
3790 42
3791 42
3792 33
3793 33
3794 47
3795 47
3796 47
3797 26
3798 26
3799 26
3800 45
3801 45
3802 45
3803 14
3804 28
3805 28
3806 7
3807 35
3808 26
3809 12
3810 12
3811 12
3812 12
3813 12
3814 12
3815 15
3816 42
3817 40
3818 37
3819 24
3820 24
3821 24
3822 24
3823 24
3824 24
3825 24
3826 24
3827 44
3828 44
3829 14
3830 14
3831 3
3832 3
3833 29
3834 10
3835 10
3836 35
3837 4
3838 4
3839 43
3840 1
3841 1
3842 1
3843 1
3844 1
3845 1
3846 5
3847 5
3848 5
3849 29
3850 14
3851 14
3852 43
3853 44
3854 16
3855 31
3856 40
3857 40
3858 40
3859 39
3860 39
3861 39
3862 39
3863 27
3864 27
3865 27
3866 35
3867 32
3868 32
3869 32
3870 32
3871 32
3872 32
3873 38
3874 12
3875 12
3876 12
3877 12
3878 12
3879 12
3880 12
3881 12
3882 12
3883 12
3884 18
3885 30
3886 30
3887 30
3888 30
3889 30
3890 0
3891 43
3892 43
3893 47
3894 20
3895 20
3896 20
3897 20
3898 20
3899 49
3900 48
3901 48
3902 48
3903 48
3904 48
3905 48
3906 48
3907 48
3908 25
3909 25
3910 25
3911 25
3912 4
3913 4
3914 8
3915 8
3916 42
3917 42
3918 42
3919 42
3920 42
3921 42
3922 42
3923 42
3924 42
3925 30
3926 30
3927 30
3928 34
3929 34
3930 34
3931 34
3932 34
3933 48
3934 43
3935 43
3936 43
3937 8
3938 8
3939 8
3940 8
3941 14
3942 14
3943 14
3944 48
3945 33
3946 9
3947 40
3948 40
3949 40
3950 27
3951 19
3952 36
3953 15
3954 17
3955 12
3956 10
3957 10
3958 10
3959 10
3960 10
3961 31
3962 31
3963 40
3964 43
3965 44
3966 2
3967 30
3968 1
3969 1
3970 1
3971 1
3972 18
3973 18
3974 18
3975 18
3976 18
3977 18
3978 18
3979 18
3980 18
3981 18
3982 18
3983 18
3984 18
3985 18
3986 18
3987 6
3988 17
3989 17
3990 17
3991 8
3992 12
3993 12
3994 12
3995 15
3996 20
3997 20
3998 37
3999 37
4000 37
4001 25
4002 25
4003 25
4004 27
4005 45
4006 45
4007 26
4008 26
4009 26
4010 26
4011 26
4012 11
4013 20
4014 17
4015 8
4016 5
4017 4
4018 30
4019 10
4020 10
4021 10
4022 20
4023 20
4024 18
4025 18
4026 9
4027 11
4028 40
4029 40
4030 40
4031 30
4032 30
4033 30
4034 5
4035 11
4036 10
4037 23
4038 23
4039 14
4040 14
4041 14
4042 14
4043 14
4044 29
4045 29
4046 36
4047 36
4048 5
4049 8
4050 8
4051 32
4052 40
4053 26
4054 26
4055 15
4056 15
4057 15
4058 38
4059 11
4060 11
4061 11
4062 27
4063 28
4064 28
4065 10
4066 43
4067 8
4068 43
4069 46
4070 23
4071 23
4072 23
4073 23
4074 23
4075 23
4076 23
4077 23
4078 23
4079 23
4080 23
4081 23
4082 23
4083 23
4084 23
4085 37
4086 37
4087 25
4088 25
4089 29
4090 35
4091 35
4092 40
4093 40
4094 40
4095 6
4096 31
4097 31
4098 31
4099 32
4100 44
4101 44
4102 9
4103 5
4104 5
4105 31
4106 31
4107 31
4108 20
4109 4
4110 20
4111 20
4112 20
4113 39
4114 44
4115 16
4116 46
4117 46
4118 2
4119 1
4120 1
4121 1
4122 1
4123 1
4124 1
4125 1
4126 1
4127 32
4128 32
4129 28
4130 28
4131 28
4132 28
4133 29
4134 29
4135 18
4136 48
4137 26
4138 44
4139 32
4140 32
4141 10
4142 10
4143 10
4144 24
4145 3
4146 3
4147 3
4148 15
4149 15
4150 38
4151 43
4152 31
4153 8
4154 40
4155 45
4156 16
4157 34
