0 14
1 14
2 14
3 14
4 41
5 14
6 4
7 14
8 14
9 39
10 40
11 41
12 41
13 41
14 41
15 41
16 20
17 2
18 41
19 43
20 19
21 37
22 19
23 19
24 37
25 19
26 19
27 2
28 19
29 34
30 19
31 2
32 17
33 4
34 2
35 39
36 37
37 2
38 19
39 19
40 15
41 20
42 22
43 4
44 37
45 43
46 19
47 15
48 17
49 20
50 2
51 24
52 2
53 39
54 2
55 9
56 2
57 24
58 39
59 2
60 2
61 39
62 2
63 2
64 2
65 2
66 22
67 20
68 20
69 20
70 20
71 20
72 18
73 20
74 16
75 20
76 16
77 18
78 21
79 20
80 16
81 16
82 16
83 16
84 16
85 21
86 20
87 20
88 21
89 20
90 20
91 17
92 17
93 17
94 17
95 17
96 14
97 17
98 14
99 16
100 18
101 18
102 17
103 18
104 17
105 16
106 0
107 0
108 0
109 21
110 0
111 9
112 15
113 0
114 0
115 0
116 1
117 0
118 0
119 0
120 0
121 15
122 0
123 0
124 0
125 0
126 44
127 8
128 9
129 0
130 13
131 0
132 0
133 38
134 0
135 1
136 0
137 13
138 24
139 0
140 0
141 34
142 0
143 44
144 13
145 13
146 25
147 25
148 25
149 25
150 25
151 25
152 17
153 25
154 16
155 25
156 25
157 18
158 13
159 25
160 25
161 25
162 25
163 35
164 16
165 14
166 14
167 15
168 14
169 14
170 14
171 14
172 14
173 14
174 20
175 14
176 14
177 14
178 14
179 30
180 15
181 14
182 14
183 14
184 42
185 42
186 29
187 42
188 42
189 44
190 31
191 42
192 42
193 42
194 19
195 42
196 42
197 42
198 42
199 12
200 12
201 42
202 42
203 31
204 31
205 32
206 42
207 42
208 43
209 41
210 41
211 41
212 40
213 31
214 12
215 42
216 42
217 44
218 42
219 35
220 25
221 42
222 23
223 37
224 44
225 43
226 37
227 37
228 35
229 43
230 44
231 7
232 7
233 7
234 7
235 7
236 6
237 7
238 20
239 20
240 20
241 20
242 20
243 20
244 15
245 20
246 20
247 20
248 20
249 20
250 20
251 20
252 20
253 20
254 20
255 20
256 18
257 18
258 18
259 18
260 18
261 18
262 18
263 18
264 18
265 18
266 18
267 18
268 18
269 18
270 18
271 18
272 18
273 18
274 18
275 18
276 18
277 18
278 18
279 23
280 18
281 18
282 18
283 18
284 18
285 30
286 18
287 18
288 18
289 18
290 18
291 18
292 18
293 18
294 18
295 18
296 33
297 18
298 18
299 18
300 18
301 18
302 20
303 20
304 20
305 19
306 20
307 20
308 20
309 20
310 19
311 20
312 19
313 15
314 19
315 20
316 7
317 21
318 7
319 7
320 7
321 20
322 20
323 20
324 21
325 20
326 20
327 20
328 20
329 13
330 20
331 13
332 20
333 43
334 20
335 20
336 20
337 20
338 20
339 21
340 20
341 6
342 43
343 43
344 6
345 20
346 20
347 29
348 29
349 29
350 35
351 29
352 29
353 35
354 28
355 29
356 29
357 29
358 29
359 29
360 29
361 33
362 29
363 40
364 29
365 29
366 32
367 29
368 38
369 28
370 44
371 3
372 32
373 26
374 41
375 13
376 16
377 16
378 17
379 16
380 16
381 16
382 41
383 41
384 41
385 41
386 41
387 41
388 40
389 41
390 40
391 40
392 42
393 40
394 33
395 40
396 40
397 40
398 40
399 40
400 40
401 40
402 40
403 40
404 41
405 41
406 41
407 41
408 41
409 41
410 25
411 41
412 41
413 41
414 26
415 26
416 26
417 26
418 26
419 26
420 26
421 26
422 26
423 26
424 26
425 26
426 26
427 26
428 14
429 26
430 26
431 25
432 25
433 17
434 25
435 25
436 25
437 25
438 25
439 25
440 25
441 25
442 25
443 25
444 3
445 3
446 3
447 3
448 3
449 3
450 3
451 3
452 3
453 3
454 3
455 3
456 3
457 3
458 3
459 3
460 3
461 3
462 3
463 3
464 4
465 3
466 3
467 3
468 3
469 3
470 3
471 3
472 3
473 3
474 3
475 36
476 36
477 3
478 13
479 13
480 13
481 13
482 13
483 13
484 13
485 28
486 13
487 23
488 20
489 34
490 20
491 15
492 20
493 32
494 20
495 20
496 20
497 20
498 38
499 19
500 21
501 20
502 20
503 20
504 25
505 16
506 20
507 17
508 34
509 34
510 34
511 21
512 6
513 23
514 34
515 23
516 17
517 13
518 12
519 17
520 18
521 16
522 17
523 17
524 18
525 17
526 17
527 17
528 18
529 17
530 17
531 15
532 18
533 11
534 17
535 18
536 16
537 17
538 30
539 28
540 18
541 17
542 17
543 17
544 18
545 17
546 18
547 17
548 2
549 21
550 21
551 2
552 21
553 6
554 21
555 17
556 21
557 21
558 21
559 21
560 17
561 0
562 0
563 41
564 39
565 41
566 13
567 41
568 41
569 41
570 41
571 41
572 6
573 27
574 41
575 41
576 41
577 40
578 17
579 41
580 41
581 44
582 44
583 44
584 44
585 44
586 44
587 44
588 9
589 9
590 9
591 9
592 9
593 9
594 4
595 4
596 4
597 4
598 4
599 16
600 4
601 11
602 4
603 4
604 18
605 16
606 18
607 16
608 18
609 18
610 18
611 16
612 16
613 16
614 18
615 11
616 19
617 18
618 18
619 33
620 33
621 33
622 33
623 35
624 44
625 33
626 38
627 33
628 21
629 33
630 33
631 13
632 13
633 25
634 13
635 13
636 13
637 13
638 13
639 13
640 39
641 13
642 13
643 13
644 15
645 2
646 34
647 1
648 39
649 39
650 39
651 39
652 39
653 39
654 39
655 39
656 39
657 26
658 25
659 25
660 26
661 38
662 26
663 18
664 15
665 21
666 1
667 20
668 17
669 1
670 20
671 1
672 6
673 20
674 29
675 8
676 36
677 23
678 22
679 34
680 37
681 37
682 37
683 37
684 37
685 37
686 34
687 37
688 23
689 37
690 23
691 35
692 37
693 25
694 25
695 25
696 25
697 35
698 25
699 25
700 19
701 40
702 25
703 44
704 5
705 25
706 25
707 25
708 24
709 24
710 24
711 24
712 24
713 24
714 24
715 24
716 24
717 24
718 10
719 24
720 31
721 24
722 10
723 24
724 18
725 18
726 17
727 17
728 20
729 19
730 19
731 19
732 19
733 0
734 33
735 19
736 19
737 31
738 3
739 19
740 19
741 30
742 11
743 19
744 19
745 19
746 25
747 26
748 26
749 26
750 26
751 26
752 11
753 26
754 26
755 26
756 26
757 25
758 26
759 25
760 26
761 26
762 7
763 10
764 7
765 10
766 7
767 7
768 7
769 7
770 7
771 7
772 7
773 7
774 7
775 7
776 35
777 35
778 35
779 28
780 35
781 35
782 35
783 26
784 26
785 26
786 26
787 26
788 26
789 26
790 26
791 26
792 16
793 16
794 16
795 33
796 16
797 38
798 38
799 38
800 38
801 38
802 38
803 4
804 38
805 38
806 37
807 37
808 37
809 37
810 23
811 37
812 44
813 44
814 44
815 44
816 44
817 2
818 2
819 0
820 2
821 2
822 0
823 19
824 2
825 2
826 2
827 2
828 14
829 14
830 14
831 14
832 17
833 17
834 13
835 13
836 13
837 13
838 13
839 13
840 13
841 13
842 13
843 13
844 43
845 43
846 43
847 13
848 13
849 13
850 15
851 13
852 13
853 40
854 44
855 44
856 39
857 44
858 44
859 25
860 25
861 21
862 21
863 21
864 7
865 7
866 6
867 7
868 6
869 6
870 7
871 7
872 7
873 7
874 7
875 6
876 6
877 17
878 17
879 17
880 17
881 17
882 17
883 17
884 16
885 16
886 16
887 16
888 42
889 42
890 42
891 42
892 42
893 38
894 38
895 42
896 42
897 37
898 37
899 38
900 36
901 37
902 37
903 37
904 37
905 37
906 37
907 37
908 12
909 37
910 40
911 41
912 40
913 44
914 38
915 40
916 40
917 41
918 40
919 40
920 40
921 41
922 40
923 40
924 40
925 40
926 41
927 6
928 37
929 37
930 44
931 8
932 39
933 39
934 6
935 39
936 39
937 39
938 39
939 6
940 24
941 44
942 39
943 39
944 31
945 31
946 30
947 32
948 26
949 31
950 31
951 31
952 31
953 31
954 30
955 30
956 30
957 30
958 30
959 30
960 31
961 31
962 31
963 31
964 32
965 31
966 31
967 31
968 27
969 32
970 31
971 31
972 31
973 15
974 31
975 15
976 23
977 10
978 23
979 0
980 0
981 0
982 0
983 0
984 0
985 0
986 34
987 0
988 0
989 0
990 0
991 0
992 0
993 34
994 34
995 34
996 34
997 34
998 34
999 34
1000 34
1001 34
1002 34
1003 34
1004 34
1005 34
1006 34
1007 34
1008 34
1009 34
1010 34
1011 34
1012 34
1013 34
1014 30
1015 30
1016 23
1017 27
1018 30
1019 30
1020 30
1021 23
1022 28
1023 30
1024 6
1025 30
1026 30
1027 2
1028 2
1029 2
1030 2
1031 2
1032 2
1033 2
1034 25
1035 25
1036 25
1037 25
1038 25
1039 25
1040 25
1041 9
1042 33
1043 34
1044 33
1045 43
1046 28
1047 33
1048 39
1049 39
1050 39
1051 11
1052 11
1053 11
1054 8
1055 11
1056 11
1057 11
1058 11
1059 11
1060 12
1061 31
1062 11
1063 11
1064 1
1065 14
1066 11
1067 29
1068 11
1069 11
1070 14
1071 14
1072 14
1073 14
1074 29
1075 29
1076 28
1077 28
1078 29
1079 29
1080 29
1081 28
1082 29
1083 29
1084 29
1085 29
1086 13
1087 13
1088 9
1089 9
1090 9
1091 9
1092 9
1093 9
1094 9
1095 9
1096 2
1097 9
1098 9
1099 9
1100 21
1101 21
1102 31
1103 31
1104 31
1105 31
1106 31
1107 31
1108 31
1109 31
1110 31
1111 31
1112 31
1113 31
1114 31
1115 31
1116 31
1117 37
1118 31
1119 31
1120 31
1121 31
1122 31
1123 39
1124 39
1125 39
1126 39
1127 39
1128 39
1129 6
1130 39
1131 39
1132 39
1133 1
1134 1
1135 1
1136 1
1137 1
1138 1
1139 1
1140 1
1141 1
1142 1
1143 1
1144 1
1145 1
1146 0
1147 1
1148 1
1149 0
1150 0
1151 0
1152 0
1153 0
1154 0
1155 0
1156 28
1157 21
1158 28
1159 28
1160 28
1161 28
1162 28
1163 3
1164 28
1165 17
1166 41
1167 42
1168 28
1169 28
1170 28
1171 28
1172 28
1173 28
1174 28
1175 28
1176 28
1177 19
1178 2
1179 2
1180 2
1181 2
1182 2
1183 2
1184 2
1185 2
1186 31
1187 31
1188 31
1189 31
1190 31
1191 31
1192 33
1193 33
1194 33
1195 33
1196 33
1197 33
1198 33
1199 33
1200 33
1201 33
1202 33
1203 29
1204 29
1205 29
1206 29
1207 29
1208 22
1209 29
1210 29
1211 29
1212 29
1213 29
1214 29
1215 29
1216 29
1217 12
1218 12
1219 12
1220 12
1221 12
1222 12
1223 12
1224 12
1225 12
1226 12
1227 12
1228 12
1229 13
1230 13
1231 13
1232 30
1233 13
1234 13
1235 13
1236 44
1237 44
1238 35
1239 35
1240 35
1241 35
1242 35
1243 35
1244 35
1245 35
1246 35
1247 35
1248 35
1249 35
1250 35
1251 35
1252 35
1253 35
1254 35
1255 35
1256 35
1257 35
1258 35
1259 35
1260 35
1261 35
1262 35
1263 35
1264 35
1265 35
1266 35
1267 35
1268 35
1269 35
1270 35
1271 35
1272 35
1273 35
1274 35
1275 35
1276 35
1277 35
1278 35
1279 25
1280 25
1281 25
1282 4
1283 4
1284 4
1285 4
1286 4
1287 35
1288 38
1289 38
1290 35
1291 29
1292 35
1293 35
1294 35
1295 35
1296 35
1297 35
1298 12
1299 12
1300 12
1301 12
1302 12
1303 12
1304 12
1305 12
1306 12
1307 12
1308 12
1309 12
1310 12
1311 12
1312 12
1313 12
1314 12
1315 12
1316 12
1317 12
1318 12
1319 12
1320 12
1321 12
1322 12
1323 12
1324 28
1325 28
1326 28
1327 28
1328 28
1329 28
1330 7
1331 7
1332 17
1333 14
1334 17
1335 14
1336 14
1337 42
1338 14
1339 14
1340 12
1341 6
1342 32
1343 9
1344 6
1345 15
1346 15
1347 15
1348 15
1349 15
1350 15
1351 15
1352 15
1353 14
1354 15
1355 15
1356 15
1357 1
1358 1
1359 15
1360 15
1361 15
1362 15
1363 15
1364 15
1365 15
1366 15
1367 36
1368 33
1369 33
1370 28
1371 33
1372 28
1373 35
1374 35
1375 35
1376 35
1377 35
1378 35
1379 35
1380 35
1381 15
1382 23
1383 23
1384 23
1385 23
1386 23
1387 23
1388 23
1389 23
1390 27
1391 23
1392 23
1393 23
1394 33
1395 23
1396 18
1397 27
1398 27
1399 27
1400 27
1401 28
1402 27
1403 25
1404 15
1405 15
1406 15
1407 11
1408 11
1409 11
1410 11
1411 11
1412 11
1413 11
1414 11
1415 14
1416 14
1417 14
1418 14
1419 14
1420 14
1421 14
1422 33
1423 25
1424 33
1425 25
1426 25
1427 25
1428 25
1429 25
1430 25
1431 25
1432 11
1433 11
1434 11
1435 11
1436 11
1437 11
1438 11
1439 29
1440 33
1441 29
1442 33
1443 24
1444 30
1445 30
1446 29
1447 29
1448 3
1449 38
1450 38
1451 38
1452 38
1453 38
1454 30
1455 38
1456 38
1457 38
1458 38
1459 38
1460 3
1461 3
1462 3
1463 3
1464 4
1465 3
1466 3
1467 3
1468 3
1469 3
1470 3
1471 3
1472 3
1473 3
1474 36
1475 36
1476 36
1477 36
1478 36
1479 36
1480 43
1481 43
1482 43
1483 43
1484 44
1485 43
1486 43
1487 43
1488 43
1489 32
1490 32
1491 27
1492 27
1493 27
1494 27
1495 27
1496 27
1497 27
1498 27
1499 27
1500 27
1501 27
1502 27
1503 24
1504 27
1505 27
1506 27
1507 27
1508 27
1509 26
1510 27
1511 23
1512 23
1513 23
1514 23
1515 43
1516 43
1517 43
1518 43
1519 43
1520 43
1521 44
1522 43
1523 43
1524 44
1525 6
1526 6
1527 6
1528 6
1529 6
1530 6
1531 6
1532 6
1533 9
1534 6
1535 6
1536 6
1537 7
1538 6
1539 6
1540 34
1541 6
1542 6
1543 6
1544 6
1545 6
1546 6
1547 6
1548 6
1549 6
1550 6
1551 6
1552 6
1553 34
1554 6
1555 6
1556 6
1557 13
1558 13
1559 39
1560 13
1561 17
1562 5
1563 10
1564 10
1565 10
1566 10
1567 10
1568 8
1569 11
1570 11
1571 11
1572 19
1573 19
1574 19
1575 19
1576 43
1577 40
1578 40
1579 40
1580 40
1581 40
1582 38
1583 41
1584 41
1585 41
1586 41
1587 37
1588 37
1589 38
1590 37
1591 38
1592 42
1593 43
1594 40
1595 40
1596 40
1597 40
1598 9
1599 38
1600 38
1601 38
1602 38
1603 38
1604 38
1605 38
1606 38
1607 38
1608 38
1609 38
1610 38
1611 36
1612 38
1613 38
1614 38
1615 38
1616 38
1617 38
1618 40
1619 40
1620 12
1621 34
1622 39
1623 2
1624 2
1625 2
1626 2
1627 32
1628 32
1629 32
1630 32
1631 32
1632 32
1633 37
1634 37
1635 42
1636 42
1637 42
1638 42
1639 42
1640 42
1641 42
1642 42
1643 39
1644 39
1645 2
1646 2
1647 15
1648 15
1649 15
1650 15
1651 15
1652 14
1653 15
1654 15
1655 15
1656 15
1657 15
1658 15
1659 15
1660 15
1661 41
1662 40
1663 40
1664 41
1665 40
1666 34
1667 33
1668 8
1669 34
1670 34
1671 34
1672 13
1673 33
1674 42
1675 44
1676 21
1677 44
1678 44
1679 42
1680 44
1681 44
1682 44
1683 44
1684 44
1685 40
1686 15
1687 15
1688 6
1689 9
1690 34
1691 34
1692 28
1693 34
1694 32
1695 34
1696 34
1697 34
1698 15
1699 15
1700 16
1701 40
1702 40
1703 41
1704 41
1705 12
1706 12
1707 12
1708 12
1709 12
1710 26
1711 28
1712 13
1713 13
1714 13
1715 13
1716 36
1717 36
1718 42
1719 42
1720 42
1721 42
1722 42
1723 42
1724 42
1725 42
1726 42
1727 15
1728 15
1729 27
1730 5
1731 5
1732 5
1733 5
1734 5
1735 5
1736 5
1737 5
1738 5
1739 5
1740 5
1741 5
1742 5
1743 5
1744 5
1745 4
1746 4
1747 4
1748 8
1749 8
1750 8
1751 4
1752 4
1753 4
1754 4
1755 4
1756 14
1757 11
1758 14
1759 36
1760 5
1761 14
1762 14
1763 11
1764 14
1765 14
1766 43
1767 43
1768 31
1769 33
1770 6
1771 11
1772 6
1773 6
1774 6
1775 6
1776 6
1777 42
1778 42
1779 42
1780 19
1781 19
1782 19
1783 14
1784 19
1785 19
1786 19
1787 19
1788 19
1789 19
1790 19
1791 39
1792 19
1793 7
1794 7
1795 7
1796 7
1797 7
1798 7
1799 7
1800 6
1801 7
1802 7
1803 6
1804 6
1805 6
1806 6
1807 6
1808 12
1809 10
1810 10
1811 10
1812 10
1813 10
1814 44
1815 40
1816 40
1817 40
1818 40
1819 8
1820 8
1821 8
1822 8
1823 8
1824 8
1825 8
1826 33
1827 33
1828 33
1829 33
1830 6
1831 6
1832 6
1833 6
1834 6
1835 6
1836 6
1837 39
1838 39
1839 30
1840 32
1841 30
1842 30
1843 30
1844 32
1845 32
1846 30
1847 30
1848 30
1849 34
1850 11
1851 24
1852 11
1853 11
1854 5
1855 24
1856 11
1857 32
1858 41
1859 32
1860 31
1861 31
1862 31
1863 31
1864 2
1865 31
1866 32
1867 32
1868 31
1869 31
1870 31
1871 1
1872 1
1873 1
1874 1
1875 1
1876 1
1877 1
1878 1
1879 1
1880 1
1881 1
1882 1
1883 1
1884 1
1885 1
1886 1
1887 1
1888 1
1889 1
1890 1
1891 1
1892 1
1893 1
1894 1
1895 1
1896 1
1897 1
1898 1
1899 1
1900 1
1901 1
1902 1
1903 1
1904 1
1905 34
1906 41
1907 37
1908 37
1909 22
1910 37
1911 37
1912 39
1913 13
1914 13
1915 13
1916 40
1917 0
1918 11
1919 11
1920 0
1921 0
1922 0
1923 0
1924 6
1925 6
1926 10
1927 10
1928 13
1929 13
1930 3
1931 3
1932 11
1933 3
1934 3
1935 3
1936 19
1937 19
1938 0
1939 0
1940 0
1941 0
1942 0
1943 0
1944 36
1945 36
1946 36
1947 36
1948 36
1949 30
1950 44
1951 44
1952 44
1953 19
1954 6
1955 44
1956 44
1957 44
1958 44
1959 24
1960 36
1961 36
1962 36
1963 36
1964 36
1965 36
1966 43
1967 36
1968 36
1969 36
1970 43
1971 36
1972 36
1973 36
1974 36
1975 36
1976 36
1977 36
1978 36
1979 36
1980 36
1981 36
1982 36
1983 9
1984 9
1985 9
1986 40
1987 40
1988 34
1989 37
1990 27
1991 34
1992 39
1993 34
1994 39
1995 41
1996 41
1997 24
1998 15
1999 15
2000 15
2001 13
2002 6
2003 7
2004 7
2005 3
2006 44
2007 44
2008 44
2009 44
2010 44
2011 44
2012 44
2013 44
2014 44
2015 44
2016 44
2017 23
2018 23
2019 23
2020 23
2021 23
2022 26
2023 26
2024 26
2025 32
2026 26
2027 6
2028 6
2029 6
2030 38
2031 40
2032 38
2033 38
2034 14
2035 11
2036 11
2037 11
2038 29
2039 6
2040 6
2041 6
2042 42
2043 42
2044 19
2045 19
2046 42
2047 43
2048 43
2049 43
2050 43
2051 14
2052 43
2053 43
2054 30
2055 43
2056 43
2057 43
2058 43
2059 35
2060 35
2061 11
2062 11
2063 11
2064 11
2065 11
2066 22
2067 8
2068 22
2069 22
2070 22
2071 34
2072 22
2073 22
2074 10
2075 2
2076 2
2077 31
2078 2
2079 2
2080 2
2081 2
2082 36
2083 36
2084 36
2085 43
2086 36
2087 36
2088 15
2089 17
2090 15
2091 15
2092 15
2093 32
2094 32
2095 0
2096 29
2097 29
2098 29
2099 29
2100 29
2101 29
2102 29
2103 2
2104 2
2105 39
2106 23
2107 23
2108 23
2109 25
2110 25
2111 25
2112 25
2113 28
2114 29
2115 28
2116 29
2117 1
2118 43
2119 1
2120 1
2121 39
2122 39
2123 39
2124 8
2125 8
2126 8
2127 8
2128 8
2129 8
2130 8
2131 14
2132 14
2133 14
2134 0
2135 0
2136 0
2137 0
2138 3
2139 3
2140 4
2141 30
2142 37
2143 41
2144 41
2145 41
2146 41
2147 18
2148 3
2149 19
2150 19
2151 14
2152 19
2153 19
2154 4
2155 4
2156 4
2157 4
2158 4
2159 4
2160 19
2161 19
2162 35
2163 7
2164 7
2165 7
2166 7
2167 7
2168 7
2169 7
2170 6
2171 7
2172 1
2173 6
2174 7
2175 7
2176 36
2177 36
2178 36
2179 36
2180 36
2181 36
2182 36
2183 42
2184 42
2185 3
2186 3
2187 3
2188 17
2189 17
2190 17
2191 30
2192 30
2193 30
2194 30
2195 31
2196 30
2197 30
2198 21
2199 21
2200 3
2201 3
2202 8
2203 27
2204 44
2205 32
2206 44
2207 2
2208 2
2209 32
2210 32
2211 11
2212 11
2213 13
2214 14
2215 14
2216 14
2217 14
2218 9
2219 9
2220 9
2221 39
2222 33
2223 33
2224 33
2225 33
2226 14
2227 10
2228 10
2229 10
2230 10
2231 10
2232 10
2233 32
2234 32
2235 10
2236 10
2237 10
2238 10
2239 27
2240 10
2241 10
2242 10
2243 10
2244 21
2245 21
2246 21
2247 21
2248 21
2249 21
2250 0
2251 35
2252 35
2253 35
2254 35
2255 35
2256 35
2257 34
2258 35
2259 35
2260 35
2261 35
2262 35
2263 16
2264 36
2265 36
2266 34
2267 36
2268 12
2269 36
2270 36
2271 40
2272 40
2273 40
2274 40
2275 40
2276 40
2277 26
2278 27
2279 42
2280 42
2281 42
2282 8
2283 42
2284 23
2285 28
2286 28
2287 31
2288 23
2289 23
2290 23
2291 23
2292 23
2293 23
2294 20
2295 38
2296 38
2297 38
2298 38
2299 39
2300 38
2301 8
2302 8
2303 8
2304 8
2305 8
2306 8
2307 8
2308 8
2309 8
2310 8
2311 8
2312 34
2313 43
2314 43
2315 41
2316 41
2317 41
2318 41
2319 26
2320 26
2321 16
2322 26
2323 26
2324 26
2325 26
2326 28
2327 30
2328 31
2329 30
2330 28
2331 34
2332 34
2333 34
2334 34
2335 34
2336 34
2337 36
2338 23
2339 34
2340 34
2341 34
2342 34
2343 42
2344 21
2345 40
2346 40
2347 40
2348 40
2349 40
2350 40
2351 40
2352 40
2353 40
2354 42
2355 14
2356 14
2357 14
2358 14
2359 14
2360 14
2361 28
2362 34
2363 34
2364 28
2365 34
2366 28
2367 28
2368 28
2369 28
2370 28
2371 28
2372 28
2373 28
2374 28
2375 41
2376 28
2377 29
2378 29
2379 29
2380 29
2381 10
2382 10
2383 10
2384 10
2385 10
2386 19
2387 19
2388 41
2389 41
2390 0
2391 0
2392 0
2393 0
2394 0
2395 0
2396 0
2397 0
2398 8
2399 8
2400 8
2401 8
2402 8
2403 15
2404 15
2405 15
2406 15
2407 15
2408 20
2409 21
2410 20
2411 21
2412 21
2413 23
2414 20
2415 13
2416 39
2417 11
2418 8
2419 11
2420 11
2421 11
2422 11
2423 37
2424 11
2425 21
2426 7
2427 6
2428 9
2429 9
2430 9
2431 9
2432 25
2433 25
2434 5
2435 17
2436 17
2437 18
2438 17
2439 17
2440 17
2441 17
2442 17
2443 17
2444 17
2445 11
2446 17
2447 17
2448 17
2449 18
2450 18
2451 11
2452 17
2453 18
2454 17
2455 17
2456 18
2457 7
2458 7
2459 16
2460 16
2461 16
2462 16
2463 16
2464 16
2465 16
2466 29
2467 16
2468 30
2469 32
2470 32
2471 32
2472 6
2473 25
2474 25
2475 4
2476 30
2477 30
2478 30
2479 30
2480 8
2481 8
2482 8
2483 8
2484 8
2485 8
2486 8
2487 8
2488 8
2489 15
2490 8
2491 8
2492 8
2493 1
2494 0
2495 0
2496 0
2497 0
2498 13
2499 13
2500 17
2501 18
2502 17
2503 17
2504 17
2505 17
2506 17
2507 41
2508 41
2509 41
2510 41
2511 41
2512 41
2513 41
2514 19
2515 19
2516 19
2517 37
2518 2
2519 19
2520 38
2521 38
2522 38
2523 44
2524 40
2525 24
2526 24
2527 24
2528 24
2529 24
2530 24
2531 24
2532 30
2533 30
2534 22
2535 22
2536 22
2537 22
2538 32
2539 22
2540 22
2541 22
2542 22
2543 22
2544 22
2545 22
2546 22
2547 22
2548 22
2549 22
2550 22
2551 22
2552 22
2553 17
2554 17
2555 39
2556 13
2557 38
2558 38
2559 38
2560 38
2561 38
2562 38
2563 38
2564 20
2565 20
2566 20
2567 20
2568 20
2569 9
2570 9
2571 9
2572 9
2573 9
2574 9
2575 9
2576 9
2577 9
2578 9
2579 9
2580 10
2581 10
2582 33
2583 43
2584 43
2585 5
2586 43
2587 27
2588 27
2589 27
2590 27
2591 27
2592 27
2593 27
2594 27
2595 27
2596 37
2597 2
2598 2
2599 37
2600 37
2601 37
2602 39
2603 39
2604 24
2605 13
2606 13
2607 13
2608 13
2609 13
2610 13
2611 24
2612 26
2613 26
2614 26
2615 26
2616 26
2617 38
2618 38
2619 38
2620 38
2621 38
2622 38
2623 41
2624 24
2625 24
2626 21
2627 21
2628 21
2629 21
2630 21
2631 21
2632 21
2633 21
2634 21
2635 21
2636 5
2637 6
2638 5
2639 16
2640 33
2641 43
2642 26
2643 13
2644 26
2645 2
2646 2
2647 3
2648 2
2649 2
2650 2
2651 44
2652 4
2653 39
2654 39
2655 39
2656 10
2657 10
2658 10
2659 10
2660 10
2661 10
2662 10
2663 10
2664 10
2665 10
2666 36
2667 10
2668 10
2669 10
2670 10
2671 27
2672 27
2673 27
2674 27
2675 27
2676 27
2677 28
2678 28
2679 41
2680 41
2681 41
2682 38
2683 41
2684 41
2685 10
2686 10
2687 10
2688 10
2689 10
2690 10
2691 10
2692 10
2693 10
2694 9
2695 9
2696 9
2697 9
2698 9
2699 9
2700 9
2701 9
2702 9
2703 9
2704 33
2705 33
2706 33
2707 33
2708 33
2709 33
2710 33
2711 44
2712 44
2713 44
2714 44
2715 44
2716 44
2717 44
2718 13
2719 13
2720 13
2721 30
2722 31
2723 31
2724 31
2725 31
2726 31
2727 31
2728 32
2729 32
2730 32
2731 32
2732 32
2733 32
2734 32
2735 32
2736 32
2737 28
2738 28
2739 28
2740 28
2741 28
2742 28
2743 28
2744 28
2745 28
2746 28
2747 19
2748 44
2749 44
2750 44
2751 44
2752 44
2753 44
2754 44
2755 44
2756 36
2757 2
2758 2
2759 30
2760 30
2761 30
2762 30
2763 30
2764 32
2765 42
2766 32
2767 25
2768 25
2769 19
2770 17
2771 19
2772 5
2773 19
2774 17
2775 5
2776 24
2777 18
2778 18
2779 18
2780 18
2781 5
2782 5
2783 12
2784 43
2785 44
2786 30
2787 30
2788 36
2789 36
2790 36
2791 36
2792 36
2793 11
2794 25
2795 7
2796 7
2797 7
2798 7
2799 7
2800 7
2801 21
2802 21
2803 16
2804 21
2805 21
2806 13
2807 42
2808 8
2809 3
2810 3
2811 3
2812 3
2813 10
2814 10
2815 10
2816 10
2817 10
2818 10
2819 10
2820 27
2821 8
2822 8
2823 17
2824 31
2825 31
2826 31
2827 10
2828 10
2829 25
2830 25
2831 25
2832 25
2833 25
2834 25
2835 25
2836 25
2837 2
2838 38
2839 2
2840 9
2841 9
2842 9
2843 7
2844 7
2845 0
2846 0
2847 21
2848 19
2849 30
2850 30
2851 30
2852 30
2853 11
2854 11
2855 11
2856 11
2857 11
2858 11
2859 11
2860 41
2861 41
2862 41
2863 4
2864 19
2865 19
2866 19
2867 19
2868 29
2869 33
2870 42
2871 33
2872 33
2873 33
2874 33
2875 33
2876 33
2877 33
2878 33
2879 36
2880 42
2881 28
2882 33
2883 33
2884 6
2885 6
2886 42
2887 31
2888 31
2889 14
2890 17
2891 14
2892 14
2893 14
2894 14
2895 14
2896 14
2897 0
2898 0
2899 16
2900 21
2901 20
2902 18
2903 22
2904 22
2905 22
2906 22
2907 42
2908 26
2909 26
2910 26
2911 26
2912 37
2913 38
2914 43
2915 13
2916 37
2917 37
2918 41
2919 22
2920 23
2921 4
2922 23
2923 23
2924 23
2925 23
2926 4
2927 4
2928 21
2929 21
2930 21
2931 21
2932 1
2933 1
2934 20
2935 28
2936 28
2937 28
2938 27
2939 27
2940 27
2941 27
2942 27
2943 27
2944 27
2945 31
2946 27
2947 27
2948 27
2949 27
2950 14
2951 14
2952 34
2953 5
2954 5
2955 5
2956 5
2957 5
2958 5
2959 5
2960 5
2961 5
2962 5
2963 36
2964 36
2965 36
2966 29
2967 29
2968 11
2969 29
2970 29
2971 21
2972 21
2973 21
2974 21
2975 21
2976 21
2977 21
2978 21
2979 21
2980 12
2981 37
2982 37
2983 37
2984 37
2985 37
2986 37
2987 37
2988 34
2989 34
2990 25
2991 25
2992 25
2993 25
2994 37
2995 37
2996 37
2997 37
2998 21
2999 33
3000 33
3001 33
3002 33
3003 33
3004 3
3005 3
3006 21
3007 21
3008 21
3009 21
3010 21
3011 35
3012 3
3013 3
3014 3
3015 3
3016 3
3017 3
3018 3
3019 3
3020 42
3021 42
3022 42
3023 42
3024 42
3025 42
3026 42
3027 42
3028 42
3029 42
3030 18
3031 8
3032 8
3033 8
3034 42
3035 31
3036 4
3037 4
3038 4
3039 4
3040 4
3041 34
3042 4
3043 4
3044 4
3045 4
3046 4
3047 0
3048 0
3049 0
3050 38
3051 38
3052 38
3053 38
3054 9
3055 9
3056 9
3057 9
3058 9
3059 9
3060 9
3061 27
3062 0
3063 36
3064 36
3065 36
3066 28
3067 28
3068 31
3069 31
3070 31
3071 13
3072 9
3073 9
3074 9
3075 9
3076 9
3077 16
3078 16
3079 16
3080 16
3081 16
3082 37
3083 37
3084 33
3085 27
3086 27
3087 27
3088 27
3089 32
3090 32
3091 27
3092 27
3093 27
3094 26
3095 27
3096 27
3097 27
3098 8
3099 31
3100 15
3101 15
3102 24
3103 34
3104 6
3105 38
3106 38
3107 8
3108 8
3109 34
3110 34
3111 34
3112 11
3113 11
3114 11
3115 11
3116 5
3117 5
3118 5
3119 3
3120 4
3121 28
3122 3
3123 3
3124 7
3125 7
3126 7
3127 7
3128 41
3129 12
3130 12
3131 8
3132 8
3133 31
3134 7
3135 7
3136 7
3137 7
3138 7
3139 6
3140 7
3141 6
3142 6
3143 26
3144 26
3145 26
3146 26
3147 26
3148 26
3149 26
3150 26
3151 26
3152 26
3153 0
3154 12
3155 12
3156 19
3157 19
3158 4
3159 27
3160 27
3161 27
3162 27
3163 40
3164 17
3165 17
3166 17
3167 17
3168 17
3169 30
3170 10
3171 10
3172 10
3173 28
3174 28
3175 4
3176 4
3177 24
3178 24
3179 24
3180 25
3181 19
3182 16
3183 28
3184 28
3185 28
3186 28
3187 28
3188 28
3189 28
3190 39
3191 39
3192 39
3193 15
3194 15
3195 27
3196 27
3197 27
3198 27
3199 27
3200 29
3201 29
3202 12
3203 12
3204 5
3205 5
3206 5
3207 5
3208 5
3209 34
3210 34
3211 34
3212 31
3213 31
3214 31
3215 31
3216 34
3217 34
3218 34
3219 34
3220 34
3221 26
3222 26
3223 26
3224 26
3225 26
3226 26
3227 26
3228 26
3229 26
3230 15
3231 15
3232 15
3233 15
3234 28
3235 22
3236 28
3237 28
3238 23
3239 28
3240 28
3241 28
3242 23
3243 23
3244 15
3245 42
3246 42
3247 42
3248 33
3249 42
3250 26
3251 32
3252 32
3253 32
3254 32
3255 32
3256 32
3257 32
3258 32
3259 32
3260 32
3261 32
3262 32
3263 32
3264 32
3265 30
3266 29
3267 35
3268 29
3269 29
3270 11
3271 29
3272 11
3273 32
3274 39
3275 39
3276 39
3277 39
3278 39
3279 39
3280 39
3281 39
3282 23
3283 23
3284 24
3285 23
3286 23
3287 23
3288 23
3289 23
3290 23
3291 14
3292 7
3293 7
3294 7
3295 7
3296 19
3297 19
3298 19
3299 19
3300 19
3301 19
3302 43
3303 43
3304 43
3305 43
3306 43
3307 43
3308 43
3309 43
3310 43
3311 43
3312 43
3313 43
3314 43
3315 43
3316 43
3317 43
3318 26
3319 26
3320 26
3321 13
3322 6
3323 6
3324 32
3325 9
3326 9
3327 30
3328 30
3329 30
3330 30
3331 9
3332 42
3333 40
3334 30
3335 40
3336 30
3337 42
3338 1
3339 1
3340 1
3341 1
3342 3
3343 22
3344 22
3345 22
3346 22
3347 22
3348 22
3349 22
3350 22
3351 22
3352 22
3353 22
3354 22
3355 22
3356 22
3357 39
3358 17
3359 1
3360 1
3361 1
3362 1
3363 1
3364 43
3365 43
3366 43
3367 43
3368 43
3369 43
3370 43
3371 43
3372 43
3373 43
3374 20
3375 20
3376 40
3377 24
3378 24
3379 24
3380 24
3381 24
3382 24
3383 24
3384 24
3385 24
3386 33
3387 33
3388 33
3389 32
3390 32
3391 10
3392 10
3393 10
3394 10
3395 10
3396 10
3397 16
3398 16
3399 16
3400 16
3401 16
3402 16
3403 16
3404 16
3405 16
3406 16
3407 16
3408 16
3409 16
3410 7
3411 2
3412 2
3413 32
3414 32
3415 33
3416 33
3417 33
3418 33
3419 33
3420 43
3421 43
3422 35
3423 35
3424 37
3425 37
3426 37
3427 40
3428 40
3429 40
3430 31
3431 10
3432 10
3433 10
3434 20
3435 20
3436 8
3437 18
3438 18
3439 18
3440 14
3441 18
3442 18
3443 16
3444 16
3445 16
3446 16
3447 44
3448 0
3449 36
3450 27
3451 0
3452 39
3453 39
3454 39
3455 22
3456 22
3457 22
3458 22
3459 22
3460 22
3461 22
3462 22
3463 22
3464 22
3465 22
3466 22
3467 22
3468 22
3469 22
3470 22
3471 22
3472 22
3473 22
3474 22
3475 22
3476 22
3477 22
3478 22
3479 22
3480 22
3481 22
3482 22
3483 22
3484 22
3485 22
3486 25
3487 25
3488 25
3489 41
3490 41
3491 5
3492 5
3493 5
3494 5
3495 30
3496 30
3497 30
3498 30
3499 42
3500 24
3501 10
3502 10
3503 10
3504 6
3505 10
3506 10
3507 10
3508 10
3509 36
3510 36
3511 36
3512 36
3513 36
3514 36
3515 36
3516 36
3517 4
3518 4
3519 4
3520 4
3521 4
3522 4
3523 4
3524 4
3525 4
3526 4
3527 4
3528 4
3529 4
3530 4
3531 4
3532 4
3533 4
3534 4
3535 4
3536 4
3537 4
3538 4
3539 4
3540 13
3541 13
3542 13
3543 1
3544 34
3545 34
3546 34
3547 34
3548 18
3549 18
3550 44
3551 37
3552 37
3553 37
3554 35
3555 35
3556 35
3557 33
3558 33
3559 17
3560 3
3561 3
3562 3
3563 3
3564 18
3565 18
3566 18
3567 18
3568 18
3569 32
3570 32
3571 32
3572 39
3573 39
3574 39
3575 32
3576 32
3577 32
3578 32
3579 32
3580 32
3581 32
3582 32
3583 32
3584 32
3585 32
3586 32
3587 43
3588 18
3589 31
3590 16
3591 16
3592 27
3593 13
3594 20
3595 20
3596 14
3597 9
3598 29
3599 19
3600 19
3601 21
3602 21
3603 24
3604 10
3605 24
3606 24
3607 24
3608 24
3609 24
3610 31
3611 40
3612 40
3613 15
3614 15
3615 15
3616 15
3617 8
3618 8
3619 23
3620 23
3621 8
3622 8
3623 8
3624 43
3625 43
3626 43
3627 43
3628 43
3629 43
3630 24
3631 24
3632 24
3633 24
3634 24
3635 24
3636 24
3637 24
3638 8
3639 8
3640 34
3641 34
3642 34
3643 23
3644 23
3645 23
3646 23
3647 23
3648 23
3649 23
3650 23
3651 23
3652 23
3653 32
3654 32
3655 32
3656 6
3657 28
3658 5
3659 5
3660 5
3661 5
3662 5
3663 5
3664 5
3665 5
3666 5
3667 5
3668 5
3669 5
3670 5
3671 5
3672 5
3673 5
3674 5
3675 5
3676 5
3677 5
3678 5
3679 5
3680 5
3681 5
3682 5
3683 5
3684 5
3685 5
3686 5
3687 5
3688 5
3689 5
3690 5
3691 5
3692 9
3693 9
3694 9
3695 36
3696 23
3697 27
3698 2
3699 2
3700 2
3701 2
3702 7
3703 15
3704 8
3705 8
3706 8
3707 9
3708 14
3709 14
3710 30
3711 30
3712 30
3713 28
3714 28
3715 29
3716 29
3717 29
3718 29
3719 29
3720 33
3721 27
3722 27
3723 27
3724 27
3725 36
3726 30
3727 30
3728 30
3729 42
3730 12
3731 12
3732 32
3733 9
3734 23
3735 23
3736 23
3737 23
3738 2
3739 4
3740 4
3741 4
3742 4
3743 4
3744 1
3745 1
3746 1
3747 1
3748 1
3749 1
3750 1
3751 1
3752 1
3753 1
3754 1
3755 1
3756 8
3757 8
3758 5
3759 5
3760 5
3761 8
3762 31
3763 33
3764 33
3765 20
3766 20
3767 20
3768 11
3769 11
3770 11
3771 11
3772 40
3773 39
3774 39
3775 24
3776 24
3777 24
3778 24
3779 24
3780 23
3781 17
3782 5
3783 5
3784 29
3785 29
3786 29
3787 29
3788 29
3789 38
3790 38
3791 38
3792 9
3793 9
3794 32
3795 32
3796 32
3797 23
3798 23
3799 23
3800 29
3801 29
3802 29
3803 15
3804 22
3805 22
3806 16
3807 36
3808 39
3809 24
3810 24
3811 24
3812 24
3813 24
3814 24
3815 14
3816 25
3817 12
3818 42
3819 12
3820 12
3821 12
3822 12
3823 12
3824 12
3825 12
3826 12
3827 30
3828 30
3829 15
3830 15
3831 5
3832 5
3833 10
3834 34
3835 34
3836 36
3837 8
3838 8
3839 28
3840 9
3841 9
3842 9
3843 9
3844 9
3845 7
3846 8
3847 8
3848 8
3849 22
3850 8
3851 8
3852 28
3853 30
3854 14
3855 2
3856 29
3857 29
3858 29
3859 33
3860 33
3861 33
3862 33
3863 37
3864 37
3865 37
3866 36
3867 4
3868 4
3869 4
3870 4
3871 4
3872 4
3873 35
3874 37
3875 37
3876 37
3877 37
3878 37
3879 37
3880 37
3881 37
3882 37
3883 37
3884 19
3885 24
3886 24
3887 24
3888 24
3889 24
3890 2
3891 27
3892 27
3893 31
3894 21
3895 21
3896 21
3897 21
3898 21
3899 31
3900 30
3901 30
3902 30
3903 30
3904 30
3905 30
3906 30
3907 30
3908 1
3909 1
3910 1
3911 1
3912 9
3913 9
3914 44
3915 44
3916 38
3917 38
3918 38
3919 38
3920 38
3921 38
3922 38
3923 38
3924 38
3925 2
3926 2
3927 2
3928 11
3929 11
3930 11
3931 11
3932 11
3933 31
3934 26
3935 26
3936 26
3937 44
3938 44
3939 44
3940 44
3941 21
3942 21
3943 21
3944 8
3945 3
3946 40
3947 11
3948 11
3949 11
3950 27
3951 20
3952 36
3953 15
3954 15
3955 24
3956 40
3957 40
3958 40
3959 40
3960 40
3961 2
3962 2
3963 29
3964 28
3965 32
3966 6
3967 24
3968 9
3969 9
3970 9
3971 9
3972 12
3973 12
3974 12
3975 12
3976 12
3977 12
3978 12
3979 12
3980 12
3981 12
3982 12
3983 12
3984 12
3985 12
3986 12
3987 25
3988 14
3989 14
3990 14
3991 44
3992 24
3993 24
3994 24
3995 15
3996 21
3997 21
3998 42
3999 42
4000 42
4001 1
4002 1
4003 1
4004 27
4005 29
4006 29
4007 23
4008 23
4009 23
4010 23
4011 23
4012 39
4013 17
4014 15
4015 44
4016 43
4017 9
4018 24
4019 40
4020 40
4021 40
4022 21
4023 19
4024 19
4025 19
4026 40
4027 44
4028 29
4029 29
4030 29
4031 24
4032 24
4033 24
4034 8
4035 41
4036 41
4037 21
4038 21
4039 39
4040 39
4041 39
4042 39
4043 39
4044 27
4045 27
4046 37
4047 37
4048 43
4049 44
4050 44
4051 4
4052 29
4053 39
4054 39
4055 14
4056 14
4057 14
4058 35
4059 41
4060 41
4061 41
4062 27
4063 22
4064 22
4065 41
4066 32
4067 44
4068 32
4069 43
4070 16
4071 16
4072 16
4073 16
4074 16
4075 16
4076 16
4077 16
4078 16
4079 16
4080 16
4081 16
4082 16
4083 16
4084 16
4085 42
4086 42
4087 0
4088 0
4089 10
4090 36
4091 36
4092 12
4093 12
4094 12
4095 25
4096 2
4097 2
4098 2
4099 3
4100 30
4101 30
4102 40
4103 2
4104 2
4105 2
4106 2
4107 2
4108 21
4109 9
4110 19
4111 19
4112 19
4113 37
4114 30
4115 13
4116 43
4117 43
4118 6
4119 7
4120 7
4121 7
4122 7
4123 7
4124 7
4125 7
4126 7
4127 3
4128 3
4129 22
4130 22
4131 22
4132 22
4133 22
4134 22
4135 19
4136 30
4137 23
4138 30
4139 3
4140 3
4141 40
4142 40
4143 40
4144 16
4145 5
4146 5
4147 5
4148 15
4149 15
4150 35
4151 32
4152 2
4153 44
4154 2
4155 30
4156 11
4157 37
