0 2
1 2
2 2
3 2
4 0
5 2
6 2
7 2
8 2
9 0
10 6
11 0
12 0
13 8
14 0
15 6
16 4
17 0
18 0
19 5
20 4
21 4
22 4
23 4
24 8
25 3
26 4
27 0
28 4
29 8
30 4
31 0
32 4
33 2
34 0
35 0
36 8
37 0
38 4
39 4
40 4
41 4
42 2
43 7
44 8
45 5
46 4
47 4
48 3
49 4
50 9
51 0
52 0
53 5
54 0
55 0
56 0
57 1
58 0
59 0
60 0
61 0
62 0
63 0
64 0
65 0
66 9
67 4
68 4
69 4
70 4
71 4
72 3
73 3
74 4
75 4
76 4
77 3
78 4
79 4
80 4
81 3
82 4
83 4
84 4
85 4
86 4
87 4
88 4
89 4
90 4
91 3
92 3
93 3
94 3
95 3
96 4
97 3
98 4
99 4
100 3
101 3
102 3
103 3
104 3
105 4
106 1
107 1
108 1
109 4
110 1
111 0
112 0
113 1
114 1
115 1
116 0
117 1
118 1
119 1
120 0
121 4
122 0
123 1
124 1
125 1
126 6
127 2
128 1
129 1
130 1
131 1
132 1
133 6
134 1
135 1
136 1
137 0
138 7
139 1
140 1
141 1
142 1
143 0
144 0
145 0
146 0
147 0
148 0
149 0
150 0
151 0
152 3
153 0
154 3
155 0
156 0
157 3
158 3
159 0
160 0
161 0
162 0
163 8
164 3
165 4
166 4
167 4
168 4
169 4
170 4
171 4
172 4
173 4
174 3
175 4
176 4
177 4
178 4
179 9
180 3
181 4
182 4
183 4
184 6
185 6
186 6
187 6
188 6
189 9
190 9
191 6
192 6
193 6
194 6
195 6
196 6
197 6
198 6
199 6
200 6
201 6
202 6
203 9
204 6
205 9
206 6
207 6
208 6
209 0
210 5
211 0
212 6
213 9
214 6
215 6
216 6
217 6
218 6
219 8
220 0
221 6
222 8
223 8
224 4
225 5
226 8
227 8
228 8
229 5
230 5
231 5
232 5
233 5
234 5
235 5
236 5
237 5
238 3
239 3
240 3
241 3
242 4
243 4
244 4
245 3
246 3
247 3
248 3
249 3
250 4
251 3
252 3
253 3
254 4
255 3
256 3
257 3
258 3
259 3
260 3
261 3
262 3
263 3
264 3
265 3
266 3
267 3
268 3
269 3
270 3
271 3
272 3
273 3
274 3
275 3
276 3
277 3
278 3
279 2
280 3
281 3
282 3
283 3
284 3
285 8
286 3
287 3
288 3
289 3
290 3
291 3
292 3
293 3
294 3
295 3
296 6
297 3
298 3
299 3
300 3
301 3
302 3
303 3
304 4
305 3
306 3
307 3
308 4
309 3
310 3
311 3
312 3
313 4
314 3
315 3
316 5
317 3
318 5
319 5
320 5
321 3
322 3
323 4
324 3
325 4
326 3
327 3
328 3
329 0
330 3
331 1
332 4
333 4
334 4
335 4
336 4
337 4
338 4
339 3
340 4
341 3
342 4
343 6
344 5
345 4
346 4
347 8
348 8
349 8
350 8
351 8
352 8
353 8
354 8
355 8
356 8
357 8
358 8
359 8
360 8
361 8
362 8
363 6
364 8
365 8
366 9
367 8
368 9
369 9
370 5
371 7
372 9
373 1
374 5
375 0
376 4
377 4
378 3
379 4
380 4
381 4
382 5
383 5
384 5
385 0
386 5
387 5
388 6
389 5
390 6
391 6
392 6
393 6
394 6
395 6
396 1
397 6
398 1
399 6
400 5
401 6
402 6
403 6
404 5
405 5
406 5
407 5
408 5
409 5
410 0
411 5
412 5
413 5
414 1
415 1
416 1
417 1
418 1
419 6
420 1
421 1
422 1
423 6
424 1
425 1
426 6
427 1
428 2
429 1
430 1
431 0
432 0
433 4
434 0
435 0
436 0
437 0
438 0
439 0
440 0
441 0
442 0
443 0
444 7
445 7
446 7
447 7
448 7
449 7
450 7
451 7
452 7
453 7
454 7
455 7
456 7
457 7
458 7
459 7
460 7
461 7
462 7
463 7
464 7
465 7
466 7
467 7
468 7
469 7
470 7
471 7
472 7
473 7
474 7
475 7
476 7
477 7
478 0
479 0
480 0
481 0
482 0
483 0
484 0
485 8
486 4
487 4
488 4
489 3
490 4
491 4
492 4
493 9
494 4
495 3
496 4
497 4
498 6
499 3
500 4
501 4
502 4
503 4
504 0
505 4
506 4
507 3
508 3
509 9
510 8
511 3
512 5
513 3
514 3
515 3
516 3
517 3
518 3
519 3
520 3
521 3
522 3
523 3
524 3
525 3
526 3
527 3
528 3
529 3
530 3
531 3
532 3
533 3
534 3
535 3
536 3
537 3
538 3
539 3
540 3
541 3
542 3
543 3
544 3
545 3
546 3
547 3
548 3
549 3
550 3
551 3
552 3
553 5
554 3
555 3
556 3
557 3
558 3
559 3
560 3
561 1
562 1
563 0
564 0
565 0
566 0
567 0
568 0
569 0
570 0
571 0
572 5
573 1
574 0
575 0
576 6
577 1
578 3
579 0
580 0
581 6
582 6
583 6
584 6
585 6
586 6
587 6
588 2
589 0
590 0
591 0
592 2
593 2
594 2
595 2
596 2
597 2
598 2
599 3
600 2
601 2
602 2
603 2
604 3
605 3
606 3
607 3
608 3
609 3
610 3
611 3
612 3
613 3
614 3
615 4
616 1
617 3
618 3
619 8
620 8
621 8
622 8
623 8
624 8
625 8
626 1
627 8
628 4
629 8
630 8
631 0
632 1
633 0
634 0
635 0
636 0
637 0
638 0
639 0
640 0
641 0
642 0
643 0
644 4
645 0
646 0
647 0
648 0
649 0
650 6
651 0
652 0
653 0
654 0
655 0
656 7
657 9
658 0
659 0
660 9
661 9
662 9
663 3
664 3
665 4
666 0
667 4
668 4
669 0
670 4
671 0
672 3
673 4
674 4
675 2
676 7
677 8
678 2
679 9
680 8
681 8
682 8
683 8
684 8
685 8
686 9
687 8
688 2
689 8
690 2
691 8
692 8
693 0
694 0
695 0
696 0
697 8
698 0
699 0
700 5
701 6
702 0
703 0
704 2
705 0
706 0
707 0
708 7
709 7
710 7
711 7
712 7
713 7
714 7
715 5
716 7
717 7
718 7
719 7
720 9
721 7
722 7
723 7
724 3
725 3
726 3
727 3
728 4
729 3
730 3
731 3
732 3
733 0
734 0
735 3
736 3
737 9
738 7
739 3
740 3
741 9
742 4
743 3
744 3
745 3
746 0
747 0
748 0
749 0
750 0
751 0
752 0
753 0
754 0
755 1
756 1
757 0
758 0
759 0
760 0
761 0
762 5
763 7
764 5
765 7
766 5
767 5
768 5
769 5
770 5
771 5
772 5
773 5
774 5
775 5
776 8
777 8
778 8
779 8
780 8
781 8
782 8
783 1
784 1
785 1
786 1
787 1
788 1
789 1
790 1
791 1
792 3
793 3
794 3
795 6
796 3
797 9
798 9
799 9
800 9
801 9
802 9
803 7
804 9
805 9
806 8
807 8
808 8
809 6
810 8
811 8
812 5
813 5
814 5
815 5
816 5
817 0
818 0
819 0
820 0
821 0
822 0
823 4
824 0
825 0
826 0
827 0
828 2
829 2
830 2
831 2
832 3
833 3
834 4
835 4
836 4
837 4
838 0
839 0
840 4
841 4
842 0
843 0
844 7
845 7
846 7
847 4
848 4
849 4
850 4
851 4
852 4
853 6
854 0
855 0
856 0
857 0
858 5
859 0
860 0
861 4
862 4
863 4
864 5
865 5
866 5
867 5
868 5
869 5
870 5
871 5
872 5
873 5
874 5
875 5
876 5
877 3
878 3
879 3
880 3
881 3
882 3
883 3
884 3
885 3
886 3
887 3
888 6
889 6
890 6
891 0
892 6
893 6
894 6
895 6
896 0
897 8
898 8
899 6
900 7
901 8
902 6
903 8
904 8
905 6
906 8
907 8
908 2
909 6
910 6
911 6
912 6
913 6
914 6
915 6
916 6
917 6
918 6
919 6
920 6
921 6
922 6
923 6
924 6
925 6
926 6
927 5
928 2
929 9
930 5
931 5
932 5
933 5
934 5
935 5
936 5
937 5
938 5
939 5
940 1
941 5
942 5
943 6
944 9
945 9
946 9
947 9
948 9
949 9
950 9
951 9
952 9
953 9
954 9
955 9
956 9
957 9
958 9
959 9
960 9
961 9
962 9
963 9
964 9
965 9
966 9
967 9
968 8
969 9
970 9
971 9
972 9
973 4
974 9
975 9
976 2
977 7
978 4
979 0
980 0
981 0
982 0
983 0
984 0
985 0
986 0
987 0
988 0
989 0
990 0
991 0
992 0
993 0
994 7
995 7
996 0
997 0
998 7
999 0
1000 0
1001 0
1002 0
1003 7
1004 7
1005 7
1006 7
1007 7
1008 7
1009 7
1010 7
1011 8
1012 7
1013 7
1014 9
1015 9
1016 9
1017 1
1018 9
1019 9
1020 9
1021 2
1022 8
1023 9
1024 5
1025 8
1026 9
1027 0
1028 0
1029 0
1030 0
1031 0
1032 0
1033 0
1034 2
1035 0
1036 0
1037 2
1038 0
1039 0
1040 0
1041 2
1042 6
1043 7
1044 6
1045 9
1046 7
1047 6
1048 0
1049 0
1050 0
1051 2
1052 4
1053 2
1054 2
1055 4
1056 2
1057 2
1058 4
1059 2
1060 2
1061 2
1062 2
1063 2
1064 0
1065 4
1066 2
1067 8
1068 2
1069 4
1070 4
1071 4
1072 4
1073 4
1074 8
1075 8
1076 8
1077 8
1078 8
1079 8
1080 8
1081 8
1082 8
1083 8
1084 8
1085 8
1086 0
1087 0
1088 2
1089 2
1090 2
1091 2
1092 2
1093 2
1094 2
1095 2
1096 0
1097 2
1098 2
1099 2
1100 4
1101 4
1102 1
1103 1
1104 1
1105 1
1106 1
1107 1
1108 1
1109 1
1110 1
1111 1
1112 1
1113 1
1114 1
1115 1
1116 1
1117 1
1118 1
1119 1
1120 2
1121 9
1122 9
1123 0
1124 0
1125 0
1126 0
1127 0
1128 0
1129 5
1130 0
1131 0
1132 0
1133 1
1134 1
1135 1
1136 1
1137 1
1138 1
1139 1
1140 1
1141 1
1142 1
1143 1
1144 1
1145 1
1146 1
1147 1
1148 1
1149 1
1150 1
1151 1
1152 1
1153 0
1154 1
1155 1
1156 7
1157 7
1158 7
1159 8
1160 7
1161 7
1162 7
1163 7
1164 7
1165 3
1166 5
1167 6
1168 7
1169 7
1170 7
1171 7
1172 7
1173 7
1174 7
1175 7
1176 7
1177 4
1178 0
1179 0
1180 0
1181 0
1182 0
1183 0
1184 0
1185 0
1186 9
1187 9
1188 9
1189 9
1190 9
1191 9
1192 6
1193 6
1194 6
1195 6
1196 6
1197 6
1198 6
1199 6
1200 6
1201 6
1202 6
1203 8
1204 8
1205 8
1206 8
1207 8
1208 2
1209 8
1210 8
1211 8
1212 8
1213 8
1214 8
1215 8
1216 8
1217 2
1218 2
1219 2
1220 4
1221 2
1222 2
1223 2
1224 2
1225 2
1226 2
1227 2
1228 2
1229 0
1230 0
1231 0
1232 9
1233 0
1234 0
1235 0
1236 6
1237 6
1238 8
1239 8
1240 8
1241 8
1242 8
1243 8
1244 8
1245 8
1246 8
1247 8
1248 8
1249 8
1250 8
1251 8
1252 8
1253 8
1254 8
1255 8
1256 8
1257 8
1258 8
1259 8
1260 8
1261 8
1262 8
1263 8
1264 8
1265 8
1266 8
1267 8
1268 8
1269 8
1270 8
1271 8
1272 8
1273 8
1274 8
1275 8
1276 8
1277 8
1278 8
1279 0
1280 0
1281 0
1282 7
1283 7
1284 7
1285 7
1286 7
1287 8
1288 9
1289 8
1290 8
1291 8
1292 8
1293 8
1294 8
1295 8
1296 8
1297 8
1298 2
1299 2
1300 2
1301 2
1302 2
1303 2
1304 2
1305 2
1306 2
1307 2
1308 2
1309 2
1310 2
1311 2
1312 2
1313 2
1314 2
1315 2
1316 2
1317 2
1318 2
1319 2
1320 2
1321 2
1322 2
1323 2
1324 8
1325 8
1326 8
1327 8
1328 8
1329 8
1330 5
1331 5
1332 6
1333 6
1334 3
1335 0
1336 6
1337 6
1338 0
1339 6
1340 6
1341 5
1342 9
1343 2
1344 5
1345 4
1346 4
1347 4
1348 4
1349 4
1350 4
1351 4
1352 4
1353 4
1354 4
1355 4
1356 4
1357 0
1358 0
1359 4
1360 4
1361 4
1362 4
1363 4
1364 4
1365 4
1366 4
1367 9
1368 8
1369 8
1370 8
1371 8
1372 8
1373 8
1374 8
1375 8
1376 8
1377 8
1378 1
1379 1
1380 8
1381 4
1382 8
1383 8
1384 8
1385 8
1386 8
1387 8
1388 8
1389 8
1390 1
1391 8
1392 8
1393 8
1394 8
1395 8
1396 3
1397 8
1398 1
1399 9
1400 8
1401 8
1402 9
1403 3
1404 4
1405 4
1406 4
1407 4
1408 4
1409 4
1410 4
1411 4
1412 4
1413 4
1414 4
1415 2
1416 2
1417 2
1418 2
1419 2
1420 2
1421 2
1422 6
1423 9
1424 6
1425 9
1426 9
1427 9
1428 9
1429 9
1430 9
1431 9
1432 2
1433 2
1434 2
1435 2
1436 2
1437 2
1438 2
1439 8
1440 8
1441 8
1442 8
1443 7
1444 8
1445 9
1446 8
1447 8
1448 7
1449 9
1450 9
1451 9
1452 9
1453 9
1454 9
1455 9
1456 9
1457 9
1458 9
1459 9
1460 7
1461 7
1462 7
1463 7
1464 7
1465 7
1466 7
1467 7
1468 7
1469 7
1470 7
1471 7
1472 7
1473 7
1474 9
1475 9
1476 9
1477 9
1478 7
1479 9
1480 6
1481 6
1482 6
1483 6
1484 9
1485 6
1486 6
1487 6
1488 6
1489 9
1490 9
1491 1
1492 1
1493 1
1494 1
1495 1
1496 1
1497 1
1498 1
1499 1
1500 1
1501 1
1502 1
1503 1
1504 1
1505 1
1506 1
1507 1
1508 1
1509 1
1510 1
1511 8
1512 8
1513 8
1514 8
1515 5
1516 5
1517 5
1518 5
1519 5
1520 5
1521 9
1522 5
1523 5
1524 9
1525 5
1526 5
1527 3
1528 5
1529 5
1530 5
1531 5
1532 5
1533 2
1534 5
1535 5
1536 5
1537 5
1538 5
1539 5
1540 5
1541 5
1542 5
1543 5
1544 5
1545 5
1546 5
1547 5
1548 5
1549 5
1550 5
1551 5
1552 5
1553 8
1554 5
1555 5
1556 5
1557 0
1558 4
1559 0
1560 0
1561 3
1562 3
1563 7
1564 7
1565 7
1566 7
1567 7
1568 2
1569 4
1570 4
1571 4
1572 1
1573 1
1574 1
1575 1
1576 6
1577 1
1578 1
1579 1
1580 1
1581 1
1582 1
1583 6
1584 6
1585 6
1586 6
1587 6
1588 6
1589 6
1590 6
1591 6
1592 6
1593 6
1594 6
1595 6
1596 6
1597 6
1598 6
1599 6
1600 6
1601 6
1602 6
1603 6
1604 6
1605 6
1606 6
1607 6
1608 6
1609 6
1610 6
1611 7
1612 6
1613 6
1614 6
1615 6
1616 6
1617 6
1618 6
1619 6
1620 2
1621 2
1622 6
1623 0
1624 0
1625 0
1626 0
1627 9
1628 9
1629 9
1630 9
1631 9
1632 9
1633 8
1634 8
1635 6
1636 6
1637 6
1638 6
1639 6
1640 6
1641 6
1642 6
1643 0
1644 0
1645 0
1646 0
1647 4
1648 4
1649 4
1650 4
1651 4
1652 4
1653 4
1654 4
1655 4
1656 4
1657 4
1658 4
1659 4
1660 4
1661 6
1662 6
1663 6
1664 6
1665 6
1666 0
1667 7
1668 2
1669 0
1670 8
1671 8
1672 0
1673 0
1674 6
1675 5
1676 4
1677 5
1678 5
1679 6
1680 5
1681 5
1682 5
1683 5
1684 5
1685 6
1686 3
1687 3
1688 5
1689 2
1690 9
1691 9
1692 8
1693 5
1694 9
1695 9
1696 9
1697 9
1698 3
1699 3
1700 3
1701 1
1702 1
1703 0
1704 0
1705 6
1706 6
1707 6
1708 6
1709 6
1710 0
1711 8
1712 1
1713 1
1714 1
1715 1
1716 9
1717 9
1718 6
1719 6
1720 6
1721 6
1722 6
1723 6
1724 6
1725 6
1726 6
1727 4
1728 4
1729 1
1730 5
1731 3
1732 5
1733 5
1734 5
1735 5
1736 5
1737 5
1738 5
1739 5
1740 5
1741 5
1742 5
1743 5
1744 5
1745 2
1746 2
1747 7
1748 2
1749 2
1750 2
1751 2
1752 2
1753 2
1754 8
1755 7
1756 4
1757 4
1758 4
1759 7
1760 4
1761 4
1762 4
1763 5
1764 4
1765 4
1766 4
1767 4
1768 1
1769 8
1770 5
1771 4
1772 5
1773 5
1774 5
1775 5
1776 5
1777 6
1778 6
1779 6
1780 1
1781 1
1782 1
1783 4
1784 1
1785 1
1786 1
1787 1
1788 1
1789 1
1790 1
1791 1
1792 1
1793 5
1794 5
1795 5
1796 5
1797 5
1798 5
1799 5
1800 5
1801 5
1802 5
1803 5
1804 5
1805 5
1806 5
1807 5
1808 2
1809 5
1810 5
1811 5
1812 5
1813 5
1814 5
1815 5
1816 5
1817 5
1818 5
1819 5
1820 5
1821 5
1822 5
1823 5
1824 5
1825 5
1826 8
1827 8
1828 8
1829 8
1830 5
1831 5
1832 5
1833 5
1834 5
1835 5
1836 5
1837 0
1838 0
1839 9
1840 9
1841 9
1842 9
1843 9
1844 9
1845 9
1846 9
1847 9
1848 9
1849 9
1850 3
1851 4
1852 3
1853 3
1854 4
1855 4
1856 3
1857 9
1858 8
1859 9
1860 9
1861 9
1862 9
1863 9
1864 8
1865 9
1866 9
1867 9
1868 9
1869 9
1870 9
1871 0
1872 0
1873 0
1874 0
1875 0
1876 0
1877 0
1878 0
1879 0
1880 0
1881 0
1882 0
1883 0
1884 0
1885 0
1886 0
1887 0
1888 0
1889 0
1890 0
1891 0
1892 0
1893 0
1894 0
1895 0
1896 0
1897 0
1898 0
1899 0
1900 0
1901 0
1902 0
1903 0
1904 0
1905 0
1906 0
1907 1
1908 1
1909 5
1910 1
1911 1
1912 5
1913 0
1914 0
1915 0
1916 1
1917 0
1918 2
1919 2
1920 0
1921 0
1922 0
1923 0
1924 5
1925 5
1926 5
1927 5
1928 4
1929 4
1930 7
1931 7
1932 4
1933 7
1934 7
1935 7
1936 4
1937 4
1938 1
1939 1
1940 1
1941 1
1942 1
1943 1
1944 9
1945 9
1946 9
1947 9
1948 9
1949 8
1950 5
1951 5
1952 5
1953 5
1954 5
1955 5
1956 5
1957 5
1958 5
1959 7
1960 7
1961 7
1962 7
1963 7
1964 7
1965 7
1966 7
1967 7
1968 7
1969 7
1970 7
1971 7
1972 7
1973 7
1974 7
1975 7
1976 7
1977 7
1978 7
1979 7
1980 7
1981 7
1982 7
1983 2
1984 2
1985 2
1986 1
1987 1
1988 1
1989 1
1990 1
1991 1
1992 1
1993 1
1994 5
1995 6
1996 6
1997 5
1998 0
1999 0
2000 4
2001 4
2002 5
2003 5
2004 5
2005 7
2006 6
2007 6
2008 6
2009 6
2010 9
2011 6
2012 6
2013 6
2014 6
2015 6
2016 6
2017 8
2018 8
2019 8
2020 8
2021 8
2022 9
2023 9
2024 9
2025 9
2026 9
2027 5
2028 5
2029 5
2030 1
2031 6
2032 9
2033 1
2034 4
2035 2
2036 2
2037 2
2038 8
2039 5
2040 5
2041 5
2042 6
2043 6
2044 6
2045 6
2046 6
2047 5
2048 5
2049 5
2050 5
2051 5
2052 5
2053 5
2054 5
2055 5
2056 5
2057 5
2058 5
2059 8
2060 8
2061 2
2062 2
2063 2
2064 2
2065 2
2066 5
2067 5
2068 5
2069 5
2070 5
2071 7
2072 5
2073 9
2074 7
2075 0
2076 8
2077 9
2078 3
2079 0
2080 0
2081 0
2082 9
2083 9
2084 9
2085 9
2086 9
2087 9
2088 3
2089 3
2090 3
2091 3
2092 3
2093 9
2094 9
2095 9
2096 8
2097 8
2098 8
2099 8
2100 8
2101 8
2102 8
2103 0
2104 0
2105 0
2106 2
2107 2
2108 2
2109 0
2110 0
2111 0
2112 0
2113 8
2114 8
2115 8
2116 8
2117 0
2118 5
2119 0
2120 0
2121 0
2122 0
2123 0
2124 5
2125 5
2126 5
2127 5
2128 5
2129 5
2130 5
2131 0
2132 0
2133 0
2134 0
2135 0
2136 0
2137 0
2138 7
2139 7
2140 7
2141 9
2142 1
2143 0
2144 0
2145 0
2146 0
2147 3
2148 7
2149 3
2150 2
2151 2
2152 3
2153 3
2154 2
2155 2
2156 2
2157 2
2158 2
2159 2
2160 1
2161 1
2162 8
2163 5
2164 5
2165 5
2166 5
2167 5
2168 5
2169 5
2170 5
2171 5
2172 5
2173 5
2174 5
2175 3
2176 7
2177 7
2178 7
2179 7
2180 7
2181 7
2182 7
2183 6
2184 6
2185 7
2186 7
2187 7
2188 3
2189 3
2190 3
2191 9
2192 9
2193 9
2194 9
2195 9
2196 9
2197 9
2198 3
2199 3
2200 7
2201 7
2202 4
2203 9
2204 9
2205 9
2206 9
2207 0
2208 0
2209 9
2210 9
2211 3
2212 3
2213 0
2214 4
2215 4
2216 4
2217 4
2218 2
2219 2
2220 2
2221 0
2222 8
2223 8
2224 8
2225 8
2226 4
2227 7
2228 7
2229 7
2230 7
2231 7
2232 7
2233 9
2234 9
2235 7
2236 7
2237 7
2238 7
2239 1
2240 7
2241 7
2242 7
2243 7
2244 2
2245 4
2246 4
2247 4
2248 4
2249 4
2250 0
2251 8
2252 8
2253 8
2254 8
2255 8
2256 8
2257 8
2258 8
2259 8
2260 8
2261 8
2262 8
2263 4
2264 7
2265 7
2266 7
2267 7
2268 2
2269 7
2270 7
2271 6
2272 6
2273 6
2274 6
2275 6
2276 6
2277 1
2278 1
2279 6
2280 6
2281 6
2282 6
2283 6
2284 2
2285 8
2286 8
2287 1
2288 2
2289 2
2290 2
2291 2
2292 2
2293 2
2294 0
2295 6
2296 6
2297 6
2298 6
2299 6
2300 6
2301 2
2302 2
2303 2
2304 2
2305 2
2306 2
2307 2
2308 2
2309 2
2310 2
2311 2
2312 6
2313 9
2314 9
2315 5
2316 5
2317 5
2318 5
2319 1
2320 1
2321 1
2322 1
2323 1
2324 1
2325 1
2326 8
2327 9
2328 9
2329 9
2330 8
2331 7
2332 7
2333 7
2334 7
2335 7
2336 7
2337 7
2338 8
2339 6
2340 9
2341 9
2342 9
2343 6
2344 4
2345 1
2346 1
2347 1
2348 1
2349 1
2350 6
2351 1
2352 1
2353 1
2354 6
2355 4
2356 4
2357 4
2358 4
2359 4
2360 4
2361 8
2362 8
2363 8
2364 8
2365 8
2366 8
2367 8
2368 8
2369 8
2370 8
2371 8
2372 8
2373 8
2374 8
2375 8
2376 8
2377 8
2378 8
2379 8
2380 8
2381 7
2382 7
2383 7
2384 7
2385 7
2386 1
2387 1
2388 0
2389 0
2390 0
2391 0
2392 0
2393 0
2394 0
2395 0
2396 0
2397 0
2398 2
2399 2
2400 2
2401 2
2402 2
2403 9
2404 9
2405 9
2406 9
2407 9
2408 4
2409 4
2410 4
2411 4
2412 4
2413 4
2414 4
2415 0
2416 6
2417 5
2418 5
2419 5
2420 5
2421 5
2422 5
2423 5
2424 3
2425 5
2426 5
2427 5
2428 2
2429 2
2430 2
2431 2
2432 2
2433 2
2434 3
2435 3
2436 3
2437 3
2438 3
2439 3
2440 3
2441 3
2442 3
2443 3
2444 3
2445 3
2446 3
2447 3
2448 3
2449 3
2450 3
2451 3
2452 3
2453 3
2454 3
2455 3
2456 3
2457 5
2458 5
2459 8
2460 8
2461 8
2462 1
2463 8
2464 8
2465 8
2466 8
2467 8
2468 9
2469 9
2470 9
2471 9
2472 5
2473 0
2474 0
2475 8
2476 9
2477 9
2478 9
2479 9
2480 2
2481 4
2482 2
2483 2
2484 2
2485 2
2486 2
2487 2
2488 2
2489 9
2490 2
2491 2
2492 2
2493 1
2494 0
2495 0
2496 0
2497 0
2498 3
2499 3
2500 3
2501 3
2502 3
2503 3
2504 3
2505 3
2506 3
2507 5
2508 5
2509 5
2510 5
2511 5
2512 5
2513 5
2514 5
2515 5
2516 3
2517 3
2518 8
2519 3
2520 9
2521 9
2522 9
2523 5
2524 1
2525 1
2526 1
2527 1
2528 1
2529 1
2530 1
2531 1
2532 9
2533 9
2534 9
2535 9
2536 9
2537 9
2538 9
2539 9
2540 9
2541 9
2542 9
2543 9
2544 9
2545 9
2546 9
2547 9
2548 9
2549 9
2550 9
2551 9
2552 9
2553 3
2554 3
2555 6
2556 0
2557 6
2558 6
2559 6
2560 6
2561 6
2562 6
2563 6
2564 4
2565 4
2566 4
2567 4
2568 4
2569 2
2570 2
2571 2
2572 2
2573 2
2574 2
2575 2
2576 3
2577 2
2578 2
2579 2
2580 7
2581 7
2582 8
2583 4
2584 4
2585 4
2586 4
2587 1
2588 1
2589 1
2590 1
2591 1
2592 1
2593 1
2594 1
2595 1
2596 2
2597 8
2598 8
2599 1
2600 1
2601 1
2602 0
2603 0
2604 7
2605 4
2606 4
2607 4
2608 4
2609 4
2610 4
2611 1
2612 1
2613 1
2614 1
2615 1
2616 1
2617 9
2618 9
2619 9
2620 9
2621 9
2622 9
2623 0
2624 7
2625 7
2626 4
2627 4
2628 4
2629 3
2630 4
2631 4
2632 3
2633 4
2634 4
2635 4
2636 3
2637 3
2638 4
2639 4
2640 8
2641 5
2642 1
2643 1
2644 1
2645 8
2646 8
2647 8
2648 8
2649 8
2650 8
2651 6
2652 2
2653 5
2654 5
2655 5
2656 7
2657 7
2658 7
2659 7
2660 7
2661 7
2662 7
2663 7
2664 7
2665 7
2666 7
2667 7
2668 7
2669 7
2670 7
2671 1
2672 1
2673 1
2674 1
2675 1
2676 1
2677 9
2678 9
2679 0
2680 6
2681 6
2682 6
2683 6
2684 6
2685 5
2686 5
2687 5
2688 5
2689 5
2690 5
2691 5
2692 5
2693 5
2694 2
2695 2
2696 2
2697 2
2698 2
2699 2
2700 2
2701 2
2702 2
2703 2
2704 6
2705 6
2706 6
2707 6
2708 6
2709 6
2710 6
2711 6
2712 6
2713 6
2714 6
2715 6
2716 6
2717 6
2718 4
2719 4
2720 4
2721 9
2722 9
2723 9
2724 9
2725 9
2726 9
2727 9
2728 9
2729 9
2730 9
2731 9
2732 9
2733 9
2734 9
2735 9
2736 9
2737 8
2738 8
2739 8
2740 8
2741 8
2742 8
2743 8
2744 8
2745 8
2746 9
2747 3
2748 6
2749 6
2750 9
2751 9
2752 9
2753 9
2754 9
2755 9
2756 7
2757 8
2758 8
2759 9
2760 9
2761 9
2762 9
2763 9
2764 9
2765 6
2766 9
2767 9
2768 9
2769 3
2770 3
2771 3
2772 4
2773 3
2774 1
2775 3
2776 1
2777 3
2778 3
2779 3
2780 3
2781 3
2782 3
2783 2
2784 5
2785 9
2786 9
2787 9
2788 7
2789 7
2790 7
2791 7
2792 7
2793 4
2794 0
2795 5
2796 5
2797 5
2798 5
2799 5
2800 5
2801 4
2802 4
2803 4
2804 4
2805 4
2806 0
2807 6
2808 2
2809 7
2810 7
2811 7
2812 7
2813 7
2814 7
2815 7
2816 7
2817 7
2818 7
2819 7
2820 9
2821 9
2822 5
2823 3
2824 9
2825 9
2826 9
2827 7
2828 7
2829 0
2830 0
2831 0
2832 0
2833 0
2834 0
2835 0
2836 0
2837 0
2838 6
2839 0
2840 2
2841 2
2842 2
2843 5
2844 5
2845 1
2846 1
2847 3
2848 1
2849 9
2850 9
2851 9
2852 9
2853 4
2854 4
2855 4
2856 4
2857 4
2858 4
2859 4
2860 5
2861 5
2862 5
2863 7
2864 4
2865 4
2866 4
2867 4
2868 8
2869 8
2870 6
2871 8
2872 8
2873 8
2874 8
2875 8
2876 8
2877 8
2878 8
2879 7
2880 6
2881 8
2882 8
2883 8
2884 5
2885 5
2886 6
2887 9
2888 9
2889 4
2890 4
2891 4
2892 4
2893 4
2894 2
2895 4
2896 4
2897 0
2898 0
2899 3
2900 3
2901 3
2902 3
2903 2
2904 2
2905 2
2906 2
2907 6
2908 1
2909 1
2910 1
2911 1
2912 6
2913 6
2914 1
2915 1
2916 5
2917 8
2918 5
2919 2
2920 2
2921 2
2922 2
2923 2
2924 2
2925 2
2926 7
2927 7
2928 3
2929 3
2930 3
2931 3
2932 1
2933 1
2934 3
2935 8
2936 8
2937 8
2938 9
2939 9
2940 9
2941 9
2942 9
2943 9
2944 9
2945 9
2946 9
2947 9
2948 9
2949 9
2950 4
2951 4
2952 6
2953 4
2954 4
2955 4
2956 1
2957 4
2958 4
2959 4
2960 4
2961 4
2962 4
2963 7
2964 7
2965 7
2966 8
2967 8
2968 3
2969 8
2970 8
2971 4
2972 4
2973 4
2974 4
2975 4
2976 4
2977 4
2978 4
2979 4
2980 6
2981 6
2982 6
2983 6
2984 6
2985 6
2986 6
2987 6
2988 7
2989 7
2990 0
2991 0
2992 0
2993 0
2994 8
2995 8
2996 8
2997 8
2998 4
2999 7
3000 7
3001 7
3002 7
3003 7
3004 7
3005 7
3006 4
3007 4
3008 4
3009 4
3010 4
3011 8
3012 7
3013 7
3014 7
3015 7
3016 7
3017 7
3018 8
3019 8
3020 6
3021 6
3022 6
3023 6
3024 6
3025 6
3026 6
3027 6
3028 6
3029 6
3030 3
3031 2
3032 5
3033 2
3034 6
3035 9
3036 7
3037 7
3038 7
3039 7
3040 7
3041 7
3042 7
3043 7
3044 7
3045 7
3046 7
3047 1
3048 1
3049 1
3050 6
3051 6
3052 6
3053 6
3054 6
3055 6
3056 6
3057 6
3058 6
3059 6
3060 6
3061 1
3062 0
3063 7
3064 7
3065 7
3066 9
3067 9
3068 9
3069 9
3070 9
3071 4
3072 2
3073 2
3074 2
3075 2
3076 2
3077 4
3078 4
3079 4
3080 4
3081 4
3082 5
3083 5
3084 8
3085 1
3086 1
3087 1
3088 1
3089 9
3090 9
3091 9
3092 9
3093 9
3094 1
3095 1
3096 1
3097 1
3098 2
3099 9
3100 4
3101 4
3102 7
3103 9
3104 3
3105 9
3106 9
3107 2
3108 5
3109 7
3110 7
3111 7
3112 3
3113 3
3114 3
3115 3
3116 3
3117 3
3118 3
3119 7
3120 7
3121 8
3122 7
3123 7
3124 5
3125 5
3126 5
3127 5
3128 6
3129 2
3130 2
3131 5
3132 5
3133 9
3134 5
3135 5
3136 5
3137 5
3138 5
3139 5
3140 5
3141 5
3142 5
3143 1
3144 1
3145 1
3146 1
3147 1
3148 1
3149 1
3150 1
3151 1
3152 1
3153 0
3154 2
3155 2
3156 6
3157 6
3158 2
3159 1
3160 1
3161 1
3162 1
3163 6
3164 3
3165 3
3166 3
3167 3
3168 3
3169 9
3170 5
3171 5
3172 5
3173 7
3174 7
3175 7
3176 7
3177 7
3178 7
3179 7
3180 0
3181 4
3182 4
3183 8
3184 8
3185 8
3186 8
3187 8
3188 8
3189 8
3190 5
3191 5
3192 5
3193 4
3194 4
3195 1
3196 1
3197 1
3198 1
3199 1
3200 8
3201 8
3202 2
3203 2
3204 4
3205 4
3206 4
3207 2
3208 2
3209 6
3210 7
3211 7
3212 9
3213 9
3214 9
3215 9
3216 7
3217 7
3218 7
3219 7
3220 7
3221 1
3222 1
3223 1
3224 1
3225 1
3226 1
3227 1
3228 1
3229 1
3230 4
3231 4
3232 4
3233 4
3234 8
3235 1
3236 8
3237 8
3238 8
3239 8
3240 8
3241 8
3242 8
3243 8
3244 4
3245 6
3246 6
3247 6
3248 6
3249 6
3250 1
3251 9
3252 9
3253 9
3254 9
3255 9
3256 9
3257 9
3258 9
3259 9
3260 9
3261 9
3262 9
3263 9
3264 9
3265 9
3266 8
3267 8
3268 6
3269 8
3270 3
3271 8
3272 3
3273 9
3274 7
3275 7
3276 7
3277 7
3278 7
3279 7
3280 7
3281 7
3282 9
3283 8
3284 7
3285 8
3286 8
3287 8
3288 8
3289 8
3290 8
3291 0
3292 5
3293 5
3294 5
3295 5
3296 3
3297 3
3298 3
3299 3
3300 3
3301 3
3302 5
3303 5
3304 5
3305 5
3306 5
3307 5
3308 5
3309 5
3310 5
3311 5
3312 5
3313 5
3314 5
3315 5
3316 5
3317 5
3318 1
3319 1
3320 1
3321 0
3322 5
3323 5
3324 9
3325 3
3326 3
3327 3
3328 3
3329 3
3330 3
3331 3
3332 6
3333 5
3334 3
3335 5
3336 3
3337 6
3338 3
3339 3
3340 1
3341 3
3342 7
3343 2
3344 2
3345 2
3346 2
3347 2
3348 2
3349 2
3350 2
3351 2
3352 2
3353 2
3354 2
3355 2
3356 2
3357 0
3358 3
3359 1
3360 1
3361 1
3362 1
3363 1
3364 1
3365 1
3366 1
3367 1
3368 1
3369 1
3370 1
3371 1
3372 1
3373 1
3374 3
3375 3
3376 6
3377 7
3378 7
3379 7
3380 7
3381 7
3382 7
3383 7
3384 1
3385 7
3386 8
3387 8
3388 8
3389 9
3390 9
3391 7
3392 7
3393 7
3394 7
3395 7
3396 7
3397 4
3398 4
3399 4
3400 4
3401 4
3402 4
3403 4
3404 4
3405 4
3406 4
3407 4
3408 4
3409 4
3410 3
3411 0
3412 0
3413 9
3414 9
3415 6
3416 6
3417 6
3418 6
3419 6
3420 6
3421 6
3422 8
3423 8
3424 8
3425 8
3426 8
3427 1
3428 1
3429 1
3430 9
3431 7
3432 7
3433 7
3434 4
3435 4
3436 5
3437 3
3438 3
3439 3
3440 4
3441 3
3442 3
3443 3
3444 3
3445 3
3446 3
3447 5
3448 1
3449 1
3450 1
3451 1
3452 0
3453 0
3454 0
3455 2
3456 2
3457 2
3458 2
3459 2
3460 2
3461 2
3462 2
3463 2
3464 2
3465 2
3466 2
3467 2
3468 2
3469 2
3470 2
3471 2
3472 2
3473 2
3474 2
3475 2
3476 2
3477 2
3478 2
3479 2
3480 2
3481 2
3482 2
3483 2
3484 2
3485 2
3486 0
3487 0
3488 0
3489 5
3490 5
3491 2
3492 2
3493 2
3494 2
3495 9
3496 9
3497 9
3498 9
3499 6
3500 1
3501 7
3502 7
3503 7
3504 5
3505 7
3506 7
3507 7
3508 7
3509 7
3510 7
3511 7
3512 7
3513 7
3514 7
3515 7
3516 7
3517 2
3518 2
3519 2
3520 2
3521 2
3522 2
3523 2
3524 2
3525 2
3526 2
3527 2
3528 2
3529 2
3530 2
3531 2
3532 2
3533 2
3534 2
3535 2
3536 2
3537 2
3538 2
3539 2
3540 4
3541 4
3542 4
3543 1
3544 7
3545 7
3546 7
3547 7
3548 3
3549 3
3550 9
3551 1
3552 1
3553 1
3554 8
3555 8
3556 8
3557 6
3558 6
3559 4
3560 7
3561 7
3562 7
3563 7
3564 3
3565 3
3566 3
3567 3
3568 3
3569 9
3570 9
3571 9
3572 5
3573 1
3574 1
3575 9
3576 9
3577 9
3578 9
3579 9
3580 9
3581 9
3582 9
3583 9
3584 9
3585 9
3586 9
3587 7
3588 3
3589 9
3590 3
3591 4
3592 1
3593 0
3594 4
3595 4
3596 4
3597 2
3598 8
3599 3
3600 8
3601 4
3602 4
3603 5
3604 7
3605 1
3606 1
3607 1
3608 1
3609 1
3610 9
3611 6
3612 6
3613 4
3614 4
3615 4
3616 4
3617 2
3618 2
3619 8
3620 8
3621 4
3622 2
3623 2
3624 6
3625 6
3626 6
3627 6
3628 6
3629 6
3630 7
3631 7
3632 7
3633 7
3634 7
3635 7
3636 7
3637 7
3638 5
3639 5
3640 8
3641 8
3642 8
3643 2
3644 2
3645 2
3646 2
3647 2
3648 2
3649 2
3650 2
3651 2
3652 2
3653 9
3654 9
3655 9
3656 5
3657 8
3658 1
3659 1
3660 1
3661 1
3662 1
3663 1
3664 1
3665 1
3666 1
3667 1
3668 1
3669 1
3670 1
3671 1
3672 1
3673 1
3674 1
3675 1
3676 1
3677 1
3678 1
3679 1
3680 1
3681 1
3682 1
3683 1
3684 1
3685 1
3686 1
3687 1
3688 1
3689 1
3690 1
3691 1
3692 2
3693 2
3694 2
3695 7
3696 8
3697 1
3698 8
3699 8
3700 8
3701 8
3702 5
3703 9
3704 2
3705 2
3706 2
3707 2
3708 6
3709 6
3710 9
3711 9
3712 9
3713 8
3714 8
3715 8
3716 8
3717 8
3718 8
3719 8
3720 7
3721 1
3722 1
3723 1
3724 1
3725 7
3726 9
3727 9
3728 9
3729 0
3730 2
3731 2
3732 9
3733 2
3734 2
3735 2
3736 2
3737 2
3738 8
3739 7
3740 7
3741 7
3742 7
3743 7
3744 1
3745 1
3746 1
3747 5
3748 1
3749 1
3750 5
3751 5
3752 1
3753 1
3754 1
3755 1
3756 5
3757 5
3758 3
3759 3
3760 3
3761 2
3762 1
3763 6
3764 6
3765 4
3766 4
3767 4
3768 3
3769 3
3770 3
3771 3
3772 1
3773 7
3774 7
3775 7
3776 7
3777 7
3778 7
3779 7
3780 2
3781 3
3782 2
3783 2
3784 6
3785 6
3786 6
3787 6
3788 6
3789 9
3790 9
3791 9
3792 6
3793 6
3794 9
3795 9
3796 9
3797 2
3798 2
3799 2
3800 8
3801 8
3802 8
3803 9
3804 2
3805 2
3806 4
3807 7
3808 7
3809 1
3810 1
3811 1
3812 1
3813 1
3814 1
3815 5
3816 9
3817 6
3818 6
3819 3
3820 3
3821 3
3822 3
3823 3
3824 3
3825 3
3826 3
3827 9
3828 9
3829 9
3830 9
3831 1
3832 1
3833 7
3834 6
3835 6
3836 7
3837 2
3838 2
3839 8
3840 2
3841 2
3842 2
3843 2
3844 2
3845 2
3846 5
3847 5
3848 5
3849 2
3850 2
3851 2
3852 8
3853 9
3854 0
3855 0
3856 6
3857 6
3858 6
3859 8
3860 8
3861 8
3862 8
3863 1
3864 1
3865 1
3866 7
3867 7
3868 7
3869 7
3870 7
3871 7
3872 7
3873 8
3874 3
3875 3
3876 3
3877 3
3878 3
3879 3
3880 3
3881 3
3882 3
3883 3
3884 3
3885 7
3886 7
3887 7
3888 7
3889 7
3890 0
3891 9
3892 9
3893 9
3894 4
3895 4
3896 4
3897 4
3898 4
3899 1
3900 9
3901 9
3902 9
3903 9
3904 9
3905 9
3906 9
3907 9
3908 1
3909 1
3910 1
3911 1
3912 2
3913 2
3914 0
3915 0
3916 9
3917 9
3918 9
3919 9
3920 9
3921 9
3922 9
3923 9
3924 9
3925 0
3926 0
3927 0
3928 2
3929 2
3930 2
3931 2
3932 2
3933 9
3934 9
3935 9
3936 9
3937 6
3938 6
3939 6
3940 6
3941 2
3942 2
3943 2
3944 2
3945 7
3946 6
3947 3
3948 3
3949 3
3950 1
3951 4
3952 7
3953 4
3954 4
3955 7
3956 6
3957 6
3958 6
3959 6
3960 6
3961 0
3962 0
3963 6
3964 8
3965 9
3966 5
3967 7
3968 2
3969 2
3970 2
3971 2
3972 3
3973 3
3974 3
3975 3
3976 3
3977 3
3978 3
3979 3
3980 3
3981 3
3982 3
3983 3
3984 3
3985 3
3986 3
3987 0
3988 4
3989 4
3990 4
3991 5
3992 1
3993 1
3994 1
3995 4
3996 3
3997 3
3998 6
3999 6
4000 6
4001 1
4002 1
4003 1
4004 1
4005 8
4006 8
4007 2
4008 2
4009 2
4010 2
4011 2
4012 5
4013 3
4014 4
4015 6
4016 5
4017 2
4018 7
4019 6
4020 6
4021 6
4022 3
4023 3
4024 3
4025 3
4026 6
4027 5
4028 6
4029 6
4030 6
4031 7
4032 7
4033 7
4034 5
4035 6
4036 0
4037 4
4038 4
4039 5
4040 5
4041 5
4042 5
4043 5
4044 1
4045 1
4046 8
4047 8
4048 5
4049 6
4050 6
4051 7
4052 6
4053 7
4054 7
4055 2
4056 2
4057 2
4058 8
4059 6
4060 6
4061 6
4062 1
4063 2
4064 2
4065 0
4066 9
4067 0
4068 9
4069 6
4070 4
4071 4
4072 4
4073 4
4074 4
4075 4
4076 4
4077 4
4078 4
4079 4
4080 4
4081 4
4082 4
4083 4
4084 4
4085 6
4086 6
4087 1
4088 1
4089 7
4090 7
4091 7
4092 6
4093 6
4094 6
4095 0
4096 0
4097 0
4098 0
4099 7
4100 9
4101 9
4102 6
4103 8
4104 8
4105 0
4106 0
4107 0
4108 4
4109 2
4110 3
4111 3
4112 3
4113 8
4114 9
4115 4
4116 6
4117 6
4118 5
4119 3
4120 3
4121 3
4122 3
4123 3
4124 3
4125 3
4126 3
4127 7
4128 7
4129 2
4130 2
4131 2
4132 2
4133 2
4134 2
4135 6
4136 9
4137 2
4138 9
4139 7
4140 7
4141 6
4142 6
4143 6
4144 3
4145 1
4146 1
4147 1
4148 4
4149 4
4150 8
4151 9
4152 0
4153 6
4154 0
4155 8
4156 4
4157 6
