0 1 5
0 2 17
0 3 3
0 4 15
0 5 10
0 6 4
0 7 14
0 8 19
0 9 1
0 10 13
0 11 8
0 12 7
0 13 12
0 14 2
0 15 16
0 16 11
0 17 9
0 18 6
0 19 18
1 1 18
1 2 13
1 3 17
1 4 12
1 5 16
1 6 5
1 7 9
1 8 0
1 9 15
1 10 10
1 11 11
1 12 4
1 13 6
1 14 14
1 15 19
1 16 7
1 17 8
1 18 2
1 19 3
2 1 9
2 2 17
2 3 18
2 4 3
2 5 7
2 6 13
2 7 14
2 8 11
2 9 16
2 10 8
2 11 6
2 12 10
2 13 0
2 14 5
2 15 4
2 16 15
2 17 12
2 18 19
2 19 1
3 1 6
3 2 10
3 3 7
3 4 19
3 5 15
3 6 12
3 7 11
3 8 1
3 9 17
3 10 13
3 11 4
3 12 16
3 13 18
3 14 9
3 15 5
3 16 8
3 17 0
3 18 14
3 19 2
4 1 1
4 2 6
4 3 13
4 4 18
4 5 9
4 6 19
4 7 12
4 8 5
4 9 11
4 10 2
4 11 17
4 12 14
4 13 10
4 14 0
4 15 16
4 16 15
4 17 7
4 18 3
4 19 8
5 1 10
5 2 18
5 3 13
5 4 14
5 5 7
5 6 11
5 7 15
5 8 9
5 9 2
5 10 1
5 11 8
5 12 16
5 13 17
5 14 4
5 15 19
5 16 6
5 17 12
5 18 0
5 19 3
6 1 18
6 2 12
6 3 15
6 4 5
6 5 16
6 6 17
6 7 0
6 8 13
6 9 10
6 10 19
6 11 4
6 12 11
6 13 9
6 14 1
6 15 2
6 16 8
6 17 14
6 18 7
6 19 3
7 1 6
7 2 18
7 3 5
7 4 1
7 5 12
7 6 10
7 7 17
7 8 13
7 9 8
7 10 9
7 11 2
7 12 4
7 13 0
7 14 11
7 15 3
7 16 15
7 17 19
7 18 14
7 19 16
8 1 16
8 2 17
8 3 7
8 4 2
8 5 9
8 6 3
8 7 19
8 8 5
8 9 18
8 10 13
8 11 4
8 12 14
8 13 10
8 14 6
8 15 15
8 16 0
8 17 12
8 18 1
8 19 11
9 1 7
9 2 1
9 3 13
9 4 19
9 5 4
9 6 10
9 7 11
9 8 12
9 9 3
9 10 8
9 11 5
9 12 2
9 13 18
9 14 6
9 15 0
9 16 16
9 17 14
9 18 17
9 19 15
10 1 18
10 2 0
10 3 17
10 4 1
10 5 6
10 6 9
10 7 2
10 8 14
10 9 3
10 10 7
10 11 12
10 12 15
10 13 16
10 14 13
10 15 8
10 16 19
10 17 4
10 18 5
10 19 11
11 1 2
11 2 15
11 3 1
11 4 7
11 5 17
11 6 16
11 7 0
11 8 13
11 9 8
11 10 9
11 11 4
11 12 5
11 13 3
11 14 19
11 15 14
11 16 18
11 17 12
11 18 6
11 19 10
12 1 11
12 2 8
12 3 13
12 4 10
12 5 15
12 6 16
12 7 19
12 8 1
12 9 3
12 10 0
12 11 14
12 12 18
12 13 5
12 14 7
12 15 9
12 16 6
12 17 4
12 18 2
12 19 17
13 1 6
13 2 14
13 3 12
13 4 8
13 5 4
13 6 3
13 7 2
13 8 5
13 9 15
13 10 0
13 11 16
13 12 19
13 13 9
13 14 18
13 15 11
13 16 10
13 17 7
13 18 17
13 19 1
14 1 13
14 2 12
14 3 15
14 4 17
14 5 19
14 6 4
14 7 1
14 8 9
14 9 0
14 10 5
14 11 2
14 12 8
14 13 3
14 14 7
14 15 10
14 16 6
14 17 16
14 18 18
14 19 11
15 1 8
15 2 11
15 3 6
15 4 9
15 5 4
15 6 3
15 7 2
15 8 18
15 9 10
15 10 16
15 11 0
15 12 7
15 13 13
15 14 14
15 15 12
15 16 5
15 17 1
15 18 19
15 19 17
16 1 13
16 2 5
16 3 4
16 4 8
16 5 9
16 6 7
16 7 12
16 8 18
16 9 15
16 10 17
16 11 19
16 12 14
16 13 2
16 14 11
16 15 0
16 16 10
16 17 3
16 18 6
16 19 1
17 1 15
17 2 2
17 3 13
17 4 1
17 5 3
17 6 6
17 7 0
17 8 16
17 9 9
17 10 8
17 11 14
17 12 18
17 13 10
17 14 11
17 15 12
17 16 4
17 17 19
17 18 5
17 19 7
18 1 9
18 2 13
18 3 8
18 4 0
18 5 3
18 6 17
18 7 5
18 8 1
18 9 11
18 10 15
18 11 19
18 12 6
18 13 16
18 14 12
18 15 7
18 16 4
18 17 10
18 18 14
18 19 2
19 1 18
19 2 15
19 3 4
19 4 0
19 5 1
19 6 17
19 7 10
19 8 5
19 9 14
19 10 3
19 11 16
19 12 8
19 13 13
19 14 11
19 15 7
19 16 6
19 17 2
19 18 9
19 19 12