516 2
12 2
525 2
526 2
528 2
531 2
23 2
537 2
541 2
546 2
39 2
40 2
42 2
554 2
561 2
563 2
57 2
569 2
574 2
63 2
579 2
69 2
70 2
71 2
582 2
75 2
587 2
78 2
591 2
81 2
82 2
83 2
592 2
88 2
603 2
93 2
96 2
609 2
100 2
616 2
118 2
630 2
120 2
127 2
643 2
135 2
146 2
149 2
669 2
162 2
676 2
679 2
171 2
685 2
178 2
691 2
182 2
183 2
695 2
186 2
707 2
198 2
199 2
708 2
201 2
202 2
716 2
207 2
718 2
217 2
729 2
223 2
737 2
229 2
744 2
745 2
748 2
241 2
245 2
758 2
761 2
767 2
264 2
268 2
269 2
274 2
276 2
279 2
280 2
291 2
292 2
302 2
305 2
308 2
312 2
320 2
330 2
331 2
338 2
342 2
343 2
344 2
352 2
363 2
364 2
374 2
376 2
377 2
395 2
401 2
404 2
405 2
408 2
410 2
411 2
415 2
417 2
422 2
429 2
433 2
436 2
443 2
476 2
477 2
485 2
488 2
492 2
499 2
502 2
509 2
513 3
2 3
518 3
521 3
522 3
527 3
534 3
30 3
544 3
545 3
547 3
548 3
41 3
553 3
46 3
50 3
565 3
58 3
572 3
64 3
65 3
575 3
67 3
581 3
583 3
585 3
588 3
85 3
597 3
87 3
598 3
91 3
608 3
99 3
614 3
617 3
108 3
624 3
113 3
114 3
626 3
627 3
131 3
646 3
658 3
659 3
661 3
151 3
666 3
672 3
161 3
674 3
164 3
675 3
677 3
681 3
174 3
686 3
688 3
177 3
179 3
185 3
698 3
194 3
196 3
197 3
710 3
711 3
205 3
722 3
215 3
727 3
221 3
733 3
741 3
747 3
239 3
762 3
253 3
768 3
263 3
272 3
283 3
286 3
287 3
311 3
325 3
333 3
337 3
339 3
351 3
354 3
355 3
369 3
373 3
384 3
388 3
389 3
391 3
396 3
400 3
402 3
403 3
407 3
414 3
418 3
424 3
439 3
441 3
446 3
447 3
449 3
461 3
466 3
470 3
471 3
472 3
480 3
481 3
486 3
497 3
504 3
506 3
510 3
