512 4
514 4
517 4
519 4
520 4
521 4
523 4
541 4
543 4
544 4
546 4
547 4
41 4
560 4
562 4
52 4
58 4
724 4
61 4
725 4
75 4
728 4
595 4
599 4
88 4
601 4
94 4
95 4
610 4
102 4
613 4
614 4
616 4
617 4
618 4
621 4
646 4
648 4
139 4
653 4
159 4
679 4
171 4
180 4
748 4
696 4
188 4
700 4
191 4
196 4
201 4
205 4
718 4
209 4
723 4
214 4
215 4
216 4
219 4
223 4
225 4
228 4
233 4
234 4
236 4
238 4
239 4
240 4
243 4
244 4
247 4
254 4
260 4
264 4
265 4
274 4
277 4
283 4
292 4
298 4
301 4
306 4
308 4
315 4
316 4
321 4
350 4
359 4
368 4
371 4
381 4
383 4
384 4
386 4
387 4
390 4
392 4
393 4
398 4
399 4
401 4
402 4
404 4
405 4
409 4
410 4
412 4
416 4
417 4
418 4
419 4
420 4
421 4
423 4
424 4
426 4
427 4
438 4
439 4
444 4
446 4
447 4
453 4
461 4
510 4
513 5
2 5
515 5
516 5
6 5
7 5
518 5
522 5
524 5
525 5
526 5
527 5
528 5
34 5
37 5
42 5
557 5
46 5
559 5
51 5
563 5
726 5
70 5
78 5
596 5
729 5
92 5
93 5
97 5
98 5
609 5
100 5
615 5
619 5
620 5
112 5
625 5
627 5
628 5
630 5
633 5
123 5
635 5
636 5
647 5
136 5
656 5
744 5
681 5
170 5
173 5
174 5
697 5
189 5
703 5
194 5
195 5
708 5
198 5
710 5
714 5
212 5
213 5
217 5
218 5
220 5
221 5
222 5
224 5
226 5
227 5
229 5
733 5
738 5
232 5
235 5
237 5
241 5
242 5
245 5
246 5
248 5
249 5
755 5
251 5
252 5
253 5
255 5
256 5
258 5
268 5
269 5
272 5
275 5
276 5
278 5
279 5
291 5
299 5
303 5
309 5
312 5
313 5
314 5
320 5
342 5
355 5
357 5
364 5
382 5
389 5
394 5
395 5
403 5
406 5
407 5
411 5
413 5
414 5
415 5
422 5
425 5
432 5
442 5
443 5
445 5
448 5
455 5
456 5
457 5
469 5
477 5