1 0
514 0
3 0
4 0
5 0
9 0
14 0
16 0
530 0
26 0
27 0
28 0
29 0
32 0
36 0
552 0
44 0
556 0
49 0
52 0
567 0
59 0
571 0
61 0
573 0
66 0
580 0
72 0
586 0
76 0
77 0
79 0
595 0
600 0
89 0
601 0
602 0
92 0
107 0
623 0
112 0
625 0
123 0
633 0
634 0
641 0
132 0
139 0
140 0
143 0
657 0
148 0
660 0
150 0
662 0
153 0
154 0
155 0
665 0
670 0
165 0
687 0
693 0
696 0
709 0
208 0
224 0
736 0
226 0
739 0
232 0
234 0
237 0
749 0
243 0
244 0
765 0
766 0
259 0
260 0
261 0
262 0
266 0
273 0
277 0
282 0
290 0
294 0
295 0
296 0
303 0
317 0
324 0
326 0
340 0
350 0
357 0
359 0
371 0
375 0
383 0
390 0
398 0
412 0
416 0
419 0
423 0
431 0
432 0
435 0
444 0
445 0
454 0
455 0
457 0
459 0
460 0
467 0
468 0
469 0
475 0
478 0
479 0
483 0
487 0
490 0
491 0
493 0
6 1
7 1
515 1
517 1
519 1
523 1
17 1
533 1
22 1
538 1
543 1
549 1
550 1
557 1
558 1
48 1
560 1
53 1
54 1
564 1
68 1
584 1
80 1
594 1
86 1
604 1
94 1
605 1
97 1
98 1
610 1
612 1
102 1
104 1
619 1
109 1
628 1
117 1
119 1
121 1
122 1
635 1
638 1
128 1
639 1
640 1
134 1
647 1
136 1
648 1
138 1
650 1
654 1
144 1
656 1
152 1
667 1
671 1
678 1
167 1
680 1
172 1
173 1
175 1
184 1
187 1
699 1
189 1
190 1
192 1
195 1
712 1
715 1
717 1
206 1
721 1
212 1
726 1
735 1
227 1
235 1
750 1
751 1
753 1
756 1
246 1
759 1
255 1
265 1
270 1
297 1
299 1
300 1
304 1
309 1
310 1
313 1
314 1
327 1
332 1
336 1
345 1
349 1
362 1
367 1
368 1
370 1
378 1
379 1
387 1
392 1
425 1
426 1
427 1
428 1
434 1
448 1
453 1
458 1
464 1
474 1
494 1
495 1
496 1
500 1
501 1
