0 1 11, 51, 61, 32, 34, 4, 66, 35, 12, 52, 29, 14, 55, 54, 50, 31, 7, 43, 60, 42, 5, 40, 64
0 2 17, 44, 27, 45, 10, 22, 25, 19, 1, 15, 63, 23, 38, 2, 53, 18, 21, 28, 65, 39, 9, 36
0 3 46, 26, 8, 30, 49, 37, 16, 57, 13, 58, 20, 24, 67, 33, 41, 47, 6, 59, 48, 3, 62, 56
1 1 20, 30, 17, 46, 18, 38, 55, 51, 16, 24, 23, 37, 66, 50, 48, 0, 36, 53, 19, 21, 34, 13, 64, 9, 61, 44, 52, 10, 57, 7, 14, 56, 65, 59
1 2 11, 8, 49, 33, 47, 29, 27, 22, 31, 6, 45, 42, 60, 40, 41, 2, 62, 4, 12, 26, 67, 32, 35, 54, 43, 25, 5, 28, 3, 58, 39, 63, 15
2 1 9, 41, 64, 66, 21, 40, 63, 1, 47, 57, 11, 4, 32, 38, 27, 19, 43, 34, 29, 37, 26, 18, 8
2 2 48, 22, 13, 20, 30, 0, 7, 46, 17, 5, 52, 24, 45, 33, 67, 56, 6, 3, 65, 36, 54, 51
2 3 23, 58, 28, 50, 62, 44, 25, 39, 16, 49, 60, 15, 14, 12, 31, 42, 35, 53, 61, 10, 59, 55
3 1 30, 66, 14, 19, 28, 61, 4, 21, 43, 48, 26, 58, 63, 24, 13, 0, 62, 54, 27, 42, 46, 65, 22
3 2 37, 39, 9, 52, 7, 40, 16, 35, 64, 2, 10, 25, 41, 23, 8, 44, 47, 32, 12, 17, 6, 34
3 3 49, 31, 36, 38, 56, 20, 5, 51, 45, 55, 1, 29, 18, 11, 53, 59, 33, 60, 50, 67, 57, 15
4 1 50, 37, 31, 63, 14, 45, 24, 65, 7, 43, 64, 51, 44, 20, 55, 30, 16, 35, 62, 60, 6, 42, 25, 41, 56, 67, 58, 38, 47, 12, 57, 48, 54, 21
4 2 27, 32, 29, 53, 15, 49, 2, 23, 17, 11, 61, 10, 22, 34, 26, 13, 8, 5, 19, 39, 1, 66, 28, 18, 36, 40, 3, 52, 46, 59, 0, 9, 33
5 1 19, 1, 66, 53, 57, 23, 28, 48, 44, 60, 4, 29, 20, 32, 40, 30, 52, 35, 41, 64, 13, 18, 15, 9, 3, 62, 27, 59, 6, 34, 58, 55, 24, 42
5 2 38, 16, 54, 37, 36, 63, 49, 21, 17, 10, 51, 46, 25, 14, 56, 11, 65, 22, 2, 31, 61, 45, 8, 7, 33, 47, 39, 12, 67, 26, 43, 0, 50
6 1 32, 27, 62, 11, 2, 36, 64, 25, 5, 26, 41, 24, 29, 0, 56, 34, 3, 52, 1, 30, 49, 45, 38, 21, 65, 28, 46, 67, 53, 8, 39, 66, 61, 35
6 2 19, 40, 60, 4, 12, 37, 17, 42, 22, 47, 20, 31, 54, 10, 14, 58, 43, 23, 9, 7, 57, 13, 51, 50, 63, 15, 55, 48, 44, 33, 59, 16, 18
7 1 56, 36, 34, 5, 38, 42, 61, 39, 27, 35, 57, 50, 23, 46, 37, 47, 21, 41, 60, 28, 67, 17, 48
7 2 15, 54, 14, 29, 12, 11, 44, 9, 33, 31, 4, 8, 26, 51, 22, 63, 49, 0, 64, 20, 43, 24
7 3 25, 59, 62, 10, 52, 3, 6, 53, 55, 45, 58, 2, 40, 66, 19, 65, 13, 30, 16, 1, 18, 32
8 1 26, 48, 44, 49, 17, 27, 38, 13, 21, 10, 60, 22, 3, 35, 16, 37, 65, 30, 62, 45, 63, 67, 54, 28, 36, 32, 33, 52, 51, 53, 50, 42, 55, 39
8 2 59, 18, 1, 12, 41, 11, 2, 31, 0, 43, 14, 19, 24, 56, 66, 61, 4, 57, 47, 64, 20, 29, 15, 9, 6, 23, 25, 7, 34, 5, 58, 46, 40
9 1 10, 37, 12, 54, 59, 38, 18, 43, 49, 31, 56, 52, 62, 67, 60, 51, 63, 22, 11, 20, 29, 15, 14, 3, 48, 1, 64, 34, 65, 6, 44, 24, 23, 21
9 2 5, 19, 0, 66, 27, 13, 42, 35, 17, 30, 33, 32, 46, 57, 4, 45, 28, 16, 61, 55, 26, 8, 39, 53, 40, 58, 50, 36, 25, 2, 41, 47, 7
10 1 31, 51, 19, 36, 15, 61, 17, 66, 43, 27, 34, 38, 52, 18, 58, 6, 21, 48, 41, 62, 28, 65, 45, 64, 23, 33, 35, 7, 13, 54, 59, 4, 22, 32
10 2 47, 5, 3, 37, 9, 57, 39, 1, 63, 12, 16, 56, 29, 53, 55, 14, 40, 46, 20, 42, 8, 26, 49, 44, 24, 2, 0, 11, 60, 25, 67, 30, 50
11 1 10, 22, 37, 56, 29, 46, 61, 39, 5, 19, 51, 50, 34, 28, 67, 3, 52, 43, 45, 1, 2, 14, 25, 41, 31, 35, 47, 53, 49, 4, 60, 36, 26, 17
11 2 57, 64, 63, 42, 65, 55, 6, 48, 54, 8, 13, 9, 66, 30, 40, 27, 16, 7, 33, 44, 18, 0, 23, 15, 59, 32, 20, 21, 24, 12, 62, 38, 58
12 1 44, 7, 67, 36, 2, 26, 64, 3, 63, 53, 45, 42, 17, 57, 61, 8, 50, 30, 28, 18, 56, 38, 22, 49, 15, 43, 54, 23, 34, 6, 21, 51, 11, 9
12 2 62, 47, 29, 24, 41, 39, 40, 55, 13, 32, 19, 0, 4, 10, 52, 25, 37, 60, 31, 65, 20, 35, 46, 33, 58, 16, 48, 66, 14, 5, 27, 59, 1
13 1 7, 53, 11, 64, 27, 62, 9, 19, 47, 39, 66, 40, 12, 32, 51, 43, 55, 21, 4, 16, 48, 0, 41, 1, 5, 2, 61, 26, 60, 56, 20, 46, 58, 38
13 2 8, 33, 52, 10, 25, 34, 6, 57, 63, 22, 49, 59, 3, 42, 30, 37, 50, 44, 45, 31, 17, 28, 65, 23, 18, 14, 29, 35, 24, 15, 67, 36, 54
14 1 49, 31, 52, 26, 25, 62, 8, 40, 58, 57, 29, 11, 20, 56, 42, 65, 66, 21, 28, 6, 48, 44, 47
14 2 60, 18, 39, 19, 15, 35, 38, 27, 34, 55, 22, 64, 5, 12, 59, 63, 32, 54, 36, 30, 43, 2
14 3 24, 3, 53, 50, 1, 10, 67, 16, 33, 23, 46, 9, 7, 51, 45, 37, 0, 61, 41, 4, 13, 17
15 1 19, 43, 14, 58, 5, 49, 45, 2, 38, 3, 13, 46, 66, 62, 25, 7, 40, 20, 60, 4, 42, 6, 24, 44, 10, 67, 30, 48, 37, 35, 16, 34, 26, 11
15 2 0, 8, 21, 50, 23, 18, 52, 54, 32, 57, 59, 22, 17, 41, 64, 33, 53, 9, 29, 12, 56, 31, 61, 63, 1, 36, 28, 51, 55, 47, 39, 27, 65
16 1 23, 0, 59, 27, 60, 32, 46, 63, 53, 10, 30, 22, 24, 44, 34, 54, 52, 2, 47, 26, 61, 67, 6, 55, 4, 1, 33, 35, 14, 3, 42, 40, 49, 51
16 2 41, 66, 18, 17, 58, 31, 57, 20, 62, 5, 11, 36, 25, 48, 37, 21, 28, 64, 15, 7, 38, 12, 43, 50, 56, 45, 9, 65, 13, 29, 8, 19, 39
17 1 21, 67, 15, 44, 61, 42, 10, 64, 45, 50, 65, 3, 35, 66, 31, 38, 56, 24, 63, 55, 41, 53, 34
17 2 30, 1, 20, 12, 33, 8, 9, 0, 25, 52, 14, 29, 22, 51, 47, 6, 13, 27, 39, 28, 48, 5
17 3 19, 11, 23, 32, 37, 58, 60, 26, 54, 46, 4, 16, 43, 62, 2, 7, 40, 36, 57, 49, 59, 18
18 1 43, 26, 37, 67, 59, 35, 60, 29, 45, 38, 47, 42, 8, 16, 32, 39, 36, 7, 5, 23, 50, 4, 17
18 2 11, 13, 61, 30, 44, 41, 65, 66, 58, 34, 19, 9, 15, 21, 12, 3, 14, 57, 1, 2, 31, 28
18 3 27, 52, 46, 20, 51, 10, 64, 22, 56, 0, 62, 24, 55, 33, 25, 49, 54, 53, 48, 6, 40, 63
19 1 27, 40, 1, 60, 65, 67, 7, 57, 38, 52, 10, 50, 48, 23, 17, 46, 12, 41, 39, 21, 8, 25, 16, 37, 61, 53, 56, 35, 18, 58, 64, 14, 3, 33
19 2 6, 15, 59, 62, 2, 55, 34, 22, 49, 32, 47, 42, 31, 63, 28, 4, 9, 30, 43, 44, 51, 11, 66, 24, 5, 26, 36, 20, 13, 29, 54, 0, 45
20 1 15, 40, 5, 64, 66, 23, 56, 49, 60, 44, 48, 7, 24, 39, 28, 51, 27, 17, 4, 30, 42, 2, 35, 67, 41, 50, 25, 36, 53, 58, 52, 62, 38, 22
20 2 65, 0, 3, 43, 33, 29, 11, 57, 1, 47, 46, 61, 12, 8, 63, 31, 16, 37, 45, 9, 26, 34, 32, 14, 13, 6, 10, 55, 54, 59, 19, 18, 21
21 1 36, 54, 8, 57, 12, 34, 14, 55, 29, 9, 51, 45, 50, 67, 32, 66, 27, 0, 25, 47, 7, 19, 15, 62, 16, 38, 35, 31, 63, 60, 41, 64, 46, 23
21 2 28, 11, 2, 52, 56, 53, 59, 4, 33, 6, 22, 48, 18, 44, 43, 20, 40, 58, 17, 24, 42, 39, 30, 65, 10, 3, 1, 37, 49, 13, 5, 61, 26
22 1 54, 50, 42, 29, 30, 67, 63, 1, 60, 33, 45, 64, 52, 17, 13, 18, 49, 55, 44, 7, 10, 16, 15
22 2 3, 57, 39, 26, 25, 0, 38, 23, 53, 46, 59, 48, 11, 34, 24, 20, 31, 5, 56, 19, 65, 9
22 3 8, 4, 66, 35, 36, 43, 41, 61, 51, 47, 40, 37, 27, 28, 6, 62, 2, 14, 58, 12, 32, 21
23 1 0, 66, 65, 67, 52, 48, 40, 39, 55, 38, 4, 8, 10, 57, 61, 30, 28, 3, 27, 53, 45, 25, 50
23 2 11, 36, 29, 31, 13, 21, 64, 56, 18, 49, 33, 41, 17, 19, 9, 22, 42, 20, 12, 15, 58, 63
23 3 32, 34, 7, 26, 16, 43, 37, 47, 62, 2, 14, 51, 1, 24, 46, 59, 60, 54, 44, 35, 6, 5
24 1 19, 31, 47, 54, 48, 35, 65, 22, 63, 39, 25, 1, 45, 13, 36, 37, 4, 8, 46, 60, 21, 38, 61
24 2 67, 0, 11, 29, 9, 58, 56, 44, 62, 34, 32, 50, 52, 51, 6, 23, 26, 40, 42, 28, 66, 41
24 3 16, 33, 3, 17, 7, 14, 20, 15, 18, 5, 55, 27, 12, 64, 57, 49, 43, 53, 30, 10, 2, 59
25 1 34, 1, 52, 59, 12, 20, 50, 65, 26, 9, 15, 31, 21, 10, 2, 62, 28, 11, 49, 57, 17, 36, 32
25 2 45, 3, 23, 33, 0, 39, 29, 56, 63, 64, 46, 43, 14, 18, 67, 60, 13, 7, 24, 4, 47, 55
25 3 41, 35, 38, 8, 37, 44, 5, 27, 19, 51, 16, 6, 40, 48, 22, 30, 66, 61, 53, 42, 54, 58
26 1 6, 28, 67, 49, 35, 34, 58, 47, 32, 59, 42, 64, 4, 31, 8, 66, 39, 46, 0, 21, 53, 43, 56, 55, 27, 15, 44, 14, 40, 24, 20, 17, 1, 54
26 2 22, 13, 11, 63, 16, 52, 65, 60, 25, 30, 45, 57, 12, 29, 48, 38, 37, 5, 10, 18, 9, 3, 50, 62, 41, 61, 51, 2, 23, 19, 33, 7, 36
27 1 6, 26, 44, 63, 32, 29, 39, 20, 58, 22, 50, 16, 34, 0, 52, 2, 14, 43, 59, 31, 67, 5, 1
27 2 7, 64, 33, 19, 57, 60, 35, 21, 9, 38, 54, 61, 12, 65, 36, 48, 55, 56, 47, 8, 15, 10
27 3 45, 17, 23, 3, 66, 41, 51, 62, 18, 25, 24, 30, 53, 13, 46, 49, 28, 42, 4, 40, 37, 11
28 1 36, 50, 46, 64, 55, 4, 25, 17, 67, 61, 59, 33, 23, 16, 47, 6, 10, 21, 48, 62, 60, 44, 26
28 2 18, 22, 5, 14, 45, 9, 19, 54, 66, 20, 43, 1, 37, 40, 29, 11, 38, 8, 52, 35, 49, 51
28 3 0, 63, 34, 2, 58, 65, 32, 30, 27, 15, 3, 39, 31, 53, 13, 41, 57, 24, 7, 56, 12, 42
29 1 12, 42, 13, 16, 59, 55, 51, 39, 43, 52, 58, 9, 35, 40, 8, 37, 28, 27, 46, 38, 17, 48, 7, 41, 10, 15, 21, 67, 11, 61, 32, 47, 33, 14
29 2 57, 49, 0, 64, 4, 1, 24, 19, 66, 18, 54, 62, 25, 36, 5, 53, 2, 63, 45, 26, 3, 34, 44, 30, 65, 22, 31, 50, 56, 20, 6, 60, 23
30 1 49, 22, 0, 50, 45, 56, 10, 44, 62, 38, 37, 31, 51, 19, 43, 58, 8, 18, 40, 12, 6, 3, 54
30 2 55, 20, 42, 32, 26, 27, 2, 17, 33, 67, 5, 57, 1, 52, 11, 28, 34, 66, 16, 41, 59, 64
30 3 35, 29, 63, 15, 13, 48, 9, 25, 60, 47, 21, 46, 4, 36, 61, 7, 39, 23, 53, 65, 24, 14
31 1 60, 55, 3, 48, 10, 26, 44, 17, 0, 23, 39, 34, 30, 51, 5, 25, 45, 65, 24, 2, 28, 50, 46
31 2 64, 16, 19, 61, 66, 37, 15, 63, 67, 27, 62, 57, 11, 8, 43, 58, 4, 21, 47, 1, 54, 49
31 3 41, 9, 59, 56, 7, 12, 22, 52, 33, 20, 42, 40, 6, 32, 13, 53, 14, 38, 35, 29, 18, 36
32 1 61, 49, 60, 66, 54, 14, 21, 24, 10, 56, 42, 23, 28, 8, 16, 37, 43, 45, 31, 0, 59, 39, 25
32 2 67, 52, 2, 7, 34, 53, 27, 18, 65, 44, 6, 9, 64, 36, 55, 40, 41, 1, 48, 58, 5, 33
32 3 46, 3, 47, 35, 22, 50, 51, 11, 12, 63, 20, 30, 29, 13, 15, 26, 4, 17, 38, 57, 62, 19
33 1 22, 25, 3, 57, 20, 51, 42, 54, 16, 34, 18, 62, 4, 60, 23, 13, 36, 50, 45, 49, 58, 52, 55
33 2 11, 61, 31, 8, 17, 14, 12, 63, 47, 67, 2, 30, 46, 7, 40, 10, 56, 38, 35, 39, 24, 5
33 3 32, 48, 15, 21, 26, 19, 6, 37, 41, 59, 28, 66, 0, 29, 44, 65, 43, 1, 27, 53, 64, 9
34 1 53, 51, 56, 57, 1, 3, 64, 49, 28, 59, 48, 44, 58, 33, 7, 0, 43, 67, 36, 35, 46, 26, 20
34 2 12, 14, 21, 17, 22, 19, 55, 23, 32, 66, 52, 4, 27, 6, 15, 62, 60, 40, 13, 65, 50, 63
34 3 11, 10, 42, 8, 38, 61, 5, 18, 16, 45, 25, 30, 39, 41, 37, 29, 9, 24, 2, 31, 47, 54
35 1 13, 6, 61, 51, 33, 32, 19, 55, 15, 16, 36, 67, 37, 31, 27, 60, 53, 1, 47, 24, 48, 22, 58
35 2 12, 66, 14, 52, 8, 50, 39, 17, 18, 49, 65, 43, 21, 54, 10, 25, 0, 45, 40, 11, 23, 34
35 3 7, 64, 5, 26, 42, 62, 20, 63, 44, 3, 4, 28, 41, 56, 46, 9, 38, 59, 29, 57, 30, 2
36 1 35, 16, 23, 67, 9, 17, 25, 41, 2, 28, 42, 32, 58, 53, 55, 63, 33, 19, 50, 31, 7, 12, 13, 52, 24, 29, 21, 61, 26, 51, 0, 43, 30, 14
36 2 48, 18, 37, 56, 22, 8, 47, 38, 40, 45, 65, 11, 34, 54, 44, 5, 62, 64, 1, 59, 46, 6, 49, 39, 60, 15, 57, 66, 27, 4, 10, 20, 3
37 1 26, 35, 41, 9, 42, 36, 23, 31, 45, 19, 8, 60, 63, 22, 15, 12, 40, 17, 14, 57, 1, 38, 48, 47, 54, 50, 28, 56, 67, 58, 52, 7, 33, 53
37 2 66, 51, 24, 49, 13, 44, 39, 27, 3, 29, 6, 65, 25, 16, 21, 34, 2, 30, 0, 11, 61, 5, 64, 18, 20, 55, 32, 59, 10, 62, 46, 4, 43
38 1 63, 52, 32, 16, 37, 5, 43, 6, 20, 21, 54, 18, 64, 46, 49, 44, 66, 35, 41, 45, 4, 59, 58, 67, 33, 31, 47, 60, 14, 24, 13, 12, 11, 25
38 2 39, 0, 9, 2, 8, 40, 15, 17, 57, 22, 42, 28, 61, 19, 10, 26, 65, 30, 51, 56, 50, 7, 27, 53, 62, 36, 3, 1, 29, 55, 23, 48, 34
39 1 19, 1, 65, 13, 4, 40, 20, 27, 60, 37, 54, 28, 5, 56, 23, 42, 55, 34, 35, 21, 16, 8, 62
39 2 9, 6, 7, 33, 63, 12, 24, 38, 22, 67, 51, 58, 61, 44, 15, 66, 26, 30, 50, 53, 49, 11
39 3 52, 43, 47, 14, 48, 46, 17, 31, 45, 36, 3, 10, 25, 41, 32, 18, 0, 2, 57, 59, 64, 29
40 1 31, 38, 54, 41, 58, 22, 64, 63, 18, 25, 9, 7, 30, 49, 24, 59, 55, 44, 46, 32, 57, 35, 53
40 2 27, 39, 61, 0, 8, 33, 16, 62, 1, 60, 43, 45, 65, 47, 66, 19, 15, 10, 56, 3, 26, 42
40 3 4, 36, 67, 12, 13, 28, 48, 51, 2, 6, 52, 11, 20, 5, 37, 50, 29, 17, 34, 21, 14, 23
41 1 35, 4, 37, 51, 2, 31, 38, 62, 36, 8, 55, 23, 14, 27, 58, 5, 39, 49, 29, 18, 46, 43, 53, 30, 48, 7, 11, 65, 16, 20, 54, 32, 45, 52
41 2 34, 44, 64, 0, 17, 12, 9, 24, 10, 28, 63, 3, 60, 57, 40, 26, 19, 33, 67, 22, 59, 66, 25, 50, 21, 6, 15, 1, 47, 56, 61, 13, 42
42 1 54, 62, 35, 6, 9, 21, 19, 63, 33, 10, 27, 23, 25, 11, 28, 7, 32, 38, 51, 58, 61, 31, 34
42 2 40, 0, 20, 66, 55, 3, 15, 12, 60, 46, 18, 45, 47, 24, 4, 29, 67, 50, 64, 39, 30, 65
42 3 53, 1, 49, 36, 8, 57, 22, 16, 5, 44, 48, 59, 52, 56, 2, 26, 17, 37, 14, 13, 41, 43
43 1 28, 10, 9, 2, 54, 21, 66, 67, 63, 17, 61, 34, 0, 29, 49, 26, 46, 45, 39, 60, 20, 11, 36
43 2 42, 4, 8, 6, 14, 23, 24, 32, 16, 1, 18, 62, 19, 56, 27, 50, 25, 41, 52, 33, 31, 53
43 3 35, 38, 5, 40, 64, 58, 37, 57, 22, 47, 12, 59, 7, 48, 65, 13, 3, 51, 30, 55, 15, 44
44 1 13, 51, 21, 20, 4, 36, 57, 66, 60, 63, 49, 53, 12, 35, 0, 61, 37, 48, 32, 10, 34, 56, 31, 45, 52, 15, 39, 8, 65, 40, 23, 25, 33, 11
44 2 26, 38, 3, 14, 22, 62, 58, 16, 17, 64, 42, 27, 29, 50, 19, 30, 18, 7, 6, 47, 59, 41, 46, 55, 5, 9, 24, 2, 67, 43, 1, 54, 28
45 1 21, 48, 51, 47, 43, 10, 63, 3, 32, 41, 12, 39, 27, 25, 16, 6, 22, 58, 46, 53, 59, 24, 0
45 2 60, 40, 54, 14, 62, 56, 20, 66, 7, 28, 31, 67, 35, 36, 18, 52, 33, 34, 19, 15, 55, 57
45 3 1, 5, 37, 38, 50, 2, 26, 65, 44, 61, 64, 11, 13, 23, 17, 29, 9, 42, 4, 8, 30, 49
46 1 35, 50, 54, 9, 44, 13, 51, 52, 8, 28, 17, 24, 57, 49, 33, 42, 16, 45, 47, 10, 38, 34, 37
46 2 20, 0, 55, 18, 63, 61, 25, 7, 12, 58, 27, 56, 4, 21, 59, 32, 15, 31, 29, 64, 53, 67
46 3 1, 2, 19, 5, 66, 65, 3, 23, 26, 39, 22, 40, 30, 62, 36, 60, 41, 43, 14, 6, 48, 11
47 1 38, 43, 33, 15, 41, 23, 35, 44, 36, 28, 53, 3, 10, 9, 29, 30, 7, 65, 55, 12, 25, 62, 60
47 2 46, 24, 31, 14, 19, 48, 67, 26, 58, 8, 16, 2, 18, 45, 52, 17, 34, 27, 13, 57, 6, 50
47 3 54, 56, 0, 20, 64, 59, 66, 42, 37, 63, 1, 49, 22, 61, 4, 39, 11, 5, 21, 51, 32, 40
48 1 8, 30, 57, 12, 36, 11, 4, 49, 37, 0, 18, 26, 42, 14, 10, 16, 28, 39, 61, 58, 52, 50, 6
48 2 54, 3, 35, 40, 41, 64, 29, 59, 43, 60, 7, 5, 47, 19, 23, 45, 31, 62, 21, 53, 17, 66
48 3 27, 33, 9, 2, 34, 1, 20, 15, 65, 38, 25, 32, 13, 44, 51, 46, 67, 56, 55, 24, 63, 22
49 1 57, 59, 14, 17, 60, 39, 44, 43, 12, 54, 3, 46, 38, 42, 18, 61, 21, 11, 66, 2, 52, 56, 32
49 2 0, 45, 41, 62, 24, 29, 50, 64, 40, 10, 53, 30, 37, 26, 47, 65, 22, 13, 27, 34, 33, 20
49 3 9, 55, 58, 1, 51, 4, 25, 15, 67, 31, 5, 6, 63, 36, 28, 19, 35, 8, 7, 48, 23, 16
50 1 29, 32, 46, 35, 59, 12, 39, 22, 40, 7, 51, 4, 30, 42, 54, 56, 60, 37, 36, 49, 24, 18, 57
50 2 28, 38, 66, 5, 63, 21, 11, 6, 44, 47, 64, 31, 23, 48, 27, 61, 16, 19, 14, 43, 2, 34
50 3 55, 53, 3, 1, 10, 15, 20, 25, 17, 26, 52, 62, 33, 45, 13, 41, 58, 67, 8, 9, 65, 0
51 1 12, 43, 38, 65, 11, 8, 30, 17, 1, 29, 56, 61, 27, 58, 39, 53, 31, 10, 24, 34, 4, 47, 37
51 2 57, 41, 19, 66, 16, 3, 45, 63, 33, 42, 49, 32, 64, 14, 26, 36, 52, 55, 18, 13, 20, 54
51 3 35, 67, 48, 59, 28, 21, 2, 25, 44, 22, 23, 6, 9, 5, 0, 46, 7, 60, 50, 15, 40, 62
52 1 65, 50, 45, 43, 34, 62, 17, 3, 57, 28, 0, 6, 26, 35, 47, 40, 59, 55, 16, 64, 51, 58, 53
52 2 9, 22, 21, 33, 37, 2, 44, 32, 46, 56, 29, 12, 23, 1, 42, 7, 20, 11, 39, 5, 49, 36
52 3 25, 67, 61, 31, 30, 15, 27, 48, 54, 60, 19, 18, 66, 14, 24, 38, 10, 63, 4, 13, 41, 8
53 1 31, 17, 5, 25, 4, 66, 55, 40, 9, 32, 28, 49, 13, 57, 38, 56, 58, 44, 12, 27, 24, 37, 1
53 2 67, 34, 6, 39, 45, 43, 0, 33, 47, 16, 36, 20, 61, 11, 48, 7, 51, 19, 21, 52, 23, 18
53 3 26, 22, 65, 64, 35, 63, 60, 3, 8, 41, 10, 30, 42, 14, 2, 46, 59, 54, 62, 50, 29, 15
54 1 2, 31, 53, 58, 28, 1, 18, 35, 46, 21, 3, 30, 65, 64, 9, 52, 50, 14, 25, 6, 57, 48, 4, 66, 51, 67, 22, 13, 19, 15, 7, 55, 61, 26
54 2 8, 10, 37, 23, 45, 36, 12, 24, 11, 39, 5, 56, 40, 63, 49, 16, 41, 20, 60, 38, 27, 47, 17, 62, 0, 29, 33, 32, 34, 43, 59, 42, 44
55 1 3, 37, 36, 48, 53, 41, 64, 30, 67, 49, 17, 65, 9, 6, 46, 62, 63, 33, 1, 61, 16, 35, 50
55 2 43, 8, 34, 13, 40, 4, 56, 23, 29, 42, 58, 57, 10, 26, 51, 2, 19, 59, 12, 66, 25, 45
55 3 5, 24, 7, 28, 18, 52, 22, 20, 21, 54, 11, 44, 60, 14, 39, 15, 32, 31, 0, 27, 47, 38
56 1 55, 19, 15, 23, 17, 48, 65, 18, 51, 39, 7, 38, 52, 60, 26, 29, 67, 16, 22, 1, 49, 58, 30, 3, 27, 14, 32, 43, 28, 24, 0, 66, 25, 41
56 2 11, 40, 47, 36, 45, 10, 34, 9, 20, 53, 54, 2, 62, 6, 8, 33, 35, 63, 46, 42, 57, 44, 12, 64, 13, 4, 61, 50, 59, 37, 31, 5, 21
57 1 0, 11, 16, 52, 64, 25, 23, 34, 45, 8, 1, 33, 43, 4, 63, 61, 21, 39, 7, 62, 42, 35, 60, 59, 67, 37, 30, 53, 32, 47, 58, 56, 31, 48
57 2 36, 38, 9, 66, 13, 26, 46, 20, 18, 10, 22, 14, 29, 49, 51, 5, 44, 2, 55, 12, 54, 41, 24, 40, 28, 27, 65, 15, 3, 19, 50, 17, 6
58 1 51, 32, 49, 61, 25, 67, 54, 41, 52, 64, 46, 13, 55, 21, 30, 18, 60, 56, 22, 14, 12, 5, 8
58 2 19, 63, 62, 40, 28, 53, 6, 9, 34, 42, 0, 45, 10, 1, 27, 3, 35, 24, 15, 38, 11, 31
58 3 43, 2, 20, 50, 26, 4, 7, 33, 59, 36, 57, 65, 16, 48, 23, 39, 37, 66, 29, 47, 44, 17
59 1 63, 53, 50, 28, 39, 9, 3, 6, 61, 4, 15, 7, 55, 44, 14, 11, 10, 64, 24, 42, 34, 51, 26, 48, 35, 22, 29, 5, 62, 1, 65, 47, 66, 20
59 2 45, 13, 12, 56, 67, 41, 33, 16, 54, 37, 21, 32, 31, 8, 0, 57, 30, 46, 36, 17, 52, 2, 49, 23, 38, 60, 18, 43, 58, 25, 40, 27, 19
60 1 59, 24, 48, 52, 62, 32, 30, 5, 8, 31, 49, 41, 38, 13, 10, 58, 35, 42, 3, 25, 65, 14, 27
60 2 61, 56, 57, 63, 9, 34, 16, 19, 0, 37, 11, 23, 18, 47, 6, 39, 1, 33, 4, 28, 67, 20
60 3 29, 43, 53, 50, 36, 22, 46, 15, 26, 40, 17, 2, 7, 51, 55, 54, 44, 64, 21, 12, 45, 66
61 1 44, 20, 59, 3, 32, 65, 0, 27, 45, 54, 22, 24, 2, 10, 23, 53, 13, 62, 51, 63, 36, 58, 56
61 2 33, 29, 16, 4, 40, 11, 19, 48, 26, 15, 60, 35, 14, 43, 18, 21, 49, 1, 57, 37, 9, 67
61 3 55, 34, 47, 66, 7, 52, 28, 5, 31, 8, 38, 42, 6, 30, 39, 50, 25, 12, 41, 17, 64, 46
62 1 53, 13, 54, 3, 61, 37, 60, 7, 46, 39, 64, 14, 35, 42, 57, 30, 21, 28, 34, 18, 5, 23, 67
62 2 29, 25, 38, 27, 50, 4, 26, 48, 63, 59, 58, 31, 44, 52, 36, 16, 11, 10, 41, 55, 17, 49
62 3 65, 6, 15, 20, 43, 12, 2, 66, 24, 9, 45, 1, 40, 47, 51, 22, 0, 33, 32, 56, 8, 19
63 1 5, 57, 27, 19, 16, 58, 6, 55, 0, 47, 17, 2, 66, 40, 39, 24, 46, 52, 43, 28, 64, 31, 34
63 2 50, 45, 42, 41, 8, 53, 54, 32, 49, 33, 26, 22, 13, 67, 15, 14, 48, 65, 11, 37, 61, 9
63 3 60, 51, 21, 59, 30, 4, 36, 1, 7, 38, 20, 12, 25, 23, 56, 10, 44, 3, 62, 18, 29, 35
64 1 31, 47, 16, 22, 66, 63, 3, 20, 56, 21, 65, 40, 6, 45, 60, 53, 41, 37, 48, 44, 29, 67, 11
64 2 12, 38, 59, 7, 13, 15, 19, 54, 14, 26, 35, 57, 33, 0, 30, 8, 1, 9, 39, 61, 36, 32
64 3 5, 17, 25, 24, 2, 58, 23, 4, 42, 10, 52, 18, 27, 28, 43, 55, 50, 49, 51, 46, 62, 34
65 1 15, 40, 25, 21, 57, 36, 9, 31, 58, 67, 23, 6, 20, 12, 33, 13, 24, 55, 59, 30, 16, 42, 19
65 2 51, 35, 62, 0, 44, 39, 61, 14, 11, 50, 66, 47, 43, 41, 29, 5, 64, 32, 48, 26, 3, 34
65 3 2, 54, 28, 53, 8, 60, 22, 46, 17, 45, 52, 27, 7, 4, 49, 18, 38, 10, 37, 56, 1, 63
66 1 63, 62, 42, 65, 1, 20, 59, 9, 61, 37, 30, 57, 54, 33, 45, 28, 53, 64, 23, 7, 0, 17, 15
66 2 29, 67, 44, 14, 43, 27, 18, 21, 5, 55, 36, 31, 35, 32, 52, 16, 51, 2, 40, 8, 50, 24
66 3 26, 49, 58, 46, 56, 39, 60, 34, 19, 10, 47, 11, 13, 48, 38, 22, 3, 25, 6, 12, 4, 41
67 1 29, 45, 40, 50, 21, 13, 35, 18, 2, 24, 58, 9, 28, 47, 65, 1, 61, 5, 30, 51, 32, 41, 26, 6, 25, 64, 38, 23, 63, 14, 42, 39, 17, 4
67 2 54, 55, 36, 37, 27, 60, 8, 46, 59, 0, 66, 10, 12, 7, 48, 33, 20, 31, 19, 53, 22, 15, 57, 56, 62, 3, 44, 49, 34, 52, 43, 11, 16