0 1 11621, 2583
0 2 1974, 1186
0 3 1186, 2332
1 1 3469
1 2 13426
2 1 7795, 13188
2 2 1635, 11242
2 3 9421, 911
3 1 10782, 1865
3 2 13835, 12056
3 3 12056, 12056
4 1 8988, 8833, 12910, 7195, 11196, 10734, 3814, 10520, 8204, 7571, 9267, 12465, 11575
4 2 10743, 9463, 5748, 3885, 10568, 3979, 4853, 3374, 8073, 9267, 3106, 3282, 10799
5 1 536
5 2 536
6 1 7525, 7742, 12265, 4956, 14019, 2494, 3675, 6301, 1559, 7722
6 2 8021, 485, 11935, 4674, 9822, 8801, 7120, 10623, 57, 6092
7 1 3449, 12021, 7467, 10982, 6623, 11970, 3606, 5427, 3746, 5068
7 2 11970, 1471, 3449, 9314, 216, 5456, 12398, 6373, 13469, 2059
7 3 13891, 7467, 13900, 9535, 8654, 5068, 12125, 9007, 9314, 6751
8 1 4184
8 2 4184
9 1 2761, 12858, 11857, 13776, 731, 11229
9 2 1955, 6179, 8941, 13556, 4061, 13744
10 1 16
10 2 8927
11 1 9789, 11029
11 2 2222, 11784
12 1 10850, 6103, 3877
12 2 10500, 11738, 6206
13 1 1780, 532, 10074, 7384, 4845
13 2 10478, 3622, 4452, 9517, 11507
14 1 2586, 2045
14 2 9644, 755
14 3 5557, 1882
15 1 5279, 9690, 976, 7846, 13208, 3777
15 2 130, 7532, 4709, 13942, 2263, 11169
16 1 3897, 9206, 13273, 3760, 9669, 2144, 346, 3205, 9509, 5733, 2453, 10812, 11506
16 2 9359, 4120, 6452, 1820, 4828, 11088, 6943, 10626, 7898, 3149, 13816, 3140, 2303
17 1 6216, 2439, 2381, 2132, 13203, 12187, 3007, 9080, 9303, 5088, 5740, 13110, 5514, 12073, 3574, 13086, 1252, 4006, 2421, 7382, 12875, 2198, 13563, 5790, 784, 2025, 8091, 1380, 5383, 2660, 1511, 4051, 10795, 702, 12764, 13086, 12211, 6617, 4819, 13850, 1244, 10047, 6656, 7487, 3436, 2307, 2025, 1602, 2306, 5931, 2198, 7617
17 2 10711, 3574, 3668, 4083, 9538, 7134, 2274, 2439, 5484, 5514, 7382, 9764, 3597, 13153, 6398, 2312, 1748, 207, 9262, 11547, 2306, 6630, 1899, 9518, 1928, 10077, 7933, 6250, 2220, 12875, 12324, 11069, 5519, 5484, 11909, 2007, 2186, 3194, 8584, 5790, 1747, 8170, 10862, 6495, 5415, 8912, 12053, 10711, 827, 5717, 10342, 8647
17 3 4118, 2660, 7907, 4509, 7468, 8184, 2920, 9646, 5383, 13490, 6398, 9243, 621, 3274, 5790, 11397, 6664, 575, 13646, 11909, 10333, 13821, 6449, 7375, 9751, 9906, 12861, 2439, 2258, 9154, 7594, 9694, 1059, 6127, 5760, 3124, 7907, 4093, 3121, 9906, 12368, 11085, 9113, 13206, 7098, 10607, 6228, 13153, 9398, 9303, 12071, 10527
18 1 1509, 5216, 2428, 4318, 6015, 8920, 2171, 2513, 11653, 7005, 547, 4691, 4957, 105, 665, 11820, 11894, 13719, 8766, 5358, 1114, 9321, 2171, 8086, 5378, 3222
18 2 2829, 1663, 6422, 10423, 506, 13890, 13790, 13700, 10609, 428, 4811, 479, 4200, 4608, 12046, 11147, 9166, 2117, 12337, 10257, 8502, 10092, 9110, 547, 7148, 12344
18 3 4279, 6286, 803, 566, 12078, 9621, 1062, 2260, 859, 8062, 476, 8108, 5552, 454, 12886, 5678, 13472, 12078, 624, 13764, 1861, 2904, 7596, 13939, 8191, 10989
19 1 7922, 1577, 6500, 11993, 3708, 12610, 2242, 7325, 11989
19 2 12401, 8737, 4167, 1353, 2237, 2622, 13549, 8113, 6770
20 1 9316, 12179, 5932, 11276, 2621, 8646, 6639, 6195, 514, 10567, 11644, 1207, 4044, 13239, 4422
20 2 6568, 7218, 4624, 3418, 4095, 1600, 10059, 3134, 13583, 2123, 5813, 1197, 13782, 7636, 13304
21 1 309, 8981, 8164, 1841
21 2 8942, 11999, 1095, 4124
22 1 1761, 1761
22 2 13101, 12433
22 3 5263, 9924
23 1 13929, 3595, 12441, 10628, 9083, 12181, 2525, 6732, 13376, 7496, 6346, 9559, 7126, 6343, 4127, 11829, 3703, 13525, 10454, 766, 4475, 6444, 13761, 5680, 6854, 5066, 838, 6768, 8126, 766, 2070, 13848, 13525, 7645, 2326, 1866, 9603, 12361, 12851, 5246, 6981, 10655, 2765, 6090, 1924, 9738, 11924, 2943
23 2 4831, 2384, 8338, 4033, 82, 5366, 7999, 3846, 6981, 6257, 5829, 12477, 908, 678, 7398, 5680, 7187, 3356, 1935, 11448, 12541, 352, 2654, 8618, 3112, 6112, 9008, 10361, 13262, 12989, 3427, 4778, 4831, 82, 10352, 14011, 6394, 12235, 11314, 9123, 3020, 11623, 6163, 11807, 2988, 12792, 5959, 145
23 3 13403, 13343, 13535, 6407, 5898, 14015, 13455, 13262, 12197, 6112, 7637, 3028, 10116, 5497, 1858, 574, 6585, 6346, 5246, 3100, 6739, 3947, 9044, 5361, 2325, 3883, 5670, 2597, 10432, 2273, 4357, 3989, 13860, 6688, 12976, 9114, 2290, 6346, 6086, 10555, 12218, 6316, 13012, 8608, 2943, 11252, 838, 13929
24 1 7021, 10664
24 2 7883, 7021
24 3 12227, 6240
25 1 12080, 864, 4919, 1623
25 2 6946, 118, 10275, 11292
25 3 3880, 1523, 6723, 13360
26 1 5508, 6142
26 2 5498, 2387
27 1 3123, 10135
27 2 11086, 7124
27 3 6919, 10135
28 1 1752, 3609, 959, 11281, 9266, 3609, 4153, 7829, 9266, 2205
28 2 1034, 11783, 4228, 11874, 10627, 1423, 1697, 8557, 1862, 13279
28 3 10385, 92, 3263, 5402, 7926, 12271, 12319, 7132, 6672, 92
29 1 1916, 6675, 1388
29 2 7345, 3773, 1916
30 1 11569, 5886, 10844, 8335, 2684, 13871, 9685, 3186, 13896, 6772, 5803, 11273, 1226, 4893, 4300, 6226, 7475, 4435, 1763, 6761, 7862, 5803, 14048, 11044, 8709, 10441, 691, 3742
30 2 7239, 13061, 2605, 7642, 9167, 6168, 10332, 7, 5886, 11952, 7960, 8361, 5803, 11013, 3803, 3144, 11637, 5272, 12215, 1270, 11600, 10729, 3628, 7764, 6153, 8033, 1763, 149
30 3 10429, 7747, 11273, 6168, 3975, 13545, 13171, 2488, 11952, 3324, 4435, 12946, 7074, 2820, 8335, 4923, 10729, 11077, 13061, 9036, 10267, 13514, 11695, 2993, 4162, 9558, 149, 107
31 1 9070, 7657, 969, 11963, 1272, 6390, 5297, 12059, 9499, 6510
31 2 9070, 6220, 10106, 9866, 822, 7821, 6390, 1614, 10106, 6404
31 3 509, 6404, 4174, 5074, 7509, 10715, 3603, 5771, 6208, 9475
32 1 6380, 285, 7507, 1052, 13098, 13813, 202, 9364, 5751, 1052, 7806, 12921
32 2 13401, 202, 3748, 3519, 7806, 12586, 12681, 1661, 4830, 10015, 11690, 9124
32 3 2008, 11083, 2682, 12921, 4995, 13663, 5639, 5831, 2127, 10147, 13775, 6219
33 1 7717, 779, 9368, 9357, 8902, 7324, 2653, 1325, 1271, 2371, 7324, 11504
33 2 3178, 11839, 3341, 11504, 7082, 12693, 10357, 12995, 11369, 3058, 112, 6998
33 3 144, 5640, 10197, 5343, 5316, 8176, 1037, 2854, 6157, 1826, 10338, 9125
34 1 9146, 3526
34 2 11297, 1554
34 3 11297, 2817
35 1 6395, 8506, 5374, 9536, 5891, 11956, 5711, 3558, 10215, 7470, 10365, 4308, 9152, 6254, 6236, 8650, 7661, 11512, 10450, 8574, 1098, 4601, 1227, 545, 4990, 260, 11785, 4001, 5168, 7939, 6387, 6651, 13875, 13464, 12603, 1189, 2975, 6975, 12382, 9911, 8885, 4457, 6143, 1183, 188, 12048, 3657, 12451, 1246, 11065, 7466, 3005, 8758, 8019, 10331, 13019, 11556, 5825, 11328, 8672, 3638, 11045, 3032, 6857, 8486, 13494, 7718, 7736, 3498, 800, 2217, 3481, 1725, 1468, 10811, 12676, 9785, 12272, 2143, 339, 12409, 9090, 2192, 13630, 7054, 7247, 12641, 9488, 10731, 5013, 12569, 14005, 12761, 8625, 7914, 8124, 2570, 11457, 8808, 4809, 11642, 5457, 117, 8227, 12055, 3192, 4776, 83, 3403, 572, 8001, 7962, 12274, 4990, 13368, 3311, 5034, 8381, 9817, 5676, 4481, 13611, 13464, 8047, 1952, 3111, 11095, 12382, 13789, 5374, 11986, 12099, 10763, 3241, 14077, 3251, 10451, 11953, 6944, 2999, 8499, 2475, 12674, 10639
35 2 4313, 7083, 14005, 6779, 1457, 5908, 1637, 2610, 4663, 103, 8044, 6446, 7196, 4909, 4933, 4677, 8670, 2120, 12291, 12049, 12935, 7397, 9553, 6147, 1379, 9213, 9803, 13300, 1649, 12498, 11744, 10446, 13187, 12773, 4004, 13630, 1951, 3380, 11502, 1714, 5838, 12001, 8469, 10356, 8871, 4807, 10867, 6143, 13291, 7010, 2092, 7191, 5727, 7379, 7020, 8020, 9915, 4117, 4578, 7850, 727, 1725, 6441, 12783, 5623, 11431, 12312, 3115, 9090, 11786, 824, 1418, 12828, 11431, 4992, 10778, 11701, 4891, 1468, 7850, 7498, 10224, 711, 3453, 12722, 6811, 3111, 9944, 1443, 8650, 5835, 10076, 4313, 11302, 12049, 5913, 8561, 11991, 5265, 5875, 10360, 7593, 3639, 8525, 1987, 12312, 103, 6546, 4743, 5631, 14039, 5633, 1831, 5799, 8784, 11897, 1421, 1367, 12010, 12569, 6646, 12349, 7543, 6975, 4467, 11364, 9407, 13901, 5065, 6692, 4677, 5855, 10504, 8871, 2521, 8019, 13267, 3995, 13592, 12697, 8262, 3985, 5516, 6736
35 3 9279, 6166, 804, 359, 9770, 1211, 7993, 5902, 5457, 11317, 3388, 4917, 9911, 10076, 13969, 10524, 4990, 5324, 13060, 9941, 10387, 10819, 9894, 2932, 10694, 12603, 5268, 9872, 3863, 6154, 4686, 2139, 4678, 11109, 11747, 6021, 3515, 267, 7536, 9604, 6757, 6825, 956, 6252, 12537, 1280, 2030, 4578, 998, 13160, 10821, 5729, 7010, 12695, 4158, 1831, 326, 9275, 850, 6218, 14049, 14040, 12190, 13518, 6196, 7939, 11512, 2665, 4573, 10143, 9088, 12569, 3898, 6387, 7990, 166, 7736, 6028, 11454, 8132, 4717, 12800, 6252, 10523, 1049, 4197, 13315, 5434, 9923, 12081, 5921, 74, 13494, 12448, 1206, 2712, 4121, 8849, 3750, 5676, 2539, 6826, 12894, 4909, 12370, 13695, 4642, 2413, 7196, 9229, 12296, 12545, 689, 11998, 11434, 13264, 1984, 10397, 3837, 12442, 5516, 1028, 11677, 10521, 3129, 13290, 3014, 4925, 7921, 1873, 3848, 13632, 1637, 13540, 13889, 12786, 9850, 2521, 4308, 7962, 13723, 9746, 11335, 11832
36 1 332, 1456, 3599, 12456, 6583, 12635, 8839, 8252, 9760
36 2 11525, 6841, 794, 10112, 12456, 13317, 7671, 9918, 5283
37 1 3103, 8632, 8658, 11725, 1408, 12277, 1008
37 2 10088, 3713, 10926, 1277, 13489, 5002, 12012
38 1 10261, 13656, 95, 372, 9395, 3734, 1512, 4856, 10093, 8302, 1102, 49, 8442, 12777, 9293, 4451
38 2 10064, 5906, 12870, 2884, 12426, 4892, 3906, 710, 10093, 3346, 2361, 7566, 3567, 3802, 13656, 2852
39 1 2886, 5667, 8394, 3930, 6858, 9593, 12486, 327, 7892, 1715, 1476, 9542, 13231, 8531, 9064, 7656, 7832, 7093, 12236, 10692, 8175, 5935
39 2 12494, 4658, 8697, 5404, 533, 12602, 151, 4842, 204, 23, 8175, 10170, 6974, 8755, 14093, 11774, 11353, 14056, 4612, 3396, 7551, 6467
39 3 1191, 4239, 1476, 4612, 10897, 3634, 1574, 5217, 13602, 1124, 1505, 6600, 7050, 13471, 9688, 6310, 12968, 1304, 13320, 10170, 7753, 6914
40 1 11724, 11064, 9844, 11388, 3794, 5171
40 2 6382, 6669, 7672, 11064, 11724, 9118
40 3 10122, 4874, 12834, 9844, 6982, 8810
41 1 6227
41 2 6755
42 1 13614, 4344
42 2 7434, 11954
42 3 5476, 1220
43 1 10413, 3517, 10997, 5920, 2397, 11123, 9485, 9344, 2425, 6097, 1605, 11180, 13716, 7826, 882, 12022, 10633, 10956, 11537, 4065, 11, 10847, 7660, 12339, 10672, 2899, 631, 8860, 13393, 1230, 3158, 11284, 4139, 5164, 9816, 2978, 11633, 8599, 1890, 11861, 6704, 12313, 11444, 2959, 7776, 5236, 4428, 10118, 4653, 13077, 12417, 6765, 9258, 7222, 4852, 6072, 10459, 3810, 11647, 5563, 9057, 5714, 13077, 12878, 13500, 1605, 9658, 1743, 10671, 12787, 882, 4982, 8337, 2287, 4204, 1790, 11395, 11498, 8362, 8401, 10476, 10846, 1615, 1521, 2084, 2694, 13615, 12259, 9653, 12340, 5018, 1729, 2991, 2294, 9493, 7884, 3264, 6661, 3467, 4311, 7826, 10633, 7072, 8140, 4066, 6901, 8570, 3835, 3615, 9792
43 2 10253, 13356, 12111, 11168, 6661, 153, 3978, 2486, 1887, 9038, 2868, 9717, 7952, 12938, 13502, 7459, 10961, 12739, 4796, 2636, 8794, 6771, 1556, 9129, 11418, 4065, 4667, 11180, 12130, 13925, 7032, 6581, 8649, 5113, 9288, 8624, 11, 9799, 6602, 10975, 2287, 7275, 10981, 2937, 9291, 12464, 12231, 1550, 5018, 1945, 1051, 1587, 9715, 6277, 2840, 293, 7044, 4473, 9288, 2840, 5108, 7724, 6870, 9788, 4944, 8569, 1945, 5868, 10072, 9653, 2235, 10398, 10634, 13487, 10823, 7831, 1302, 5165, 10490, 9570, 5049, 9096, 9191, 77, 1210, 1740, 8690, 13978, 4787, 11219, 5563, 4997, 926, 9802, 3327, 9579, 9493, 9017, 13244, 3535, 7037, 4696, 10069, 4380, 9334, 7748, 5635, 8092, 609, 8326
43 3 9129, 2284, 12996, 13342, 6457, 6042, 10792, 11250, 6242, 4473, 8443, 12037, 8402, 455, 7976, 4844, 6049, 11937, 290, 10367, 4699, 8052, 7748, 3262, 6969, 7117, 11838, 9334, 8772, 6072, 13898, 2751, 11207, 2062, 8489, 9017, 10961, 6344, 1230, 12131, 6722, 287, 7541, 9581, 13615, 4563, 10110, 10238, 4286, 10032, 591, 510, 8296, 10634, 5583, 6139, 11168, 851, 4563, 6124, 2978, 2959, 7546, 10777, 13864, 7841, 8855, 4752, 2937, 7646, 7660, 8084, 8601, 11903, 3397, 9619, 7897, 13156, 9876, 5684, 10558, 8074, 6834, 3508, 13120, 11559, 9672, 4667, 10237, 8928, 9657, 8593, 3835, 9291, 7801, 9103, 2319, 4160, 2486, 3044, 10803, 2442, 10032, 7952, 8023, 4697, 7906, 4804, 5441, 12951
44 1 10115, 2567, 1024, 481, 13681, 7130, 2961, 6288, 8399, 6681, 6361, 5566, 7781, 11075, 2997, 3083
44 2 11907, 6679, 9810, 5696, 10853, 901, 10876, 7058, 2145, 14042, 3907, 11590, 4928, 13830, 362, 11282
45 1 3338, 8075, 8008, 1238, 523, 6609, 8157, 3685, 3338, 13747, 10663, 8075, 12351, 9929
45 2 4330, 7620, 9774, 10351, 2847, 5580, 3338, 2675, 4849, 13186, 12351, 4123, 10351, 11833
45 3 4330, 4025, 4123, 6910, 1920, 870, 13186, 11363, 11322, 6978, 6725, 14051, 9627, 11206
46 1 9201, 9783, 2715, 2292, 3594, 4154, 3343, 9618, 4954, 5300, 7497, 5673, 2527, 6565, 1586, 13699, 12801, 2527, 3097, 2841, 9315, 4171, 2078, 5151, 10830, 8404, 4954, 9497
46 2 11371, 6595, 9806, 9095, 11657, 4649, 2393, 12936, 5996, 9315, 3958, 7471, 11545, 10826, 8313, 542, 9592, 8888, 5617, 9914, 5172, 5151, 7572, 9566, 5925, 2715, 3821, 9806
46 3 1949, 13589, 9943, 9072, 10207, 8592, 10535, 10828, 8211, 6369, 13152, 1004, 542, 5996, 3780, 10207, 13152, 10458, 3343, 5188, 6130, 438, 1004, 8838, 1639, 2527, 12226, 9072
47 1 3991, 13779, 4341, 3991, 8806, 11492
47 2 2321, 9884, 7317, 11492, 2969, 5474
47 3 14014, 6408, 4501, 7317, 13411, 7749
48 1 7202, 10757, 4871, 3193, 1665, 6132, 1518, 8032, 5534, 5058, 2283, 3067
48 2 10037, 2288, 7896, 4878, 13548, 6571, 10045, 3372, 2241, 11565, 4881, 6890
48 3 10098, 2268, 1631, 3000, 10935, 9222, 11568, 5534, 11090, 2869, 4638, 3193
49 1 5120, 162, 10000, 5208, 11106, 5101, 12372, 8878, 9356, 14066, 2400, 7099, 13928, 8177, 5208, 1003, 5247, 10794, 1724, 4685
49 2 3793, 3501, 10330, 4685, 11261, 7244, 617, 4074, 12528, 15, 7139, 237, 13818, 5247, 5845, 7452, 9107, 1444, 4484, 6693
49 3 1444, 1007, 8742, 7489, 7027, 7232, 7561, 3836, 12528, 9846, 12495, 13129, 4769, 10359, 1448, 1407, 4309, 11271, 12860, 7452
50 1 2159, 2352, 2625, 8330, 13363, 10334, 5823, 11394, 11906, 3160, 6087, 7257, 484, 8317, 12084, 12920, 4186, 12320, 10616, 13689, 9093, 4898, 1174, 4610, 2465, 1793, 12511, 11116, 4306, 2249, 6900, 2052, 14099, 3220, 14079, 4274, 11790, 5369, 12511, 235, 10256, 1284, 10334, 7128, 9560, 4214, 1362, 5841, 3936, 40, 6529, 2490, 9840, 8431, 14079, 253, 11612, 13363, 7805, 4186, 7547, 1224, 7227, 11691, 7237, 8916, 6029, 6605, 9507, 10027, 12680, 13370, 5322, 9452, 5857, 7530
50 2 12113, 5243, 1221, 10033, 5255, 11727, 979, 4737, 10764, 2905, 4274, 8096, 3308, 2538, 11587, 13834, 5742, 6468, 10019, 9671, 7998, 5109, 1895, 6018, 3542, 4018, 4620, 7702, 5132, 713, 9324, 13867, 5769, 1940, 577, 12775, 517, 3936, 10184, 9137, 6641, 12638, 5704, 8431, 1894, 6351, 4622, 6328, 2859, 5998, 5865, 10676, 2960, 5396, 7903, 670, 12585, 3429, 1722, 6260, 3936, 322, 40, 915, 8505, 5063, 579, 7686, 8276, 7702, 3694, 4887, 1267, 9901, 3755, 12320
50 3 7296, 10065, 3909, 707, 1362, 9480, 11518, 6280, 9224, 12507, 2087, 11320, 11025, 5244, 9324, 5769, 10532, 1224, 11141, 2480, 4850, 2129, 5322, 6260, 10067, 6177, 1727, 1010, 3926, 11584, 10391, 13097, 8183, 12649, 2341, 10764, 4157, 8141, 3172, 994, 13685, 13710, 1604, 10843, 8306, 1241, 8174, 11342, 5666, 6414, 1292, 8803, 12576, 3339, 4722, 5570, 606, 10929, 500, 8911, 10487, 11997, 501, 8317, 5511, 3778, 4952, 10965, 2547, 5841, 10305, 5078, 12320, 10773, 5109, 2794
51 1 9300, 1025
51 2 13378, 11534
51 3 11582, 6698
52 1 12753, 13174, 13743, 488, 13406, 6403, 8235, 4531, 7251, 488
52 2 11127, 7515, 5318, 12305, 11873, 7007, 6713, 6102, 11817, 10148
52 3 85, 13178, 387, 50, 4772, 6537, 6403, 12165, 5608, 1178
53 1 7824, 3445, 6053, 2472, 11755, 10017, 7085, 10947, 11052, 5982, 5686, 14004, 6749, 8094, 11972, 13882, 3465, 11770, 11878, 27, 7107, 639, 2648, 8304, 14004, 1734, 10798, 1626, 4015, 2481
53 2 868, 13154, 2455, 464, 11466, 2197, 5649, 8473, 7401, 5982, 11289, 8241, 7019, 10891, 4594, 9429, 9257, 7173, 5951, 29, 3849, 2860, 5050, 9622, 8627, 11980, 7300, 7727, 5757, 4617
53 3 9861, 9565, 6976, 5606, 5117, 7863, 3710, 3813, 10855, 6466, 8802, 6642, 10424, 8587, 9376, 6749, 7401, 3779, 2038, 6554, 2824, 9670, 7508, 3142, 13729, 11878, 13431, 9077, 5878, 286
54 1 7269, 12898, 7112, 12380
54 2 1756, 2929, 7138, 8423
55 1 1233, 9955, 5342, 3827, 4710, 6696, 887, 6527, 6357, 2452
55 2 1315, 5183, 6667, 8090, 13825, 10346, 887, 1315, 7979, 12974
55 3 7266, 6107, 13100, 2493, 3744, 12328, 11039, 4049, 11689, 1265
56 1 1344, 9767, 12978, 4115, 9056, 12950, 168, 984, 2987, 763, 2418, 11408, 9562, 3801, 10272, 4704, 2787, 13619, 7048, 4673, 250, 7708, 301, 10550, 1060, 6657, 1932, 6746, 5584, 13280, 6887, 456, 10943, 13884, 8078, 6552, 4472, 8577, 13983, 13612, 11800, 6557, 8524, 13310, 5076, 10565, 10927, 31, 5967, 11910, 8896, 4847, 3367, 10705, 5337, 2110, 12490, 7707, 12988, 6145, 8914, 8669, 12631, 2593, 12, 11585, 1482, 11159, 1688, 2862, 6582, 13643, 7045, 2029, 13697, 9416, 9974, 8180, 13669, 13820, 1384, 1888, 228, 1591, 6774
56 2 3686, 12902, 3425, 6988, 4252, 5106, 11793, 1934, 9575, 9161, 5422, 3781, 7957, 1595, 608, 12950, 1239, 9330, 11368, 154, 12383, 7855, 2850, 5133, 7271, 7125, 10944, 8503, 3131, 9010, 763, 10752, 13664, 8255, 210, 6439, 3698, 11399, 2598, 3719, 9454, 12733, 3580, 8842, 3138, 9034, 9477, 7816, 772, 2907, 7691, 4450, 626, 9049, 13260, 13766, 12379, 5893, 11821, 10546, 161, 12205, 2701, 13289, 1231, 3184, 9134, 937, 970, 4538, 1529, 2972, 2754, 3854, 7629, 4762, 4655, 7838, 2109, 4085, 13400, 435, 353, 8663, 3565
57 1 7238, 8969, 11358, 4562, 10052, 440
57 2 9951, 3826, 3952, 12927, 7770, 3141
58 1 10407, 8673, 4462, 11926
58 2 5231, 4462, 9302, 9573
58 3 10407, 4205, 8673, 6631
59 1 4666, 5455, 1374, 8228, 13430
59 2 2456, 1664, 1534, 7697, 10396
60 1 11497, 1572, 5487, 11661, 11765, 10700, 14008, 8263, 32, 4355, 2933, 9190, 13759, 4232
60 2 7309, 10735, 7639, 5030, 620, 13093, 295, 614, 893, 2366, 1386, 2076, 13759, 361
60 3 1816, 519, 11497, 614, 8201, 9203, 8292, 13718, 8263, 2640, 6893, 12678, 5487, 1816
61 1 4767, 8139, 12105, 8407, 262, 9578, 9732, 6542, 14022, 658, 9548, 9220, 7018, 9578, 12941, 12868
61 2 8219, 6215, 11233, 1117, 3884, 12350, 10078, 1016, 6492, 14022, 11288, 12350, 12748, 4303, 10786, 300
61 3 7441, 955, 12748, 10162, 7913, 10993, 300, 3920, 8898, 10993, 12960, 6508, 7548, 656, 12838, 1848
62 1 3681, 6820
62 2 3317, 2667
62 3 10938, 5728
63 1 4327, 8010, 12742, 2357, 2704, 9467, 8350, 13314, 12489, 5389
63 2 11835, 12926, 12934, 14085, 8171, 13621, 2499, 13907, 12742, 1515
63 3 2563, 10549, 764, 6753, 13735, 9963, 11304, 2563, 8171, 2238
64 1 9933, 13638, 380, 9183, 2577, 4818, 10044, 14072, 4059, 9613, 4198, 10188, 10537, 9028, 3833, 3804, 785, 8513, 12287, 10683, 13283, 11117, 5786, 4863, 12750, 2903, 9311, 12831, 785, 11914, 9001, 3661, 7272, 6671, 8322, 10880, 8520, 10274, 5469, 2756, 11777, 8725, 2963, 13483, 11709, 9613, 13319, 3536, 3833, 12353, 3273, 1830
64 2 307, 8861, 2266, 6762, 4863, 12252, 4442, 11272, 9028, 11757, 2327, 11470, 4576, 13236, 1954, 2882, 1479, 11312, 14098, 493, 9399, 8046, 10495, 10044, 1426, 1236, 298, 13274, 13499, 13236, 3312, 12038, 2882, 8853, 4876, 3137, 1452, 380, 13123, 7263, 10244, 11178, 7206, 4965, 10044, 3536, 7143, 8718, 10683, 3661, 1810, 3972
64 3 9147, 14098, 13283, 7175, 9444, 860, 8320, 2441, 13696, 5347, 5071, 10254, 3237, 6520, 3431, 2741, 4761, 8511, 6879, 4766, 785, 8664, 7143, 12038, 4266, 10718, 6498, 1483, 12750, 6543, 2012, 3745, 968, 7738, 6521, 9235, 13150, 13476, 10103, 13319, 12835, 2236, 7205, 13624, 1144, 2395, 4059, 7887, 3283, 5984, 5745, 9399
65 1 12933, 3562, 7526, 7142, 3359, 1414, 8101, 3175, 12408, 7142, 7190, 1160, 3359, 2913
65 2 14030, 6833, 3845, 12487, 1731, 12090, 10280, 12701, 7343, 6084, 13331, 13392, 4350, 3562
65 3 3001, 11160, 9896, 14030, 5918, 4745, 7970, 3707, 8575, 6789, 2104, 6084, 7172, 9549
66 1 8523, 11951, 9086, 8873, 7369, 5897, 12112, 1560, 13254, 1975, 4268, 10273, 858, 4505, 1774, 6742, 4052, 230, 1750, 7683, 10581, 1261, 8551, 12747, 11620, 8660, 4206, 12905, 5460, 7954, 101, 3024
66 2 8771, 11057, 7521, 1120, 4566, 4539, 1083, 3353, 5548, 499, 1975, 6066, 8748, 6014, 9780, 1794, 2386, 8231, 12844, 2821, 9021, 8154, 3223, 10157, 1938, 11721, 10183, 1297, 9084, 787, 305, 13205
66 3 7994, 11620, 974, 1813, 11721, 7721, 787, 4566, 1917, 2965, 10007, 2763, 13435, 2295, 12460, 13829, 10547, 8117, 2190, 7860, 12295, 6035, 7369, 4052, 12112, 4899, 7136, 1297, 11150, 6908, 13287, 6011
67 1 2430, 7756, 1786, 5100, 3213, 13348
67 2 11073, 2952, 568, 4967, 12813, 132