0 1 7
0 2 13
0 3 12
0 4 6
0 5 26
0 6 20
0 7 4
0 8 3
0 9 16
0 10 9
0 11 21
0 12 25
0 13 8
0 14 31
0 15 23
0 16 11
0 17 18
0 18 24
0 19 10
0 20 1
0 21 14
0 22 34
0 23 30
0 24 27
0 25 17
0 26 5
0 27 29
0 28 15
0 29 28
0 30 22
0 31 19
0 32 33
0 33 2
0 34 32
1 1 11
1 2 14
1 3 25
1 4 22
1 5 10
1 6 0
1 7 13
1 8 2
1 9 8
1 10 6
1 11 31
1 12 20
1 13 28
1 14 29
1 15 34
1 16 17
1 17 16
1 18 23
1 19 33
1 20 18
1 21 4
1 22 27
1 23 5
1 24 32
1 25 7
1 26 3
1 27 26
1 28 15
1 29 21
1 30 24
1 31 9
1 32 12
1 33 19
1 34 30
2 1 6
2 2 9
2 3 19
2 4 0
2 5 34
2 6 7
2 7 11
2 8 24
2 9 10
2 10 12
2 11 1
2 12 16
2 13 17
2 14 20
2 15 23
2 16 22
2 17 18
2 18 32
2 19 26
2 20 25
2 21 21
2 22 5
2 23 33
2 24 31
2 25 30
2 26 29
2 27 15
2 28 27
2 29 13
2 30 4
2 31 14
2 32 3
2 33 28
2 34 8
3 1 7
3 2 10
3 3 26
3 4 30
3 5 25
3 6 20
3 7 21
3 8 24
3 9 11
3 10 0
3 11 16
3 12 5
3 13 32
3 14 6
3 15 29
3 16 13
3 17 4
3 18 31
3 19 14
3 20 2
3 21 27
3 22 28
3 23 18
3 24 12
3 25 23
3 26 33
3 27 22
3 28 8
3 29 34
3 30 9
3 31 19
3 32 1
3 33 15
3 34 17
4 1 3
4 2 24
4 3 14
4 4 8
4 5 13
4 6 17
4 7 21
4 8 7
4 9 27
4 10 12
4 11 29
4 12 22
4 13 32
4 14 16
4 15 1
4 16 33
4 17 0
4 18 20
4 19 25
4 20 19
4 21 26
4 22 6
4 23 23
4 24 5
4 25 30
4 26 11
4 27 31
4 28 18
4 29 34
4 30 15
4 31 10
4 32 2
4 33 9
4 34 28
5 1 8
5 2 30
5 3 19
5 4 20
5 5 7
5 6 11
5 7 6
5 8 31
5 9 1
5 10 15
5 11 24
5 12 3
5 13 28
5 14 18
5 15 2
5 16 21
5 17 34
5 18 26
5 19 13
5 20 9
5 21 23
5 22 25
5 23 33
5 24 0
5 25 32
5 26 22
5 27 14
5 28 17
5 29 29
5 30 10
5 31 4
5 32 27
5 33 16
5 34 12
6 1 29
6 2 30
6 3 18
6 4 20
6 5 28
6 6 4
6 7 22
6 8 31
6 9 33
6 10 17
6 11 7
6 12 24
6 13 13
6 14 5
6 15 27
6 16 26
6 17 14
6 18 9
6 19 3
6 20 10
6 21 21
6 22 16
6 23 19
6 24 1
6 25 2
6 26 15
6 27 32
6 28 11
6 29 0
6 30 8
6 31 25
6 32 12
6 33 23
6 34 34
7 1 17
7 2 2
7 3 3
7 4 33
7 5 27
7 6 12
7 7 19
7 8 21
7 9 16
7 10 23
7 11 18
7 12 20
7 13 24
7 14 0
7 15 25
7 16 13
7 17 1
7 18 29
7 19 8
7 20 10
7 21 28
7 22 9
7 23 30
7 24 11
7 25 15
7 26 6
7 27 14
7 28 32
7 29 5
7 30 31
7 31 34
7 32 26
7 33 22
7 34 4
8 1 12
8 2 11
8 3 18
8 4 16
8 5 0
8 6 33
8 7 10
8 8 27
8 9 15
8 10 6
8 11 28
8 12 1
8 13 30
8 14 17
8 15 34
8 16 7
8 17 22
8 18 19
8 19 9
8 20 31
8 21 23
8 22 2
8 23 3
8 24 29
8 25 24
8 26 14
8 27 26
8 28 20
8 29 21
8 30 32
8 31 4
8 32 5
8 33 13
8 34 25
9 1 22
9 2 5
9 3 3
9 4 6
9 5 13
9 6 18
9 7 2
9 8 10
9 9 34
9 10 4
9 11 24
9 12 17
9 13 29
9 14 7
9 15 15
9 16 26
9 17 16
9 18 11
9 19 31
9 20 23
9 21 21
9 22 25
9 23 8
9 24 20
9 25 12
9 26 32
9 27 27
9 28 14
9 29 28
9 30 30
9 31 0
9 32 1
9 33 33
9 34 19
10 1 18
10 2 6
10 3 29
10 4 21
10 5 20
10 6 8
10 7 15
10 8 17
10 9 26
10 10 14
10 11 7
10 12 3
10 13 30
10 14 23
10 15 22
10 16 28
10 17 2
10 18 27
10 19 24
10 20 31
10 21 5
10 22 11
10 23 33
10 24 0
10 25 12
10 26 16
10 27 9
10 28 25
10 29 4
10 30 19
10 31 32
10 32 1
10 33 13
10 34 34
11 1 7
11 2 8
11 3 23
11 4 12
11 5 33
11 6 17
11 7 14
11 8 32
11 9 13
11 10 6
11 11 29
11 12 10
11 13 30
11 14 15
11 15 31
11 16 2
11 17 22
11 18 27
11 19 1
11 20 9
11 21 26
11 22 21
11 23 5
11 24 34
11 25 4
11 26 25
11 27 19
11 28 16
11 29 18
11 30 24
11 31 3
11 32 0
11 33 20
11 34 28
12 1 22
12 2 18
12 3 8
12 4 28
12 5 23
12 6 10
12 7 1
12 8 13
12 9 2
12 10 33
12 11 16
12 12 29
12 13 25
12 14 32
12 15 30
12 16 31
12 17 4
12 18 9
12 19 17
12 20 24
12 21 14
12 22 26
12 23 27
12 24 7
12 25 5
12 26 11
12 27 15
12 28 19
12 29 20
12 30 21
12 31 3
12 32 0
12 33 6
12 34 34
13 1 19
13 2 4
13 3 8
13 4 2
13 5 30
13 6 7
13 7 23
13 8 3
13 9 29
13 10 25
13 11 27
13 12 32
13 13 18
13 14 9
13 15 31
13 16 14
13 17 15
13 18 11
13 19 6
13 20 24
13 21 34
13 22 33
13 23 10
13 24 28
13 25 17
13 26 12
13 27 26
13 28 0
13 29 1
13 30 20
13 31 16
13 32 21
13 33 5
13 34 22
14 1 18
14 2 29
14 3 15
14 4 2
14 5 28
14 6 0
14 7 34
14 8 13
14 9 17
14 10 12
14 11 3
14 12 8
14 13 7
14 14 9
14 15 20
14 16 16
14 17 25
14 18 30
14 19 1
14 20 21
14 21 23
14 22 26
14 23 22
14 24 27
14 25 24
14 26 10
14 27 4
14 28 6
14 29 5
14 30 32
14 31 11
14 32 31
14 33 33
14 34 19
15 1 20
15 2 22
15 3 27
15 4 18
15 5 3
15 6 33
15 7 4
15 8 10
15 9 23
15 10 34
15 11 1
15 12 25
15 13 0
15 14 7
15 15 16
15 16 32
15 17 30
15 18 8
15 19 5
15 20 26
15 21 17
15 22 31
15 23 6
15 24 21
15 25 13
15 26 2
15 27 19
15 28 12
15 29 9
15 30 24
15 31 11
15 32 29
15 33 14
15 34 28
16 1 0
16 2 34
16 3 6
16 4 10
16 5 14
16 6 32
16 7 15
16 8 24
16 9 26
16 10 29
16 11 7
16 12 12
16 13 11
16 14 19
16 15 3
16 16 30
16 17 1
16 18 20
16 19 25
16 20 18
16 21 17
16 22 27
16 23 22
16 24 9
16 25 31
16 26 13
16 27 2
16 28 5
16 29 4
16 30 28
16 31 21
16 32 8
16 33 33
16 34 23
17 1 6
17 2 14
17 3 11
17 4 23
17 5 34
17 6 31
17 7 8
17 8 22
17 9 16
17 10 32
17 11 13
17 12 5
17 13 12
17 14 15
17 15 27
17 16 18
17 17 29
17 18 28
17 19 10
17 20 26
17 21 21
17 22 0
17 23 33
17 24 2
17 25 9
17 26 20
17 27 25
17 28 19
17 29 7
17 30 30
17 31 4
17 32 24
17 33 1
17 34 3
18 1 24
18 2 27
18 3 7
18 4 29
18 5 8
18 6 16
18 7 2
18 8 26
18 9 15
18 10 10
18 11 6
18 12 21
18 13 4
18 14 33
18 15 20
18 16 3
18 17 22
18 18 9
18 19 25
18 20 12
18 21 19
18 22 1
18 23 5
18 24 28
18 25 34
18 26 30
18 27 0
18 28 14
18 29 13
18 30 17
18 31 23
18 32 32
18 33 31
18 34 11
19 1 15
19 2 34
19 3 0
19 4 30
19 5 7
19 6 16
19 7 9
19 8 2
19 9 29
19 10 20
19 11 17
19 12 22
19 13 28
19 14 31
19 15 32
19 16 5
19 17 14
19 18 4
19 19 10
19 20 13
19 21 21
19 22 1
19 23 6
19 24 27
19 25 8
19 26 12
19 27 11
19 28 18
19 29 33
19 30 25
19 31 23
19 32 3
19 33 26
19 34 24
20 1 22
20 2 2
20 3 14
20 4 26
20 5 31
20 6 6
20 7 9
20 8 24
20 9 19
20 10 28
20 11 18
20 12 12
20 13 4
20 14 7
20 15 3
20 16 33
20 17 25
20 18 30
20 19 1
20 20 23
20 21 21
20 22 8
20 23 5
20 24 0
20 25 29
20 26 16
20 27 15
20 28 17
20 29 32
20 30 27
20 31 10
20 32 11
20 33 34
20 34 13
21 1 18
21 2 15
21 3 24
21 4 22
21 5 7
21 6 6
21 7 14
21 8 4
21 9 17
21 10 13
21 11 9
21 12 28
21 13 29
21 14 34
21 15 20
21 16 2
21 17 33
21 18 3
21 19 23
21 20 12
21 21 0
21 22 25
21 23 11
21 24 19
21 25 32
21 26 31
21 27 26
21 28 8
21 29 1
21 30 27
21 31 10
21 32 5
21 33 16
21 34 30
22 1 4
22 2 10
22 3 6
22 4 33
22 5 19
22 6 29
22 7 27
22 8 25
22 9 24
22 10 26
22 11 32
22 12 17
22 13 34
22 14 5
22 15 3
22 16 8
22 17 20
22 18 16
22 19 2
22 20 15
22 21 7
22 22 12
22 23 23
22 24 30
22 25 9
22 26 13
22 27 28
22 28 0
22 29 1
22 30 14
22 31 18
22 32 31
22 33 11
22 34 21
23 1 3
23 2 31
23 3 18
23 4 7
23 5 28
23 6 12
23 7 22
23 8 30
23 9 29
23 10 13
23 11 0
23 12 27
23 13 5
23 14 34
23 15 17
23 16 1
23 17 26
23 18 10
23 19 21
23 20 8
23 21 19
23 22 25
23 23 11
23 24 4
23 25 32
23 26 9
23 27 33
23 28 16
23 29 6
23 30 14
23 31 20
23 32 24
23 33 15
23 34 2
24 1 26
24 2 7
24 3 13
24 4 4
24 5 20
24 6 0
24 7 8
24 8 9
24 9 30
24 10 17
24 11 27
24 12 28
24 13 16
24 14 19
24 15 2
24 16 3
24 17 34
24 18 32
24 19 31
24 20 29
24 21 23
24 22 33
24 23 25
24 24 14
24 25 15
24 26 11
24 27 21
24 28 10
24 29 18
24 30 6
24 31 22
24 32 12
24 33 1
24 34 5
25 1 33
25 2 15
25 3 21
25 4 10
25 5 30
25 6 32
25 7 19
25 8 11
25 9 7
25 10 28
25 11 12
25 12 24
25 13 3
25 14 18
25 15 16
25 16 23
25 17 9
25 18 5
25 19 26
25 20 8
25 21 22
25 22 2
25 23 14
25 24 13
25 25 20
25 26 27
25 27 0
25 28 34
25 29 4
25 30 31
25 31 17
25 32 6
25 33 29
25 34 1
26 1 32
26 2 16
26 3 15
26 4 17
26 5 2
26 6 25
26 7 24
26 8 12
26 9 28
26 10 13
26 11 34
26 12 7
26 13 8
26 14 5
26 15 4
26 16 14
26 17 30
26 18 31
26 19 21
26 20 19
26 21 29
26 22 1
26 23 22
26 24 20
26 25 18
26 26 11
26 27 0
26 28 33
26 29 10
26 30 9
26 31 27
26 32 6
26 33 3
26 34 23
27 1 1
27 2 32
27 3 12
27 4 25
27 5 10
27 6 21
27 7 13
27 8 30
27 9 24
27 10 9
27 11 14
27 12 18
27 13 31
27 14 33
27 15 11
27 16 26
27 17 22
27 18 6
27 19 15
27 20 2
27 21 23
27 22 8
27 23 20
27 24 16
27 25 17
27 26 34
27 27 7
27 28 5
27 29 3
27 30 0
27 31 29
27 32 4
27 33 28
27 34 19
28 1 27
28 2 8
28 3 29
28 4 33
28 5 3
28 6 18
28 7 20
28 8 16
28 9 19
28 10 15
28 11 4
28 12 6
28 13 30
28 14 24
28 15 17
28 16 26
28 17 21
28 18 2
28 19 32
28 20 1
28 21 12
28 22 31
28 23 5
28 24 0
28 25 34
28 26 25
28 27 13
28 28 11
28 29 14
28 30 10
28 31 23
28 32 9
28 33 7
28 34 22
29 1 9
29 2 27
29 3 15
29 4 21
29 5 18
29 6 22
29 7 34
29 8 32
29 9 4
29 10 2
29 11 20
29 12 17
29 13 8
29 14 14
29 15 23
29 16 1
29 17 6
29 18 12
29 19 33
29 20 3
29 21 7
29 22 11
29 23 5
29 24 19
29 25 10
29 26 24
29 27 16
29 28 26
29 29 30
29 30 31
29 31 13
29 32 28
29 33 25
29 34 0
30 1 22
30 2 32
30 3 17
30 4 9
30 5 8
30 6 5
30 7 19
30 8 31
30 9 10
30 10 20
30 11 16
30 12 12
30 13 21
30 14 14
30 15 6
30 16 33
30 17 34
30 18 18
30 19 3
30 20 7
30 21 29
30 22 13
30 23 2
30 24 0
30 25 11
30 26 1
30 27 27
30 28 4
30 29 25
30 30 15
30 31 23
30 32 28
30 33 24
30 34 26
31 1 25
31 2 3
31 3 20
31 4 13
31 5 23
31 6 33
31 7 34
31 8 9
31 9 2
31 10 11
31 11 14
31 12 8
31 13 32
31 14 1
31 15 0
31 16 5
31 17 4
31 18 30
31 19 26
31 20 10
31 21 21
31 22 12
31 23 27
31 24 17
31 25 28
31 26 24
31 27 22
31 28 7
31 29 19
31 30 16
31 31 6
31 32 18
31 33 29
31 34 15
32 1 19
32 2 4
32 3 10
32 4 29
32 5 6
32 6 34
32 7 24
32 8 8
32 9 3
32 10 23
32 11 31
32 12 1
32 13 25
32 14 5
32 15 20
32 16 2
32 17 21
32 18 15
32 19 7
32 20 13
32 21 28
32 22 14
32 23 22
32 24 33
32 25 18
32 26 0
32 27 30
32 28 12
32 29 11
32 30 27
32 31 17
32 32 16
32 33 9
32 34 26
33 1 12
33 2 31
33 3 13
33 4 9
33 5 22
33 6 21
33 7 4
33 8 0
33 9 1
33 10 34
33 11 15
33 12 20
33 13 25
33 14 8
33 15 17
33 16 5
33 17 19
33 18 30
33 19 14
33 20 3
33 21 11
33 22 26
33 23 18
33 24 32
33 25 23
33 26 10
33 27 24
33 28 27
33 29 7
33 30 16
33 31 2
33 32 6
33 33 28
33 34 29
34 1 16
34 2 29
34 3 6
34 4 33
34 5 4
34 6 28
34 7 8
34 8 25
34 9 31
34 10 12
34 11 11
34 12 18
34 13 14
34 14 32
34 15 2
34 16 23
34 17 19
34 18 15
34 19 9
34 20 27
34 21 17
34 22 24
34 23 22
34 24 30
34 25 13
34 26 7
34 27 10
34 28 5
34 29 0
34 30 1
34 31 3
34 32 26
34 33 20
34 34 21