0 1 91
0 2 68
0 3 62
0 4 93
0 5 79
0 6 29
0 7 9
0 8 94
0 9 13
0 10 38
0 11 18
0 12 11
0 13 75
0 14 36
0 15 33
0 16 15
0 17 24
0 18 41
0 19 84
0 20 37
0 21 45
0 22 98
0 23 55
0 24 80
0 25 50
0 26 76
0 27 96
0 28 49
0 29 64
0 30 56
0 31 43
0 32 4
0 33 6
0 34 20
0 35 48
0 36 52
0 37 81
0 38 3
0 39 22
0 40 66
0 41 31
0 42 58
0 43 74
0 44 60
0 45 21
0 46 72
0 47 77
0 48 12
0 49 71
0 50 16
0 51 46
0 52 69
0 53 87
0 54 26
0 55 25
0 56 34
0 57 70
0 58 7
0 59 67
0 60 63
0 61 8
0 62 44
0 63 88
0 64 14
0 65 83
0 66 54
0 67 99
0 68 57
0 69 85
0 70 61
0 71 51
0 72 97
0 73 35
0 74 78
0 75 86
0 76 47
0 77 95
0 78 40
0 79 17
0 80 10
0 81 2
0 82 65
0 83 27
0 84 28
0 85 90
0 86 19
0 87 89
0 88 39
0 89 53
0 90 42
0 91 73
0 92 32
0 93 23
0 94 5
0 95 92
0 96 1
0 97 30
0 98 59
0 99 82
1 1 23
1 2 56
1 3 2
1 4 77
1 5 8
1 6 41
1 7 19
1 8 43
1 9 93
1 10 95
1 11 64
1 12 18
1 13 82
1 14 88
1 15 62
1 16 91
1 17 52
1 18 79
1 19 22
1 20 29
1 21 99
1 22 49
1 23 83
1 24 27
1 25 7
1 26 80
1 27 14
1 28 36
1 29 70
1 30 0
1 31 15
1 32 40
1 33 13
1 34 74
1 35 54
1 36 25
1 37 11
1 38 94
1 39 89
1 40 71
1 41 84
1 42 59
1 43 5
1 44 69
1 45 10
1 46 12
1 47 20
1 48 97
1 49 35
1 50 16
1 51 39
1 52 3
1 53 32
1 54 47
1 55 31
1 56 50
1 57 81
1 58 17
1 59 53
1 60 48
1 61 46
1 62 33
1 63 72
1 64 85
1 65 37
1 66 42
1 67 4
1 68 75
1 69 96
1 70 68
1 71 45
1 72 24
1 73 9
1 74 87
1 75 60
1 76 90
1 77 51
1 78 55
1 79 44
1 80 21
1 81 28
1 82 38
1 83 26
1 84 92
1 85 86
1 86 61
1 87 67
1 88 66
1 89 63
1 90 73
1 91 57
1 92 78
1 93 76
1 94 30
1 95 58
1 96 6
1 97 34
1 98 65
1 99 98
2 1 60
2 2 29
2 3 83
2 4 75
2 5 58
2 6 77
2 7 25
2 8 59
2 9 9
2 10 45
2 11 23
2 12 1
2 13 42
2 14 35
2 15 43
2 16 50
2 17 16
2 18 52
2 19 12
2 20 47
2 21 14
2 22 38
2 23 24
2 24 4
2 25 6
2 26 39
2 27 18
2 28 76
2 29 21
2 30 27
2 31 73
2 32 32
2 33 56
2 34 11
2 35 82
2 36 92
2 37 65
2 38 20
2 39 34
2 40 84
2 41 19
2 42 31
2 43 28
2 44 26
2 45 70
2 46 40
2 47 72
2 48 67
2 49 63
2 50 74
2 51 46
2 52 95
2 53 66
2 54 96
2 55 91
2 56 88
2 57 97
2 58 64
2 59 33
2 60 37
2 61 15
2 62 0
2 63 36
2 64 49
2 65 30
2 66 68
2 67 8
2 68 80
2 69 48
2 70 79
2 71 22
2 72 78
2 73 5
2 74 71
2 75 98
2 76 90
2 77 81
2 78 13
2 79 62
2 80 51
2 81 86
2 82 69
2 83 44
2 84 61
2 85 99
2 86 7
2 87 3
2 88 85
2 89 87
2 90 55
2 91 93
2 92 89
2 93 54
2 94 57
2 95 10
2 96 94
2 97 41
2 98 53
2 99 17
3 1 4
3 2 39
3 3 86
3 4 51
3 5 98
3 6 95
3 7 63
3 8 0
3 9 40
3 10 88
3 11 21
3 12 65
3 13 36
3 14 85
3 15 53
3 16 72
3 17 17
3 18 99
3 19 67
3 20 50
3 21 31
3 22 78
3 23 8
3 24 9
3 25 55
3 26 79
3 27 20
3 28 52
3 29 62
3 30 97
3 31 28
3 32 19
3 33 45
3 34 82
3 35 41
3 36 10
3 37 57
3 38 14
3 39 71
3 40 11
3 41 96
3 42 47
3 43 32
3 44 16
3 45 68
3 46 58
3 47 25
3 48 33
3 49 30
3 50 93
3 51 89
3 52 26
3 53 6
3 54 7
3 55 43
3 56 87
3 57 35
3 58 84
3 59 66
3 60 44
3 61 27
3 62 46
3 63 76
3 64 1
3 65 15
3 66 61
3 67 75
3 68 91
3 69 60
3 70 81
3 71 23
3 72 64
3 73 69
3 74 49
3 75 48
3 76 80
3 77 18
3 78 56
3 79 38
3 80 2
3 81 34
3 82 90
3 83 24
3 84 54
3 85 37
3 86 77
3 87 12
3 88 42
3 89 83
3 90 13
3 91 22
3 92 5
3 93 92
3 94 29
3 95 94
3 96 73
3 97 74
3 98 59
3 99 70
4 1 42
4 2 71
4 3 77
4 4 78
4 5 66
4 6 23
4 7 69
4 8 56
4 9 70
4 10 22
4 11 7
4 12 26
4 13 24
4 14 75
4 15 60
4 16 68
4 17 31
4 18 27
4 19 2
4 20 53
4 21 57
4 22 74
4 23 43
4 24 85
4 25 81
4 26 21
4 27 99
4 28 87
4 29 8
4 30 38
4 31 95
4 32 18
4 33 73
4 34 36
4 35 0
4 36 14
4 37 76
4 38 46
4 39 44
4 40 96
4 41 3
4 42 58
4 43 34
4 44 83
4 45 25
4 46 92
4 47 20
4 48 50
4 49 80
4 50 64
4 51 98
4 52 11
4 53 84
4 54 17
4 55 12
4 56 54
4 57 9
4 58 6
4 59 28
4 60 13
4 61 49
4 62 32
4 63 90
4 64 10
4 65 52
4 66 88
4 67 39
4 68 93
4 69 15
4 70 61
4 71 72
4 72 35
4 73 29
4 74 47
4 75 79
4 76 82
4 77 55
4 78 45
4 79 19
4 80 5
4 81 1
4 82 67
4 83 16
4 84 41
4 85 86
4 86 89
4 87 65
4 88 97
4 89 48
4 90 40
4 91 94
4 92 62
4 93 63
4 94 33
4 95 30
4 96 37
4 97 59
4 98 91
4 99 51
5 1 40
5 2 86
5 3 42
5 4 87
5 5 84
5 6 30
5 7 18
5 8 25
5 9 51
5 10 23
5 11 26
5 12 50
5 13 29
5 14 13
5 15 70
5 16 3
5 17 88
5 18 38
5 19 41
5 20 74
5 21 85
5 22 0
5 23 14
5 24 45
5 25 15
5 26 66
5 27 24
5 28 95
5 29 56
5 30 94
5 31 75
5 32 19
5 33 20
5 34 32
5 35 89
5 36 73
5 37 7
5 38 65
5 39 96
5 40 76
5 41 16
5 42 31
5 43 92
5 44 80
5 45 71
5 46 39
5 47 11
5 48 58
5 49 44
5 50 6
5 51 43
5 52 4
5 53 36
5 54 83
5 55 79
5 56 98
5 57 27
5 58 28
5 59 55
5 60 91
5 61 69
5 62 10
5 63 33
5 64 12
5 65 57
5 66 82
5 67 64
5 68 47
5 69 52
5 70 17
5 71 99
5 72 78
5 73 8
5 74 53
5 75 67
5 76 46
5 77 37
5 78 90
5 79 35
5 80 81
5 81 1
5 82 61
5 83 54
5 84 9
5 85 68
5 86 97
5 87 48
5 88 22
5 89 93
5 90 21
5 91 60
5 92 34
5 93 63
5 94 2
5 95 62
5 96 77
5 97 59
5 98 72
5 99 49
6 1 19
6 2 20
6 3 93
6 4 36
6 5 32
6 6 46
6 7 40
6 8 9
6 9 45
6 10 38
6 11 5
6 12 30
6 13 86
6 14 51
6 15 23
6 16 14
6 17 97
6 18 48
6 19 57
6 20 64
6 21 62
6 22 25
6 23 76
6 24 15
6 25 27
6 26 60
6 27 71
6 28 34
6 29 82
6 30 70
6 31 49
6 32 22
6 33 98
6 34 87
6 35 37
6 36 81
6 37 58
6 38 33
6 39 79
6 40 17
6 41 26
6 42 8
6 43 55
6 44 2
6 45 91
6 46 1
6 47 72
6 48 35
6 49 99
6 50 83
6 51 74
6 52 94
6 53 61
6 54 28
6 55 21
6 56 42
6 57 12
6 58 77
6 59 95
6 60 31
6 61 13
6 62 96
6 63 88
6 64 84
6 65 50
6 66 41
6 67 4
6 68 7
6 69 89
6 70 29
6 71 11
6 72 67
6 73 65
6 74 63
6 75 18
6 76 39
6 77 85
6 78 0
6 79 53
6 80 66
6 81 3
6 82 10
6 83 52
6 84 80
6 85 73
6 86 92
6 87 78
6 88 24
6 89 43
6 90 16
6 91 59
6 92 44
6 93 54
6 94 69
6 95 90
6 96 75
6 97 56
6 98 68
6 99 47
7 1 13
7 2 24
7 3 32
7 4 11
7 5 18
7 6 25
7 7 14
7 8 10
7 9 19
7 10 63
7 11 49
7 12 93
7 13 73
7 14 79
7 15 50
7 16 21
7 17 53
7 18 30
7 19 35
7 20 61
7 21 68
7 22 6
7 23 55
7 24 54
7 25 29
7 26 31
7 27 3
7 28 71
7 29 78
7 30 82
7 31 91
7 32 1
7 33 60
7 34 0
7 35 87
7 36 72
7 37 51
7 38 12
7 39 34
7 40 22
7 41 88
7 42 37
7 43 67
7 44 40
7 45 90
7 46 84
7 47 66
7 48 96
7 49 38
7 50 57
7 51 92
7 52 70
7 53 69
7 54 99
7 55 56
7 56 2
7 57 9
7 58 48
7 59 89
7 60 94
7 61 46
7 62 52
7 63 41
7 64 85
7 65 8
7 66 76
7 67 36
7 68 16
7 69 23
7 70 64
7 71 28
7 72 81
7 73 20
7 74 62
7 75 97
7 76 47
7 77 27
7 78 17
7 79 39
7 80 44
7 81 43
7 82 33
7 83 95
7 84 59
7 85 4
7 86 65
7 87 58
7 88 15
7 89 98
7 90 5
7 91 45
7 92 86
7 93 42
7 94 74
7 95 80
7 96 83
7 97 77
7 98 75
7 99 26
8 1 33
8 2 41
8 3 54
8 4 78
8 5 37
8 6 19
8 7 59
8 8 79
8 9 17
8 10 92
8 11 87
8 12 82
8 13 26
8 14 95
8 15 34
8 16 24
8 17 42
8 18 14
8 19 31
8 20 83
8 21 67
8 22 7
8 23 90
8 24 58
8 25 65
8 26 60
8 27 28
8 28 99
8 29 75
8 30 44
8 31 70
8 32 96
8 33 47
8 34 64
8 35 72
8 36 35
8 37 81
8 38 76
8 39 22
8 40 56
8 41 5
8 42 30
8 43 20
8 44 61
8 45 45
8 46 53
8 47 71
8 48 29
8 49 52
8 50 40
8 51 55
8 52 89
8 53 27
8 54 77
8 55 10
8 56 39
8 57 68
8 58 69
8 59 23
8 60 43
8 61 93
8 62 62
8 63 50
8 64 15
8 65 97
8 66 0
8 67 16
8 68 9
8 69 49
8 70 18
8 71 21
8 72 85
8 73 13
8 74 63
8 75 6
8 76 74
8 77 51
8 78 2
8 79 25
8 80 38
8 81 48
8 82 88
8 83 80
8 84 98
8 85 94
8 86 36
8 87 11
8 88 32
8 89 66
8 90 1
8 91 46
8 92 4
8 93 91
8 94 86
8 95 57
8 96 84
8 97 3
8 98 73
8 99 12
9 1 82
9 2 12
9 3 17
9 4 33
9 5 81
9 6 71
9 7 27
9 8 19
9 9 37
9 10 53
9 11 44
9 12 15
9 13 5
9 14 96
9 15 67
9 16 78
9 17 72
9 18 85
9 19 76
9 20 70
9 21 62
9 22 38
9 23 18
9 24 6
9 25 14
9 26 40
9 27 29
9 28 73
9 29 0
9 30 50
9 31 77
9 32 4
9 33 49
9 34 8
9 35 35
9 36 32
9 37 16
9 38 66
9 39 13
9 40 39
9 41 52
9 42 2
9 43 75
9 44 95
9 45 86
9 46 46
9 47 57
9 48 83
9 49 22
9 50 34
9 51 48
9 52 64
9 53 42
9 54 79
9 55 21
9 56 63
9 57 36
9 58 24
9 59 31
9 60 89
9 61 25
9 62 91
9 63 94
9 64 65
9 65 45
9 66 41
9 67 90
9 68 43
9 69 87
9 70 3
9 71 60
9 72 10
9 73 55
9 74 56
9 75 11
9 76 68
9 77 99
9 78 47
9 79 20
9 80 26
9 81 7
9 82 58
9 83 98
9 84 88
9 85 97
9 86 92
9 87 1
9 88 84
9 89 23
9 90 93
9 91 54
9 92 74
9 93 80
9 94 51
9 95 59
9 96 69
9 97 30
9 98 61
9 99 28
10 1 98
10 2 91
10 3 82
10 4 68
10 5 38
10 6 86
10 7 94
10 8 49
10 9 74
10 10 77
10 11 48
10 12 20
10 13 70
10 14 57
10 15 9
10 16 3
10 17 18
10 18 25
10 19 72
10 20 13
10 21 42
10 22 56
10 23 55
10 24 27
10 25 28
10 26 16
10 27 60
10 28 43
10 29 83
10 30 92
10 31 46
10 32 7
10 33 88
10 34 2
10 35 34
10 36 79
10 37 58
10 38 84
10 39 66
10 40 75
10 41 85
10 42 97
10 43 41
10 44 6
10 45 62
10 46 36
10 47 4
10 48 12
10 49 39
10 50 32
10 51 26
10 52 23
10 53 50
10 54 44
10 55 71
10 56 1
10 57 37
10 58 52
10 59 19
10 60 95
10 61 5
10 62 51
10 63 89
10 64 65
10 65 96
10 66 69
10 67 33
10 68 93
10 69 15
10 70 78
10 71 45
10 72 54
10 73 81
10 74 40
10 75 0
10 76 61
10 77 90
10 78 35
10 79 99
10 80 53
10 81 87
10 82 29
10 83 80
10 84 63
10 85 17
10 86 67
10 87 76
10 88 21
10 89 22
10 90 73
10 91 59
10 92 8
10 93 64
10 94 24
10 95 31
10 96 14
10 97 47
10 98 30
10 99 11
11 1 53
11 2 33
11 3 87
11 4 65
11 5 84
11 6 97
11 7 32
11 8 13
11 9 46
11 10 4
11 11 26
11 12 76
11 13 7
11 14 36
11 15 29
11 16 19
11 17 58
11 18 1
11 19 35
11 20 34
11 21 72
11 22 0
11 23 69
11 24 56
11 25 96
11 26 55
11 27 95
11 28 71
11 29 98
11 30 68
11 31 18
11 32 83
11 33 73
11 34 77
11 35 92
11 36 10
11 37 67
11 38 66
11 39 74
11 40 23
11 41 42
11 42 24
11 43 22
11 44 41
11 45 54
11 46 14
11 47 86
11 48 57
11 49 63
11 50 5
11 51 52
11 52 61
11 53 82
11 54 25
11 55 89
11 56 99
11 57 17
11 58 90
11 59 94
11 60 16
11 61 81
11 62 12
11 63 30
11 64 91
11 65 62
11 66 20
11 67 70
11 68 64
11 69 79
11 70 9
11 71 8
11 72 85
11 73 48
11 74 40
11 75 47
11 76 27
11 77 51
11 78 28
11 79 6
11 80 37
11 81 88
11 82 80
11 83 45
11 84 43
11 85 60
11 86 21
11 87 3
11 88 2
11 89 75
11 90 78
11 91 31
11 92 50
11 93 44
11 94 15
11 95 93
11 96 49
11 97 39
11 98 59
11 99 38
12 1 94
12 2 7
12 3 69
12 4 61
12 5 92
12 6 10
12 7 0
12 8 64
12 9 1
12 10 65
12 11 19
12 12 17
12 13 91
12 14 27
12 15 4
12 16 18
12 17 70
12 18 80
12 19 3
12 20 59
12 21 45
12 22 82
12 23 30
12 24 9
12 25 60
12 26 98
12 27 72
12 28 76
12 29 33
12 30 86
12 31 38
12 32 31
12 33 73
12 34 22
12 35 47
12 36 62
12 37 85
12 38 83
12 39 44
12 40 24
12 41 37
12 42 57
12 43 5
12 44 71
12 45 90
12 46 20
12 47 11
12 48 56
12 49 99
12 50 14
12 51 67
12 52 63
12 53 78
12 54 36
12 55 25
12 56 43
12 57 68
12 58 53
12 59 93
12 60 26
12 61 8
12 62 40
12 63 13
12 64 89
12 65 96
12 66 87
12 67 88
12 68 41
12 69 84
12 70 74
12 71 23
12 72 52
12 73 39
12 74 79
12 75 35
12 76 49
12 77 16
12 78 75
12 79 6
12 80 15
12 81 32
12 82 28
12 83 34
12 84 42
12 85 77
12 86 54
12 87 55
12 88 58
12 89 95
12 90 97
12 91 21
12 92 2
12 93 50
12 94 46
12 95 48
12 96 66
12 97 29
12 98 81
12 99 51
13 1 21
13 2 1
13 3 2
13 4 91
13 5 6
13 6 26
13 7 97
13 8 37
13 9 57
13 10 0
13 11 46
13 12 32
13 13 7
13 14 62
13 15 92
13 16 34
13 17 74
13 18 84
13 19 61
13 20 22
13 21 10
13 22 73
13 23 12
13 24 50
13 25 60
13 26 31
13 27 76
13 28 11
13 29 55
13 30 14
13 31 96
13 32 80
13 33 70
13 34 59
13 35 90
13 36 45
13 37 51
13 38 29
13 39 79
13 40 40
13 41 52
13 42 36
13 43 4
13 44 58
13 45 9
13 46 17
13 47 25
13 48 67
13 49 24
13 50 38
13 51 82
13 52 72
13 53 81
13 54 15
13 55 53
13 56 8
13 57 48
13 58 64
13 59 28
13 60 94
13 61 16
13 62 99
13 63 3
13 64 69
13 65 54
13 66 75
13 67 66
13 68 63
13 69 39
13 70 86
13 71 85
13 72 23
13 73 47
13 74 43
13 75 56
13 76 49
13 77 41
13 78 93
13 79 68
13 80 30
13 81 89
13 82 87
13 83 71
13 84 95
13 85 5
13 86 33
13 87 42
13 88 27
13 89 19
13 90 44
13 91 65
13 92 98
13 93 88
13 94 78
13 95 20
13 96 83
13 97 18
13 98 77
13 99 35
14 1 85
14 2 21
14 3 62
14 4 0
14 5 32
14 6 50
14 7 52
14 8 60
14 9 90
14 10 88
14 11 67
14 12 54
14 13 13
14 14 23
14 15 75
14 16 78
14 17 47
14 18 5
14 19 1
14 20 66
14 21 20
14 22 83
14 23 70
14 24 35
14 25 18
14 26 97
14 27 2
14 28 4
14 29 10
14 30 8
14 31 16
14 32 55
14 33 81
14 34 27
14 35 45
14 36 57
14 37 87
14 38 51
14 39 28
14 40 3
14 41 22
14 42 31
14 43 63
14 44 39
14 45 95
14 46 48
14 47 43
14 48 9
14 49 40
14 50 29
14 51 25
14 52 7
14 53 59
14 54 98
14 55 65
14 56 38
14 57 56
14 58 24
14 59 41
14 60 68
14 61 79
14 62 26
14 63 73
14 64 53
14 65 69
14 66 61
14 67 15
14 68 34
14 69 74
14 70 71
14 71 33
14 72 91
14 73 82
14 74 64
14 75 94
14 76 49
14 77 58
14 78 36
14 79 6
14 80 37
14 81 19
14 82 96
14 83 80
14 84 92
14 85 86
14 86 89
14 87 17
14 88 99
14 89 11
14 90 72
14 91 30
14 92 42
14 93 12
14 94 93
14 95 84
14 96 46
14 97 44
14 98 77
14 99 76
15 1 58
15 2 83
15 3 24
15 4 29
15 5 67
15 6 32
15 7 78
15 8 26
15 9 74
15 10 50
15 11 10
15 12 56
15 13 34
15 14 63
15 15 49
15 16 70
15 17 53
15 18 0
15 19 95
15 20 31
15 21 96
15 22 93
15 23 73
15 24 65
15 25 88
15 26 72
15 27 62
15 28 18
15 29 77
15 30 33
15 31 9
15 32 22
15 33 27
15 34 75
15 35 87
15 36 45
15 37 86
15 38 28
15 39 89
15 40 55
15 41 98
15 42 13
15 43 6
15 44 19
15 45 23
15 46 8
15 47 44
15 48 90
15 49 80
15 50 25
15 51 84
15 52 69
15 53 12
15 54 3
15 55 4
15 56 40
15 57 16
15 58 94
15 59 2
15 60 38
15 61 57
15 62 60
15 63 11
15 64 46
15 65 54
15 66 97
15 67 42
15 68 37
15 69 82
15 70 92
15 71 61
15 72 7
15 73 71
15 74 20
15 75 68
15 76 21
15 77 39
15 78 35
15 79 99
15 80 52
15 81 51
15 82 76
15 83 1
15 84 41
15 85 81
15 86 85
15 87 17
15 88 30
15 89 43
15 90 14
15 91 59
15 92 66
15 93 91
15 94 64
15 95 47
15 96 79
15 97 48
15 98 36
15 99 5
16 1 63
16 2 75
16 3 92
16 4 60
16 5 83
16 6 59
16 7 82
16 8 15
16 9 56
16 10 24
16 11 9
16 12 21
16 13 62
16 14 13
16 15 90
16 16 76
16 17 44
16 18 36
16 19 86
16 20 43
16 21 67
16 22 52
16 23 7
16 24 98
16 25 80
16 26 17
16 27 84
16 28 94
16 29 99
16 30 50
16 31 20
16 32 8
16 33 0
16 34 37
16 35 49
16 36 55
16 37 12
16 38 65
16 39 38
16 40 6
16 41 74
16 42 68
16 43 79
16 44 14
16 45 40
16 46 22
16 47 78
16 48 54
16 49 42
16 50 27
16 51 71
16 52 34
16 53 26
16 54 11
16 55 2
16 56 81
16 57 73
16 58 53
16 59 64
16 60 29
16 61 72
16 62 47
16 63 91
16 64 87
16 65 30
16 66 39
16 67 88
16 68 35
16 69 96
16 70 25
16 71 3
16 72 58
16 73 31
16 74 4
16 75 10
16 76 95
16 77 77
16 78 45
16 79 33
16 80 85
16 81 48
16 82 57
16 83 51
16 84 1
16 85 19
16 86 18
16 87 93
16 88 66
16 89 23
16 90 97
16 91 41
16 92 69
16 93 32
16 94 70
16 95 5
16 96 28
16 97 61
16 98 46
16 99 89
17 1 6
17 2 95
17 3 49
17 4 31
17 5 0
17 6 82
17 7 9
17 8 40
17 9 72
17 10 58
17 11 55
17 12 60
17 13 61
17 14 20
17 15 71
17 16 27
17 17 70
17 18 99
17 19 5
17 20 32
17 21 7
17 22 53
17 23 67
17 24 87
17 25 4
17 26 39
17 27 93
17 28 2
17 29 29
17 30 57
17 31 94
17 32 73
17 33 28
17 34 25
17 35 15
17 36 77
17 37 86
17 38 44
17 39 63
17 40 38
17 41 64
17 42 80
17 43 84
17 44 35
17 45 98
17 46 65
17 47 1
17 48 54
17 49 68
17 50 92
17 51 45
17 52 13
17 53 18
17 54 26
17 55 14
17 56 36
17 57 75
17 58 24
17 59 22
17 60 81
17 61 78
17 62 85
17 63 91
17 64 96
17 65 59
17 66 97
17 67 12
17 68 74
17 69 33
17 70 89
17 71 48
17 72 46
17 73 88
17 74 90
17 75 62
17 76 56
17 77 3
17 78 23
17 79 79
17 80 8
17 81 76
17 82 42
17 83 11
17 84 51
17 85 10
17 86 52
17 87 30
17 88 19
17 89 37
17 90 47
17 91 83
17 92 66
17 93 50
17 94 16
17 95 43
17 96 21
17 97 69
17 98 41
17 99 34
18 1 41
18 2 69
18 3 48
18 4 98
18 5 5
18 6 94
18 7 23
18 8 27
18 9 86
18 10 90
18 11 10
18 12 97
18 13 49
18 14 2
18 15 81
18 16 85
18 17 29
18 18 91
18 19 82
18 20 32
18 21 67
18 22 42
18 23 58
18 24 73
18 25 28
18 26 11
18 27 1
18 28 68
18 29 59
18 30 51
18 31 63
18 32 95
18 33 80
18 34 50
18 35 15
18 36 53
18 37 38
18 38 21
18 39 60
18 40 25
18 41 71
18 42 64
18 43 31
18 44 74
18 45 7
18 46 44
18 47 77
18 48 87
18 49 93
18 50 88
18 51 65
18 52 3
18 53 36
18 54 9
18 55 61
18 56 79
18 57 35
18 58 62
18 59 43
18 60 54
18 61 40
18 62 89
18 63 99
18 64 75
18 65 4
18 66 92
18 67 13
18 68 24
18 69 12
18 70 96
18 71 84
18 72 55
18 73 45
18 74 30
18 75 22
18 76 52
18 77 6
18 78 39
18 79 47
18 80 76
18 81 66
18 82 56
18 83 16
18 84 8
18 85 34
18 86 33
18 87 20
18 88 57
18 89 0
18 90 72
18 91 17
18 92 83
18 93 46
18 94 78
18 95 37
18 96 70
18 97 14
18 98 19
18 99 26
19 1 47
19 2 91
19 3 16
19 4 98
19 5 88
19 6 52
19 7 89
19 8 53
19 9 21
19 10 20
19 11 45
19 12 31
19 13 75
19 14 6
19 15 96
19 16 15
19 17 4
19 18 83
19 19 25
19 20 60
19 21 3
19 22 1
19 23 2
19 24 80
19 25 38
19 26 94
19 27 58
19 28 81
19 29 57
19 30 17
19 31 43
19 32 28
19 33 65
19 34 82
19 35 0
19 36 72
19 37 84
19 38 90
19 39 74
19 40 39
19 41 73
19 42 30
19 43 10
19 44 8
19 45 41
19 46 34
19 47 99
19 48 42
19 49 48
19 50 61
19 51 62
19 52 70
19 53 26
19 54 66
19 55 49
19 56 59
19 57 69
19 58 77
19 59 95
19 60 29
19 61 92
19 62 68
19 63 5
19 64 79
19 65 18
19 66 86
19 67 36
19 68 97
19 69 64
19 70 14
19 71 9
19 72 93
19 73 56
19 74 63
19 75 13
19 76 78
19 77 55
19 78 46
19 79 32
19 80 22
19 81 44
19 82 11
19 83 23
19 84 67
19 85 40
19 86 35
19 87 24
19 88 87
19 89 51
19 90 50
19 91 33
19 92 85
19 93 71
19 94 54
19 95 37
19 96 76
19 97 27
19 98 7
19 99 12
20 1 45
20 2 41
20 3 89
20 4 22
20 5 5
20 6 95
20 7 32
20 8 29
20 9 82
20 10 21
20 11 85
20 12 56
20 13 42
20 14 88
20 15 68
20 16 75
20 17 77
20 18 47
20 19 62
20 20 52
20 21 11
20 22 4
20 23 30
20 24 70
20 25 51
20 26 74
20 27 66
20 28 23
20 29 0
20 30 67
20 31 1
20 32 76
20 33 99
20 34 34
20 35 16
20 36 50
20 37 63
20 38 80
20 39 54
20 40 69
20 41 31
20 42 65
20 43 37
20 44 96
20 45 18
20 46 15
20 47 72
20 48 64
20 49 59
20 50 14
20 51 40
20 52 2
20 53 71
20 54 92
20 55 57
20 56 46
20 57 38
20 58 35
20 59 93
20 60 83
20 61 44
20 62 43
20 63 78
20 64 33
20 65 19
20 66 3
20 67 86
20 68 12
20 69 84
20 70 28
20 71 8
20 72 73
20 73 91
20 74 60
20 75 13
20 76 36
20 77 17
20 78 79
20 79 61
20 80 6
20 81 10
20 82 26
20 83 48
20 84 7
20 85 53
20 86 27
20 87 97
20 88 49
20 89 39
20 90 9
20 91 58
20 92 94
20 93 98
20 94 55
20 95 87
20 96 90
20 97 25
20 98 24
20 99 81
21 1 48
21 2 86
21 3 30
21 4 5
21 5 44
21 6 35
21 7 66
21 8 36
21 9 54
21 10 50
21 11 52
21 12 45
21 13 29
21 14 95
21 15 27
21 16 63
21 17 84
21 18 85
21 19 75
21 20 8
21 21 89
21 22 32
21 23 68
21 24 38
21 25 82
21 26 23
21 27 56
21 28 59
21 29 47
21 30 17
21 31 77
21 32 99
21 33 4
21 34 31
21 35 51
21 36 24
21 37 71
21 38 16
21 39 41
21 40 9
21 41 14
21 42 74
21 43 53
21 44 92
21 45 65
21 46 10
21 47 98
21 48 55
21 49 25
21 50 13
21 51 19
21 52 1
21 53 88
21 54 62
21 55 72
21 56 94
21 57 3
21 58 26
21 59 33
21 60 57
21 61 58
21 62 79
21 63 64
21 64 0
21 65 6
21 66 90
21 67 15
21 68 37
21 69 40
21 70 46
21 71 76
21 72 39
21 73 2
21 74 61
21 75 20
21 76 78
21 77 80
21 78 7
21 79 60
21 80 73
21 81 43
21 82 93
21 83 34
21 84 97
21 85 87
21 86 96
21 87 69
21 88 11
21 89 70
21 90 18
21 91 81
21 92 42
21 93 12
21 94 22
21 95 28
21 96 83
21 97 67
21 98 49
21 99 91
22 1 0
22 2 83
22 3 84
22 4 63
22 5 40
22 6 85
22 7 54
22 8 4
22 9 49
22 10 51
22 11 70
22 12 12
22 13 78
22 14 80
22 15 97
22 16 11
22 17 53
22 18 74
22 19 39
22 20 35
22 21 29
22 22 21
22 23 66
22 24 91
22 25 58
22 26 16
22 27 95
22 28 92
22 29 8
22 30 64
22 31 33
22 32 86
22 33 56
22 34 57
22 35 82
22 36 60
22 37 71
22 38 45
22 39 68
22 40 3
22 41 10
22 42 31
22 43 75
22 44 99
22 45 30
22 46 6
22 47 19
22 48 41
22 49 2
22 50 55
22 51 72
22 52 42
22 53 20
22 54 23
22 55 43
22 56 62
22 57 52
22 58 28
22 59 24
22 60 7
22 61 93
22 62 9
22 63 73
22 64 27
22 65 1
22 66 48
22 67 61
22 68 17
22 69 81
22 70 44
22 71 50
22 72 90
22 73 15
22 74 77
22 75 87
22 76 67
22 77 98
22 78 94
22 79 5
22 80 38
22 81 18
22 82 69
22 83 46
22 84 88
22 85 32
22 86 79
22 87 34
22 88 26
22 89 65
22 90 96
22 91 25
22 92 14
22 93 59
22 94 37
22 95 13
22 96 47
22 97 89
22 98 36
22 99 76
23 1 74
23 2 90
23 3 5
23 4 68
23 5 21
23 6 24
23 7 99
23 8 22
23 9 55
23 10 94
23 11 44
23 12 33
23 13 8
23 14 60
23 15 92
23 16 70
23 17 88
23 18 85
23 19 87
23 20 64
23 21 9
23 22 56
23 23 26
23 24 61
23 25 72
23 26 67
23 27 43
23 28 10
23 29 91
23 30 63
23 31 45
23 32 47
23 33 40
23 34 1
23 35 41
23 36 93
23 37 96
23 38 13
23 39 83
23 40 51
23 41 59
23 42 54
23 43 30
23 44 48
23 45 32
23 46 97
23 47 86
23 48 3
23 49 6
23 50 95
23 51 65
23 52 20
23 53 37
23 54 16
23 55 75
23 56 15
23 57 84
23 58 79
23 59 46
23 60 76
23 61 4
23 62 34
23 63 52
23 64 19
23 65 53
23 66 36
23 67 73
23 68 57
23 69 50
23 70 18
23 71 38
23 72 49
23 73 14
23 74 31
23 75 77
23 76 42
23 77 81
23 78 82
23 79 2
23 80 66
23 81 78
23 82 0
23 83 25
23 84 17
23 85 28
23 86 69
23 87 89
23 88 35
23 89 80
23 90 39
23 91 71
23 92 11
23 93 27
23 94 12
23 95 7
23 96 58
23 97 29
23 98 98
23 99 62
24 1 0
24 2 16
24 3 27
24 4 21
24 5 46
24 6 81
24 7 61
24 8 31
24 9 12
24 10 28
24 11 17
24 12 2
24 13 4
24 14 48
24 15 19
24 16 45
24 17 71
24 18 37
24 19 82
24 20 58
24 21 80
24 22 95
24 23 89
24 24 32
24 25 30
24 26 11
24 27 41
24 28 75
24 29 38
24 30 1
24 31 8
24 32 34
24 33 69
24 34 88
24 35 35
24 36 79
24 37 65
24 38 33
24 39 6
24 40 78
24 41 64
24 42 68
24 43 29
24 44 47
24 45 40
24 46 98
24 47 39
24 48 5
24 49 10
24 50 92
24 51 63
24 52 59
24 53 84
24 54 87
24 55 56
24 56 97
24 57 18
24 58 36
24 59 76
24 60 52
24 61 53
24 62 86
24 63 91
24 64 55
24 65 90
24 66 13
24 67 49
24 68 14
24 69 93
24 70 74
24 71 83
24 72 85
24 73 50
24 74 43
24 75 7
24 76 25
24 77 22
24 78 99
24 79 77
24 80 73
24 81 15
24 82 66
24 83 57
24 84 70
24 85 51
24 86 67
24 87 72
24 88 44
24 89 60
24 90 62
24 91 9
24 92 42
24 93 94
24 94 20
24 95 26
24 96 96
24 97 54
24 98 23
24 99 3
25 1 32
25 2 30
25 3 99
25 4 44
25 5 21
25 6 60
25 7 12
25 8 5
25 9 36
25 10 90
25 11 27
25 12 57
25 13 50
25 14 88
25 15 58
25 16 80
25 17 48
25 18 63
25 19 55
25 20 87
25 21 23
25 22 16
25 23 79
25 24 94
25 25 67
25 26 9
25 27 46
25 28 52
25 29 39
25 30 35
25 31 49
25 32 40
25 33 42
25 34 53
25 35 17
25 36 69
25 37 66
25 38 51
25 39 93
25 40 38
25 41 28
25 42 92
25 43 41
25 44 29
25 45 76
25 46 75
25 47 82
25 48 70
25 49 1
25 50 96
25 51 98
25 52 78
25 53 74
25 54 6
25 55 20
25 56 43
25 57 15
25 58 59
25 59 8
25 60 62
25 61 47
25 62 54
25 63 2
25 64 56
25 65 4
25 66 7
25 67 71
25 68 91
25 69 83
25 70 24
25 71 97
25 72 77
25 73 84
25 74 95
25 75 33
25 76 68
25 77 14
25 78 89
25 79 86
25 80 10
25 81 19
25 82 73
25 83 61
25 84 26
25 85 81
25 86 72
25 87 34
25 88 22
25 89 45
25 90 0
25 91 65
25 92 37
25 93 11
25 94 13
25 95 64
25 96 85
25 97 18
25 98 3
25 99 31
26 1 52
26 2 86
26 3 62
26 4 78
26 5 31
26 6 14
26 7 25
26 8 44
26 9 2
26 10 64
26 11 34
26 12 15
26 13 51
26 14 47
26 15 65
26 16 91
26 17 56
26 18 6
26 19 85
26 20 67
26 21 84
26 22 21
26 23 7
26 24 99
26 25 68
26 26 49
26 27 58
26 28 76
26 29 63
26 30 0
26 31 70
26 32 12
26 33 35
26 34 9
26 35 38
26 36 3
26 37 43
26 38 1
26 39 71
26 40 22
26 41 77
26 42 33
26 43 16
26 44 29
26 45 48
26 46 61
26 47 72
26 48 39
26 49 60
26 50 74
26 51 69
26 52 66
26 53 36
26 54 45
26 55 11
26 56 82
26 57 97
26 58 42
26 59 20
26 60 27
26 61 5
26 62 93
26 63 30
26 64 79
26 65 98
26 66 54
26 67 13
26 68 94
26 69 95
26 70 28
26 71 50
26 72 57
26 73 88
26 74 89
26 75 40
26 76 8
26 77 18
26 78 17
26 79 19
26 80 83
26 81 55
26 82 23
26 83 4
26 84 53
26 85 10
26 86 59
26 87 96
26 88 75
26 89 81
26 90 73
26 91 32
26 92 80
26 93 24
26 94 90
26 95 46
26 96 92
26 97 37
26 98 41
26 99 87
27 1 87
27 2 16
27 3 46
27 4 71
27 5 63
27 6 6
27 7 26
27 8 45
27 9 32
27 10 17
27 11 50
27 12 22
27 13 30
27 14 3
27 15 72
27 16 62
27 17 67
27 18 54
27 19 41
27 20 14
27 21 76
27 22 60
27 23 4
27 24 81
27 25 57
27 26 73
27 27 28
27 28 10
27 29 91
27 30 37
27 31 43
27 32 9
27 33 20
27 34 94
27 35 47
27 36 29
27 37 31
27 38 88
27 39 21
27 40 55
27 41 85
27 42 15
27 43 75
27 44 74
27 45 69
27 46 98
27 47 96
27 48 66
27 49 58
27 50 7
27 51 42
27 52 0
27 53 78
27 54 80
27 55 97
27 56 8
27 57 93
27 58 38
27 59 68
27 60 56
27 61 77
27 62 1
27 63 83
27 64 61
27 65 11
27 66 23
27 67 12
27 68 65
27 69 53
27 70 25
27 71 49
27 72 36
27 73 79
27 74 5
27 75 86
27 76 59
27 77 90
27 78 35
27 79 51
27 80 52
27 81 19
27 82 89
27 83 33
27 84 95
27 85 24
27 86 70
27 87 2
27 88 40
27 89 64
27 90 82
27 91 99
27 92 39
27 93 84
27 94 44
27 95 92
27 96 48
27 97 34
27 98 13
27 99 18
28 1 91
28 2 87
28 3 27
28 4 90
28 5 35
28 6 51
28 7 58
28 8 13
28 9 85
28 10 34
28 11 43
28 12 69
28 13 11
28 14 32
28 15 16
28 16 3
28 17 17
28 18 10
28 19 78
28 20 31
28 21 53
28 22 2
28 23 64
28 24 12
28 25 26
28 26 46
28 27 4
28 28 57
28 29 1
28 30 59
28 31 79
28 32 0
28 33 72
28 34 86
28 35 89
28 36 55
28 37 37
28 38 52
28 39 41
28 40 95
28 41 18
28 42 61
28 43 33
28 44 40
28 45 8
28 46 20
28 47 65
28 48 19
28 49 63
28 50 71
28 51 82
28 52 56
28 53 84
28 54 5
28 55 42
28 56 49
28 57 38
28 58 99
28 59 29
28 60 80
28 61 15
28 62 81
28 63 70
28 64 88
28 65 62
28 66 22
28 67 74
28 68 21
28 69 67
28 70 73
28 71 50
28 72 96
28 73 39
28 74 23
28 75 77
28 76 83
28 77 14
28 78 76
28 79 45
28 80 68
28 81 9
28 82 75
28 83 93
28 84 24
28 85 47
28 86 98
28 87 54
28 88 36
28 89 97
28 90 25
28 91 94
28 92 48
28 93 30
28 94 44
28 95 7
28 96 60
28 97 92
28 98 6
28 99 66
29 1 51
29 2 44
29 3 12
29 4 32
29 5 89
29 6 94
29 7 6
29 8 49
29 9 0
29 10 72
29 11 63
29 12 17
29 13 48
29 14 67
29 15 28
29 16 56
29 17 45
29 18 42
29 19 4
29 20 18
29 21 97
29 22 59
29 23 5
29 24 50
29 25 13
29 26 71
29 27 52
29 28 47
29 29 35
29 30 64
29 31 75
29 32 61
29 33 68
29 34 11
29 35 54
29 36 77
29 37 33
29 38 46
29 39 37
29 40 82
29 41 30
29 42 16
29 43 34
29 44 55
29 45 76
29 46 96
29 47 39
29 48 73
29 49 41
29 50 87
29 51 90
29 52 58
29 53 10
29 54 83
29 55 22
29 56 91
29 57 79
29 58 15
29 59 80
29 60 69
29 61 93
29 62 65
29 63 21
29 64 81
29 65 53
29 66 26
29 67 95
29 68 74
29 69 7
29 70 85
29 71 40
29 72 43
29 73 38
29 74 9
29 75 3
29 76 70
29 77 78
29 78 86
29 79 84
29 80 36
29 81 60
29 82 1
29 83 2
29 84 66
29 85 23
29 86 14
29 87 24
29 88 57
29 89 88
29 90 31
29 91 8
29 92 25
29 93 62
29 94 27
29 95 92
29 96 98
29 97 20
29 98 19
29 99 99
30 1 4
30 2 7
30 3 72
30 4 26
30 5 37
30 6 35
30 7 90
30 8 36
30 9 98
30 10 88
30 11 85
30 12 19
30 13 20
30 14 97
30 15 59
30 16 41
30 17 67
30 18 68
30 19 70
30 20 96
30 21 46
30 22 34
30 23 31
30 24 89
30 25 53
30 26 66
30 27 76
30 28 27
30 29 6
30 30 0
30 31 99
30 32 92
30 33 82
30 34 22
30 35 80
30 36 49
30 37 58
30 38 51
30 39 64
30 40 81
30 41 21
30 42 43
30 43 77
30 44 10
30 45 74
30 46 47
30 47 56
30 48 45
30 49 75
30 50 87
30 51 5
30 52 84
30 53 86
30 54 2
30 55 3
30 56 38
30 57 65
30 58 55
30 59 17
30 60 78
30 61 32
30 62 93
30 63 28
30 64 25
30 65 42
30 66 71
30 67 83
30 68 73
30 69 18
30 70 61
30 71 60
30 72 8
30 73 94
30 74 9
30 75 1
30 76 33
30 77 52
30 78 63
30 79 91
30 80 40
30 81 57
30 82 14
30 83 12
30 84 95
30 85 50
30 86 69
30 87 48
30 88 11
30 89 62
30 90 24
30 91 23
30 92 54
30 93 29
30 94 39
30 95 44
30 96 16
30 97 13
30 98 79
30 99 15
31 1 13
31 2 83
31 3 72
31 4 28
31 5 23
31 6 66
31 7 38
31 8 25
31 9 6
31 10 19
31 11 18
31 12 26
31 13 49
31 14 61
31 15 41
31 16 60
31 17 85
31 18 32
31 19 16
31 20 5
31 21 27
31 22 45
31 23 8
31 24 74
31 25 33
31 26 14
31 27 15
31 28 55
31 29 84
31 30 81
31 31 48
31 32 53
31 33 71
31 34 63
31 35 78
31 36 11
31 37 42
31 38 37
31 39 82
31 40 29
31 41 2
31 42 99
31 43 90
31 44 4
31 45 22
31 46 67
31 47 79
31 48 54
31 49 52
31 50 92
31 51 68
31 52 17
31 53 88
31 54 39
31 55 59
31 56 44
31 57 89
31 58 3
31 59 46
31 60 20
31 61 94
31 62 21
31 63 80
31 64 93
31 65 95
31 66 47
31 67 34
31 68 40
31 69 76
31 70 56
31 71 51
31 72 12
31 73 86
31 74 69
31 75 73
31 76 50
31 77 65
31 78 57
31 79 58
31 80 87
31 81 70
31 82 7
31 83 10
31 84 96
31 85 97
31 86 30
31 87 24
31 88 98
31 89 35
31 90 62
31 91 91
31 92 0
31 93 1
31 94 75
31 95 43
31 96 9
31 97 77
31 98 64
31 99 36
32 1 1
32 2 46
32 3 77
32 4 41
32 5 22
32 6 36
32 7 31
32 8 27
32 9 42
32 10 88
32 11 3
32 12 57
32 13 44
32 14 96
32 15 99
32 16 14
32 17 56
32 18 54
32 19 47
32 20 74
32 21 59
32 22 15
32 23 0
32 24 38
32 25 19
32 26 11
32 27 95
32 28 52
32 29 84
32 30 60
32 31 68
32 32 97
32 33 5
32 34 91
32 35 79
32 36 18
32 37 4
32 38 13
32 39 49
32 40 39
32 41 83
32 42 64
32 43 34
32 44 71
32 45 58
32 46 55
32 47 63
32 48 2
32 49 81
32 50 70
32 51 65
32 52 80
32 53 17
32 54 43
32 55 29
32 56 86
32 57 7
32 58 90
32 59 69
32 60 30
32 61 82
32 62 61
32 63 92
32 64 24
32 65 50
32 66 89
32 67 85
32 68 51
32 69 94
32 70 28
32 71 87
32 72 78
32 73 45
32 74 40
32 75 66
32 76 35
32 77 67
32 78 16
32 79 12
32 80 48
32 81 10
32 82 53
32 83 8
32 84 6
32 85 37
32 86 23
32 87 98
32 88 25
32 89 93
32 90 26
32 91 73
32 92 20
32 93 76
32 94 75
32 95 33
32 96 62
32 97 21
32 98 72
32 99 9
33 1 32
33 2 91
33 3 10
33 4 84
33 5 15
33 6 73
33 7 98
33 8 18
33 9 52
33 10 72
33 11 46
33 12 95
33 13 67
33 14 4
33 15 24
33 16 56
33 17 35
33 18 22
33 19 19
33 20 0
33 21 50
33 22 77
33 23 49
33 24 13
33 25 55
33 26 69
33 27 51
33 28 8
33 29 79
33 30 81
33 31 9
33 32 27
33 33 39
33 34 25
33 35 20
33 36 88
33 37 17
33 38 16
33 39 75
33 40 30
33 41 6
33 42 31
33 43 29
33 44 65
33 45 34
33 46 53
33 47 59
33 48 83
33 49 23
33 50 64
33 51 58
33 52 36
33 53 90
33 54 96
33 55 61
33 56 68
33 57 74
33 58 28
33 59 71
33 60 78
33 61 48
33 62 93
33 63 2
33 64 54
33 65 12
33 66 41
33 67 3
33 68 82
33 69 85
33 70 1
33 71 86
33 72 87
33 73 57
33 74 47
33 75 92
33 76 66
33 77 97
33 78 21
33 79 37
33 80 14
33 81 5
33 82 70
33 83 26
33 84 63
33 85 42
33 86 11
33 87 44
33 88 89
33 89 43
33 90 38
33 91 62
33 92 76
33 93 80
33 94 7
33 95 60
33 96 40
33 97 45
33 98 99
33 99 94
34 1 9
34 2 66
34 3 87
34 4 8
34 5 45
34 6 72
34 7 32
34 8 3
34 9 71
34 10 69
34 11 4
34 12 6
34 13 27
34 14 64
34 15 16
34 16 67
34 17 83
34 18 21
34 19 80
34 20 86
34 21 63
34 22 49
34 23 78
34 24 85
34 25 13
34 26 96
34 27 68
34 28 15
34 29 2
34 30 5
34 31 33
34 32 44
34 33 89
34 34 55
34 35 20
34 36 58
34 37 97
34 38 62
34 39 36
34 40 50
34 41 41
34 42 29
34 43 76
34 44 35
34 45 39
34 46 84
34 47 31
34 48 46
34 49 54
34 50 75
34 51 88
34 52 43
34 53 17
34 54 48
34 55 59
34 56 24
34 57 79
34 58 61
34 59 95
34 60 11
34 61 56
34 62 18
34 63 25
34 64 42
34 65 51
34 66 37
34 67 26
34 68 38
34 69 91
34 70 74
34 71 81
34 72 53
34 73 60
34 74 77
34 75 94
34 76 12
34 77 73
34 78 52
34 79 47
34 80 65
34 81 22
34 82 40
34 83 98
34 84 99
34 85 7
34 86 14
34 87 19
34 88 23
34 89 1
34 90 10
34 91 70
34 92 30
34 93 93
34 94 82
34 95 28
34 96 57
34 97 0
34 98 90
34 99 92
35 1 43
35 2 92
35 3 61
35 4 56
35 5 3
35 6 20
35 7 89
35 8 82
35 9 73
35 10 15
35 11 16
35 12 95
35 13 65
35 14 90
35 15 39
35 16 54
35 17 87
35 18 78
35 19 72
35 20 22
35 21 46
35 22 17
35 23 47
35 24 62
35 25 51
35 26 25
35 27 0
35 28 26
35 29 71
35 30 18
35 31 34
35 32 45
35 33 27
35 34 76
35 35 88
35 36 94
35 37 59
35 38 85
35 39 32
35 40 55
35 41 1
35 42 14
35 43 21
35 44 66
35 45 36
35 46 83
35 47 81
35 48 77
35 49 93
35 50 12
35 51 75
35 52 19
35 53 29
35 54 48
35 55 44
35 56 69
35 57 91
35 58 97
35 59 24
35 60 58
35 61 60
35 62 70
35 63 13
35 64 49
35 65 99
35 66 28
35 67 38
35 68 37
35 69 11
35 70 79
35 71 30
35 72 98
35 73 68
35 74 41
35 75 7
35 76 5
35 77 57
35 78 33
35 79 74
35 80 86
35 81 42
35 82 63
35 83 96
35 84 52
35 85 8
35 86 67
35 87 9
35 88 53
35 89 23
35 90 4
35 91 84
35 92 31
35 93 80
35 94 6
35 95 10
35 96 50
35 97 64
35 98 2
35 99 40
36 1 8
36 2 6
36 3 69
36 4 96
36 5 12
36 6 2
36 7 7
36 8 27
36 9 71
36 10 80
36 11 52
36 12 32
36 13 30
36 14 50
36 15 86
36 16 51
36 17 54
36 18 94
36 19 53
36 20 26
36 21 99
36 22 14
36 23 23
36 24 5
36 25 81
36 26 41
36 27 28
36 28 19
36 29 37
36 30 29
36 31 56
36 32 31
36 33 73
36 34 78
36 35 88
36 36 0
36 37 95
36 38 39
36 39 17
36 40 3
36 41 61
36 42 25
36 43 67
36 44 11
36 45 15
36 46 35
36 47 47
36 48 70
36 49 20
36 50 65
36 51 48
36 52 45
36 53 42
36 54 84
36 55 87
36 56 44
36 57 43
36 58 21
36 59 40
36 60 68
36 61 13
36 62 18
36 63 34
36 64 75
36 65 46
36 66 60
36 67 76
36 68 1
36 69 24
36 70 62
36 71 57
36 72 66
36 73 16
36 74 92
36 75 33
36 76 83
36 77 22
36 78 97
36 79 59
36 80 58
36 81 90
36 82 85
36 83 91
36 84 63
36 85 10
36 86 74
36 87 9
36 88 89
36 89 79
36 90 49
36 91 72
36 92 77
36 93 98
36 94 82
36 95 64
36 96 4
36 97 93
36 98 38
36 99 55
37 1 62
37 2 67
37 3 52
37 4 4
37 5 96
37 6 51
37 7 89
37 8 13
37 9 57
37 10 1
37 11 49
37 12 31
37 13 46
37 14 15
37 15 5
37 16 34
37 17 30
37 18 9
37 19 91
37 20 98
37 21 42
37 22 94
37 23 79
37 24 87
37 25 74
37 26 40
37 27 0
37 28 63
37 29 82
37 30 7
37 31 26
37 32 75
37 33 19
37 34 24
37 35 53
37 36 38
37 37 76
37 38 10
37 39 77
37 40 44
37 41 18
37 42 6
37 43 12
37 44 69
37 45 23
37 46 90
37 47 2
37 48 47
37 49 78
37 50 81
37 51 61
37 52 54
37 53 95
37 54 58
37 55 35
37 56 65
37 57 32
37 58 39
37 59 68
37 60 48
37 61 14
37 62 93
37 63 97
37 64 86
37 65 50
37 66 36
37 67 59
37 68 92
37 69 25
37 70 11
37 71 33
37 72 70
37 73 72
37 74 29
37 75 64
37 76 8
37 77 45
37 78 16
37 79 41
37 80 17
37 81 60
37 82 55
37 83 21
37 84 3
37 85 28
37 86 85
37 87 66
37 88 27
37 89 88
37 90 56
37 91 20
37 92 71
37 93 22
37 94 73
37 95 99
37 96 80
37 97 83
37 98 43
37 99 84
38 1 36
38 2 90
38 3 7
38 4 32
38 5 12
38 6 46
38 7 54
38 8 57
38 9 76
38 10 56
38 11 11
38 12 59
38 13 48
38 14 64
38 15 63
38 16 89
38 17 37
38 18 26
38 19 27
38 20 6
38 21 34
38 22 41
38 23 1
38 24 70
38 25 16
38 26 98
38 27 60
38 28 55
38 29 43
38 30 44
38 31 45
38 32 75
38 33 33
38 34 31
38 35 13
38 36 78
38 37 83
38 38 29
38 39 58
38 40 15
38 41 47
38 42 18
38 43 93
38 44 35
38 45 20
38 46 5
38 47 71
38 48 23
38 49 61
38 50 25
38 51 4
38 52 86
38 53 24
38 54 72
38 55 68
38 56 2
38 57 85
38 58 53
38 59 21
38 60 77
38 61 50
38 62 79
38 63 74
38 64 22
38 65 28
38 66 8
38 67 42
38 68 91
38 69 96
38 70 95
38 71 3
38 72 92
38 73 87
38 74 99
38 75 9
38 76 0
38 77 52
38 78 69
38 79 51
38 80 82
38 81 94
38 82 65
38 83 81
38 84 67
38 85 14
38 86 19
38 87 49
38 88 73
38 89 62
38 90 84
38 91 66
38 92 10
38 93 80
38 94 17
38 95 97
38 96 88
38 97 30
38 98 39
38 99 40
39 1 54
39 2 21
39 3 45
39 4 11
39 5 15
39 6 52
39 7 76
39 8 6
39 9 35
39 10 60
39 11 42
39 12 23
39 13 80
39 14 51
39 15 72
39 16 26
39 17 2
39 18 37
39 19 12
39 20 99
39 21 31
39 22 62
39 23 88
39 24 64
39 25 38
39 26 74
39 27 34
39 28 0
39 29 48
39 30 59
39 31 83
39 32 24
39 33 17
39 34 57
39 35 27
39 36 3
39 37 53
39 38 32
39 39 50
39 40 22
39 41 33
39 42 89
39 43 70
39 44 96
39 45 97
39 46 10
39 47 98
39 48 71
39 49 86
39 50 40
39 51 90
39 52 8
39 53 5
39 54 79
39 55 14
39 56 4
39 57 20
39 58 25
39 59 95
39 60 30
39 61 81
39 62 19
39 63 66
39 64 75
39 65 36
39 66 16
39 67 92
39 68 68
39 69 85
39 70 13
39 71 87
39 72 69
39 73 91
39 74 1
39 75 73
39 76 77
39 77 18
39 78 58
39 79 94
39 80 46
39 81 28
39 82 67
39 83 78
39 84 43
39 85 63
39 86 49
39 87 56
39 88 55
39 89 47
39 90 65
39 91 29
39 92 9
39 93 7
39 94 61
39 95 93
39 96 82
39 97 41
39 98 84
39 99 44
40 1 0
40 2 96
40 3 2
40 4 33
40 5 19
40 6 48
40 7 94
40 8 13
40 9 24
40 10 16
40 11 44
40 12 77
40 13 60
40 14 26
40 15 63
40 16 12
40 17 91
40 18 87
40 19 18
40 20 73
40 21 75
40 22 22
40 23 65
40 24 64
40 25 92
40 26 34
40 27 39
40 28 86
40 29 53
40 30 46
40 31 31
40 32 14
40 33 90
40 34 76
40 35 81
40 36 36
40 37 8
40 38 61
40 39 95
40 40 68
40 41 17
40 42 79
40 43 93
40 44 56
40 45 59
40 46 15
40 47 88
40 48 7
40 49 70
40 50 89
40 51 97
40 52 30
40 53 45
40 54 42
40 55 72
40 56 37
40 57 5
40 58 49
40 59 98
40 60 62
40 61 9
40 62 52
40 63 6
40 64 38
40 65 57
40 66 1
40 67 29
40 68 82
40 69 66
40 70 21
40 71 20
40 72 54
40 73 85
40 74 4
40 75 28
40 76 83
40 77 10
40 78 41
40 79 43
40 80 47
40 81 51
40 82 74
40 83 58
40 84 71
40 85 78
40 86 55
40 87 3
40 88 23
40 89 32
40 90 69
40 91 80
40 92 11
40 93 27
40 94 67
40 95 25
40 96 35
40 97 99
40 98 84
40 99 50
41 1 57
41 2 2
41 3 48
41 4 38
41 5 71
41 6 34
41 7 27
41 8 17
41 9 31
41 10 86
41 11 67
41 12 52
41 13 73
41 14 46
41 15 15
41 16 13
41 17 85
41 18 21
41 19 0
41 20 39
41 21 93
41 22 58
41 23 82
41 24 79
41 25 49
41 26 19
41 27 28
41 28 81
41 29 63
41 30 37
41 31 66
41 32 59
41 33 30
41 34 44
41 35 47
41 36 80
41 37 91
41 38 3
41 39 9
41 40 35
41 41 42
41 42 10
41 43 83
41 44 70
41 45 24
41 46 56
41 47 54
41 48 77
41 49 87
41 50 11
41 51 88
41 52 64
41 53 92
41 54 14
41 55 95
41 56 5
41 57 72
41 58 45
41 59 26
41 60 43
41 61 69
41 62 16
41 63 76
41 64 40
41 65 53
41 66 51
41 67 89
41 68 68
41 69 78
41 70 23
41 71 60
41 72 98
41 73 61
41 74 32
41 75 90
41 76 20
41 77 7
41 78 22
41 79 25
41 80 36
41 81 33
41 82 55
41 83 6
41 84 75
41 85 8
41 86 99
41 87 96
41 88 18
41 89 12
41 90 62
41 91 97
41 92 1
41 93 65
41 94 50
41 95 4
41 96 84
41 97 74
41 98 29
41 99 94
42 1 62
42 2 22
42 3 60
42 4 75
42 5 90
42 6 93
42 7 31
42 8 39
42 9 51
42 10 49
42 11 32
42 12 52
42 13 10
42 14 98
42 15 87
42 16 2
42 17 77
42 18 38
42 19 82
42 20 57
42 21 45
42 22 89
42 23 97
42 24 36
42 25 59
42 26 25
42 27 61
42 28 58
42 29 64
42 30 71
42 31 15
42 32 35
42 33 54
42 34 21
42 35 20
42 36 88
42 37 11
42 38 95
42 39 29
42 40 84
42 41 8
42 42 26
42 43 1
42 44 48
42 45 70
42 46 43
42 47 7
42 48 92
42 49 40
42 50 13
42 51 50
42 52 6
42 53 55
42 54 80
42 55 94
42 56 47
42 57 83
42 58 28
42 59 79
42 60 24
42 61 68
42 62 37
42 63 33
42 64 74
42 65 18
42 66 78
42 67 23
42 68 99
42 69 0
42 70 63
42 71 16
42 72 67
42 73 5
42 74 30
42 75 4
42 76 41
42 77 34
42 78 17
42 79 85
42 80 14
42 81 65
42 82 81
42 83 12
42 84 91
42 85 86
42 86 3
42 87 44
42 88 72
42 89 19
42 90 69
42 91 46
42 92 76
42 93 73
42 94 9
42 95 56
42 96 53
42 97 27
42 98 66
42 99 96
43 1 36
43 2 65
43 3 63
43 4 71
43 5 55
43 6 50
43 7 3
43 8 30
43 9 89
43 10 84
43 11 32
43 12 34
43 13 18
43 14 86
43 15 88
43 16 8
43 17 23
43 18 64
43 19 12
43 20 20
43 21 9
43 22 14
43 23 75
43 24 17
43 25 27
43 26 54
43 27 60
43 28 1
43 29 87
43 30 5
43 31 28
43 32 48
43 33 7
43 34 99
43 35 91
43 36 16
43 37 46
43 38 39
43 39 0
43 40 97
43 41 68
43 42 24
43 43 22
43 44 73
43 45 93
43 46 35
43 47 6
43 48 53
43 49 42
43 50 25
43 51 40
43 52 41
43 53 72
43 54 15
43 55 61
43 56 78
43 57 95
43 58 21
43 59 94
43 60 31
43 61 92
43 62 44
43 63 56
43 64 66
43 65 29
43 66 38
43 67 11
43 68 52
43 69 4
43 70 96
43 71 81
43 72 45
43 73 82
43 74 51
43 75 77
43 76 83
43 77 57
43 78 10
43 79 80
43 80 70
43 81 85
43 82 98
43 83 79
43 84 67
43 85 26
43 86 13
43 87 74
43 88 19
43 89 33
43 90 76
43 91 2
43 92 69
43 93 90
43 94 49
43 95 47
43 96 59
43 97 58
43 98 62
43 99 37
44 1 11
44 2 38
44 3 51
44 4 30
44 5 29
44 6 50
44 7 40
44 8 2
44 9 16
44 10 53
44 11 39
44 12 7
44 13 95
44 14 0
44 15 42
44 16 68
44 17 12
44 18 99
44 19 57
44 20 84
44 21 65
44 22 64
44 23 96
44 24 71
44 25 24
44 26 8
44 27 52
44 28 70
44 29 18
44 30 22
44 31 26
44 32 13
44 33 5
44 34 9
44 35 43
44 36 75
44 37 81
44 38 17
44 39 20
44 40 58
44 41 92
44 42 34
44 43 62
44 44 10
44 45 47
44 46 25
44 47 88
44 48 48
44 49 23
44 50 41
44 51 46
44 52 21
44 53 27
44 54 36
44 55 72
44 56 67
44 57 37
44 58 1
44 59 86
44 60 93
44 61 85
44 62 79
44 63 19
44 64 73
44 65 83
44 66 15
44 67 54
44 68 82
44 69 97
44 70 14
44 71 91
44 72 90
44 73 32
44 74 80
44 75 45
44 76 98
44 77 31
44 78 59
44 79 56
44 80 94
44 81 87
44 82 61
44 83 3
44 84 55
44 85 76
44 86 6
44 87 33
44 88 89
44 89 69
44 90 63
44 91 49
44 92 35
44 93 77
44 94 78
44 95 60
44 96 4
44 97 28
44 98 66
44 99 74
45 1 80
45 2 4
45 3 8
45 4 63
45 5 39
45 6 84
45 7 70
45 8 54
45 9 62
45 10 93
45 11 41
45 12 27
45 13 82
45 14 51
45 15 97
45 16 19
45 17 29
45 18 77
45 19 71
45 20 21
45 21 55
45 22 46
45 23 12
45 24 25
45 25 1
45 26 33
45 27 86
45 28 23
45 29 75
45 30 74
45 31 98
45 32 6
45 33 99
45 34 60
45 35 35
45 36 90
45 37 57
45 38 78
45 39 65
45 40 30
45 41 58
45 42 20
45 43 52
45 44 49
45 45 34
45 46 89
45 47 26
45 48 83
45 49 31
45 50 72
45 51 7
45 52 3
45 53 15
45 54 79
45 55 11
45 56 28
45 57 44
45 58 42
45 59 61
45 60 68
45 61 17
45 62 18
45 63 47
45 64 13
45 65 59
45 66 22
45 67 43
45 68 67
45 69 40
45 70 66
45 71 24
45 72 5
45 73 95
45 74 10
45 75 85
45 76 9
45 77 73
45 78 0
45 79 36
45 80 48
45 81 50
45 82 37
45 83 69
45 84 81
45 85 76
45 86 14
45 87 91
45 88 2
45 89 87
45 90 16
45 91 38
45 92 56
45 93 32
45 94 94
45 95 92
45 96 53
45 97 64
45 98 88
45 99 96
46 1 69
46 2 86
46 3 10
46 4 26
46 5 68
46 6 82
46 7 48
46 8 56
46 9 98
46 10 29
46 11 30
46 12 8
46 13 88
46 14 66
46 15 43
46 16 20
46 17 44
46 18 39
46 19 60
46 20 67
46 21 31
46 22 73
46 23 91
46 24 23
46 25 37
46 26 71
46 27 63
46 28 90
46 29 6
46 30 80
46 31 40
46 32 61
46 33 45
46 34 54
46 35 95
46 36 87
46 37 93
46 38 41
46 39 94
46 40 2
46 41 28
46 42 22
46 43 74
46 44 27
46 45 34
46 46 17
46 47 55
46 48 12
46 49 85
46 50 76
46 51 49
46 52 64
46 53 51
46 54 77
46 55 65
46 56 72
46 57 92
46 58 24
46 59 84
46 60 70
46 61 83
46 62 47
46 63 33
46 64 19
46 65 11
46 66 0
46 67 4
46 68 16
46 69 21
46 70 81
46 71 62
46 72 50
46 73 9
46 74 18
46 75 79
46 76 59
46 77 13
46 78 57
46 79 78
46 80 25
46 81 89
46 82 5
46 83 14
46 84 52
46 85 7
46 86 3
46 87 53
46 88 42
46 89 99
46 90 75
46 91 15
46 92 1
46 93 36
46 94 35
46 95 96
46 96 58
46 97 32
46 98 38
46 99 97
47 1 32
47 2 29
47 3 46
47 4 59
47 5 5
47 6 93
47 7 67
47 8 45
47 9 97
47 10 91
47 11 69
47 12 6
47 13 66
47 14 34
47 15 30
47 16 44
47 17 77
47 18 99
47 19 71
47 20 86
47 21 61
47 22 95
47 23 21
47 24 79
47 25 96
47 26 25
47 27 24
47 28 57
47 29 38
47 30 22
47 31 74
47 32 36
47 33 98
47 34 12
47 35 53
47 36 76
47 37 33
47 38 2
47 39 41
47 40 73
47 41 39
47 42 35
47 43 3
47 44 92
47 45 70
47 46 72
47 47 37
47 48 14
47 49 87
47 50 49
47 51 13
47 52 84
47 53 48
47 54 88
47 55 10
47 56 65
47 57 0
47 58 23
47 59 42
47 60 18
47 61 26
47 62 7
47 63 15
47 64 78
47 65 90
47 66 51
47 67 43
47 68 54
47 69 31
47 70 28
47 71 11
47 72 63
47 73 9
47 74 94
47 75 82
47 76 17
47 77 85
47 78 64
47 79 16
47 80 83
47 81 81
47 82 56
47 83 75
47 84 60
47 85 68
47 86 20
47 87 1
47 88 55
47 89 8
47 90 50
47 91 19
47 92 89
47 93 52
47 94 40
47 95 58
47 96 80
47 97 62
47 98 4
47 99 27
48 1 13
48 2 90
48 3 67
48 4 16
48 5 43
48 6 73
48 7 68
48 8 0
48 9 20
48 10 71
48 11 99
48 12 57
48 13 80
48 14 61
48 15 2
48 16 41
48 17 39
48 18 5
48 19 32
48 20 64
48 21 31
48 22 79
48 23 55
48 24 82
48 25 89
48 26 9
48 27 78
48 28 69
48 29 49
48 30 46
48 31 26
48 32 83
48 33 47
48 34 29
48 35 51
48 36 33
48 37 95
48 38 75
48 39 45
48 40 96
48 41 22
48 42 85
48 43 7
48 44 25
48 45 42
48 46 56
48 47 3
48 48 4
48 49 36
48 50 8
48 51 18
48 52 86
48 53 15
48 54 60
48 55 12
48 56 34
48 57 50
48 58 52
48 59 76
48 60 38
48 61 19
48 62 91
48 63 77
48 64 11
48 65 88
48 66 63
48 67 92
48 68 21
48 69 62
48 70 44
48 71 27
48 72 58
48 73 65
48 74 10
48 75 35
48 76 59
48 77 66
48 78 40
48 79 87
48 80 1
48 81 98
48 82 24
48 83 23
48 84 84
48 85 54
48 86 37
48 87 70
48 88 6
48 89 17
48 90 30
48 91 74
48 92 93
48 93 53
48 94 81
48 95 28
48 96 72
48 97 97
48 98 94
48 99 14
49 1 30
49 2 92
49 3 48
49 4 4
49 5 89
49 6 86
49 7 66
49 8 87
49 9 82
49 10 11
49 11 97
49 12 41
49 13 36
49 14 17
49 15 47
49 16 94
49 17 85
49 18 99
49 19 38
49 20 80
49 21 1
49 22 65
49 23 88
49 24 78
49 25 77
49 26 21
49 27 64
49 28 0
49 29 67
49 30 6
49 31 63
49 32 28
49 33 93
49 34 19
49 35 27
49 36 72
49 37 39
49 38 58
49 39 76
49 40 81
49 41 83
49 42 73
49 43 96
49 44 46
49 45 43
49 46 40
49 47 95
49 48 91
49 49 75
49 50 18
49 51 50
49 52 68
49 53 61
49 54 24
49 55 35
49 56 25
49 57 42
49 58 3
49 59 13
49 60 29
49 61 8
49 62 5
49 63 32
49 64 9
49 65 23
49 66 71
49 67 7
49 68 37
49 69 84
49 70 31
49 71 55
49 72 12
49 73 69
49 74 26
49 75 56
49 76 98
49 77 79
49 78 57
49 79 60
49 80 2
49 81 34
49 82 10
49 83 14
49 84 45
49 85 33
49 86 44
49 87 54
49 88 70
49 89 20
49 90 15
49 91 52
49 92 22
49 93 51
49 94 59
49 95 16
49 96 74
49 97 62
49 98 90
49 99 53
50 1 77
50 2 95
50 3 37
50 4 84
50 5 63
50 6 86
50 7 6
50 8 94
50 9 85
50 10 71
50 11 44
50 12 36
50 13 56
50 14 73
50 15 2
50 16 67
50 17 87
50 18 18
50 19 59
50 20 11
50 21 39
50 22 19
50 23 0
50 24 88
50 25 9
50 26 47
50 27 17
50 28 34
50 29 52
50 30 7
50 31 65
50 32 42
50 33 54
50 34 72
50 35 28
50 36 22
50 37 60
50 38 78
50 39 83
50 40 98
50 41 43
50 42 10
50 43 58
50 44 62
50 45 79
50 46 38
50 47 93
50 48 41
50 49 45
50 50 89
50 51 8
50 52 57
50 53 80
50 54 96
50 55 82
50 56 27
50 57 81
50 58 12
50 59 20
50 60 64
50 61 33
50 62 4
50 63 29
50 64 91
50 65 1
50 66 40
50 67 99
50 68 97
50 69 55
50 70 76
50 71 51
50 72 49
50 73 31
50 74 5
50 75 25
50 76 14
50 77 53
50 78 75
50 79 30
50 80 35
50 81 61
50 82 15
50 83 66
50 84 69
50 85 24
50 86 16
50 87 90
50 88 70
50 89 26
50 90 92
50 91 13
50 92 32
50 93 48
50 94 46
50 95 23
50 96 74
50 97 3
50 98 21
50 99 68
51 1 0
51 2 92
51 3 89
51 4 28
51 5 20
51 6 85
51 7 11
51 8 42
51 9 79
51 10 17
51 11 41
51 12 50
51 13 91
51 14 87
51 15 62
51 16 61
51 17 77
51 18 34
51 19 98
51 20 53
51 21 36
51 22 82
51 23 64
51 24 94
51 25 30
51 26 47
51 27 27
51 28 75
51 29 57
51 30 48
51 31 35
51 32 44
51 33 19
51 34 1
51 35 15
51 36 71
51 37 95
51 38 38
51 39 65
51 40 2
51 41 68
51 42 26
51 43 74
51 44 39
51 45 81
51 46 46
51 47 54
51 48 93
51 49 24
51 50 31
51 51 16
51 52 55
51 53 21
51 54 63
51 55 90
51 56 67
51 57 56
51 58 96
51 59 14
51 60 45
51 61 22
51 62 73
51 63 99
51 64 40
51 65 43
51 66 32
51 67 70
51 68 6
51 69 37
51 70 80
51 71 88
51 72 66
51 73 78
51 74 76
51 75 25
51 76 5
51 77 83
51 78 72
51 79 3
51 80 84
51 81 23
51 82 4
51 83 49
51 84 13
51 85 97
51 86 69
51 87 86
51 88 33
51 89 7
51 90 12
51 91 29
51 92 52
51 93 58
51 94 18
51 95 59
51 96 10
51 97 60
51 98 8
51 99 9
52 1 92
52 2 82
52 3 80
52 4 95
52 5 74
52 6 85
52 7 8
52 8 0
52 9 45
52 10 55
52 11 19
52 12 26
52 13 63
52 14 33
52 15 44
52 16 42
52 17 96
52 18 58
52 19 86
52 20 41
52 21 15
52 22 35
52 23 53
52 24 38
52 25 9
52 26 4
52 27 57
52 28 30
52 29 68
52 30 73
52 31 59
52 32 28
52 33 70
52 34 23
52 35 60
52 36 67
52 37 87
52 38 50
52 39 94
52 40 18
52 41 11
52 42 64
52 43 43
52 44 5
52 45 61
52 46 27
52 47 31
52 48 66
52 49 16
52 50 79
52 51 32
52 52 54
52 53 77
52 54 88
52 55 36
52 56 75
52 57 39
52 58 97
52 59 3
52 60 81
52 61 13
52 62 69
52 63 40
52 64 83
52 65 25
52 66 37
52 67 46
52 68 20
52 69 14
52 70 91
52 71 84
52 72 89
52 73 49
52 74 48
52 75 99
52 76 78
52 77 24
52 78 2
52 79 12
52 80 34
52 81 51
52 82 71
52 83 6
52 84 7
52 85 10
52 86 72
52 87 93
52 88 90
52 89 62
52 90 98
52 91 21
52 92 1
52 93 47
52 94 76
52 95 56
52 96 65
52 97 17
52 98 22
52 99 29
53 1 22
53 2 12
53 3 81
53 4 49
53 5 40
53 6 89
53 7 54
53 8 92
53 9 86
53 10 7
53 11 2
53 12 47
53 13 16
53 14 37
53 15 69
53 16 33
53 17 42
53 18 97
53 19 26
53 20 91
53 21 1
53 22 60
53 23 45
53 24 77
53 25 66
53 26 99
53 27 48
53 28 72
53 29 73
53 30 83
53 31 5
53 32 51
53 33 64
53 34 98
53 35 88
53 36 50
53 37 75
53 38 4
53 39 8
53 40 9
53 41 79
53 42 28
53 43 85
53 44 21
53 45 76
53 46 58
53 47 23
53 48 39
53 49 55
53 50 94
53 51 70
53 52 90
53 53 96
53 54 61
53 55 65
53 56 62
53 57 3
53 58 46
53 59 0
53 60 35
53 61 29
53 62 24
53 63 67
53 64 30
53 65 87
53 66 80
53 67 78
53 68 31
53 69 38
53 70 11
53 71 41
53 72 57
53 73 34
53 74 95
53 75 15
53 76 18
53 77 20
53 78 59
53 79 43
53 80 93
53 81 6
53 82 56
53 83 63
53 84 14
53 85 84
53 86 71
53 87 82
53 88 36
53 89 27
53 90 10
53 91 74
53 92 25
53 93 68
53 94 19
53 95 52
53 96 44
53 97 32
53 98 17
53 99 13
54 1 78
54 2 2
54 3 50
54 4 49
54 5 28
54 6 96
54 7 61
54 8 17
54 9 46
54 10 27
54 11 48
54 12 6
54 13 69
54 14 18
54 15 31
54 16 47
54 17 25
54 18 67
54 19 89
54 20 32
54 21 82
54 22 65
54 23 85
54 24 3
54 25 51
54 26 16
54 27 80
54 28 52
54 29 10
54 30 5
54 31 64
54 32 30
54 33 75
54 34 22
54 35 76
54 36 9
54 37 56
54 38 20
54 39 34
54 40 57
54 41 59
54 42 44
54 43 79
54 44 95
54 45 35
54 46 70
54 47 74
54 48 37
54 49 11
54 50 98
54 51 92
54 52 87
54 53 94
54 54 40
54 55 68
54 56 41
54 57 66
54 58 81
54 59 4
54 60 39
54 61 84
54 62 0
54 63 43
54 64 15
54 65 21
54 66 7
54 67 99
54 68 62
54 69 93
54 70 33
54 71 36
54 72 71
54 73 72
54 74 58
54 75 1
54 76 53
54 77 13
54 78 45
54 79 90
54 80 97
54 81 19
54 82 55
54 83 12
54 84 29
54 85 26
54 86 91
54 87 86
54 88 38
54 89 73
54 90 42
54 91 88
54 92 23
54 93 63
54 94 83
54 95 60
54 96 24
54 97 14
54 98 77
54 99 8
55 1 99
55 2 52
55 3 26
55 4 98
55 5 87
55 6 23
55 7 30
55 8 36
55 9 86
55 10 7
55 11 2
55 12 96
55 13 69
55 14 38
55 15 44
55 16 66
55 17 58
55 18 81
55 19 33
55 20 14
55 21 32
55 22 57
55 23 88
55 24 78
55 25 90
55 26 63
55 27 70
55 28 24
55 29 45
55 30 79
55 31 6
55 32 76
55 33 35
55 34 92
55 35 12
55 36 11
55 37 18
55 38 8
55 39 21
55 40 42
55 41 50
55 42 53
55 43 47
55 44 97
55 45 16
55 46 9
55 47 71
55 48 29
55 49 15
55 50 46
55 51 80
55 52 34
55 53 82
55 54 64
55 55 5
55 56 67
55 57 60
55 58 51
55 59 95
55 60 59
55 61 17
55 62 72
55 63 41
55 64 20
55 65 93
55 66 13
55 67 1
55 68 3
55 69 84
55 70 83
55 71 25
55 72 39
55 73 77
55 74 40
55 75 68
55 76 28
55 77 0
55 78 61
55 79 89
55 80 73
55 81 54
55 82 65
55 83 4
55 84 22
55 85 31
55 86 75
55 87 62
55 88 91
55 89 10
55 90 56
55 91 49
55 92 48
55 93 43
55 94 94
55 95 37
55 96 74
55 97 27
55 98 85
55 99 19
56 1 62
56 2 99
56 3 29
56 4 46
56 5 40
56 6 52
56 7 38
56 8 54
56 9 22
56 10 11
56 11 20
56 12 51
56 13 27
56 14 0
56 15 44
56 16 8
56 17 83
56 18 84
56 19 95
56 20 53
56 21 88
56 22 70
56 23 42
56 24 50
56 25 30
56 26 69
56 27 39
56 28 72
56 29 9
56 30 41
56 31 73
56 32 94
56 33 76
56 34 90
56 35 15
56 36 58
56 37 85
56 38 14
56 39 25
56 40 28
56 41 77
56 42 12
56 43 35
56 44 65
56 45 57
56 46 63
56 47 75
56 48 19
56 49 17
56 50 4
56 51 67
56 52 6
56 53 55
56 54 5
56 55 81
56 56 97
56 57 32
56 58 2
56 59 96
56 60 31
56 61 68
56 62 37
56 63 7
56 64 10
56 65 16
56 66 78
56 67 3
56 68 92
56 69 21
56 70 47
56 71 74
56 72 89
56 73 91
56 74 1
56 75 80
56 76 79
56 77 98
56 78 93
56 79 24
56 80 48
56 81 66
56 82 59
56 83 60
56 84 87
56 85 86
56 86 61
56 87 34
56 88 49
56 89 13
56 90 23
56 91 33
56 92 26
56 93 45
56 94 43
56 95 36
56 96 18
56 97 82
56 98 64
56 99 71
57 1 39
57 2 65
57 3 89
57 4 9
57 5 45
57 6 46
57 7 58
57 8 92
57 9 23
57 10 75
57 11 73
57 12 19
57 13 53
57 14 88
57 15 44
57 16 76
57 17 32
57 18 15
57 19 24
57 20 29
57 21 30
57 22 74
57 23 25
57 24 42
57 25 21
57 26 49
57 27 18
57 28 63
57 29 33
57 30 98
57 31 11
57 32 77
57 33 35
57 34 90
57 35 20
57 36 2
57 37 81
57 38 26
57 39 97
57 40 61
57 41 51
57 42 28
57 43 52
57 44 27
57 45 17
57 46 47
57 47 67
57 48 83
57 49 68
57 50 50
57 51 99
57 52 62
57 53 54
57 54 84
57 55 48
57 56 16
57 57 87
57 58 93
57 59 86
57 60 34
57 61 95
57 62 78
57 63 79
57 64 37
57 65 12
57 66 82
57 67 36
57 68 64
57 69 14
57 70 5
57 71 3
57 72 8
57 73 66
57 74 43
57 75 0
57 76 96
57 77 71
57 78 41
57 79 69
57 80 60
57 81 7
57 82 1
57 83 31
57 84 85
57 85 55
57 86 6
57 87 40
57 88 13
57 89 70
57 90 72
57 91 22
57 92 59
57 93 4
57 94 56
57 95 80
57 96 91
57 97 10
57 98 38
57 99 94
58 1 56
58 2 75
58 3 73
58 4 18
58 5 87
58 6 93
58 7 31
58 8 11
58 9 52
58 10 66
58 11 39
58 12 79
58 13 34
58 14 35
58 15 5
58 16 91
58 17 98
58 18 90
58 19 36
58 20 53
58 21 71
58 22 74
58 23 84
58 24 43
58 25 95
58 26 13
58 27 70
58 28 12
58 29 54
58 30 88
58 31 33
58 32 47
58 33 22
58 34 23
58 35 55
58 36 62
58 37 72
58 38 96
58 39 45
58 40 78
58 41 50
58 42 99
58 43 69
58 44 2
58 45 21
58 46 81
58 47 85
58 48 0
58 49 60
58 50 49
58 51 29
58 52 8
58 53 82
58 54 14
58 55 37
58 56 46
58 57 9
58 58 59
58 59 28
58 60 44
58 61 97
58 62 42
58 63 83
58 64 1
58 65 41
58 66 19
58 67 92
58 68 51
58 69 25
58 70 6
58 71 48
58 72 76
58 73 94
58 74 32
58 75 26
58 76 77
58 77 20
58 78 38
58 79 7
58 80 30
58 81 16
58 82 61
58 83 57
58 84 3
58 85 15
58 86 67
58 87 65
58 88 40
58 89 17
58 90 89
58 91 27
58 92 68
58 93 80
58 94 4
58 95 10
58 96 24
58 97 63
58 98 64
58 99 86
59 1 23
59 2 21
59 3 99
59 4 64
59 5 72
59 6 76
59 7 78
59 8 77
59 9 55
59 10 97
59 11 81
59 12 85
59 13 93
59 14 91
59 15 5
59 16 38
59 17 54
59 18 90
59 19 95
59 20 26
59 21 37
59 22 9
59 23 57
59 24 14
59 25 17
59 26 2
59 27 45
59 28 10
59 29 32
59 30 62
59 31 68
59 32 13
59 33 63
59 34 79
59 35 73
59 36 46
59 37 20
59 38 19
59 39 92
59 40 33
59 41 42
59 42 70
59 43 66
59 44 82
59 45 44
59 46 6
59 47 3
59 48 18
59 49 58
59 50 80
59 51 84
59 52 28
59 53 65
59 54 11
59 55 43
59 56 0
59 57 86
59 58 56
59 59 51
59 60 49
59 61 71
59 62 87
59 63 35
59 64 48
59 65 47
59 66 16
59 67 7
59 68 94
59 69 75
59 70 60
59 71 69
59 72 24
59 73 25
59 74 83
59 75 22
59 76 39
59 77 74
59 78 89
59 79 40
59 80 30
59 81 50
59 82 12
59 83 15
59 84 61
59 85 41
59 86 96
59 87 52
59 88 34
59 89 29
59 90 67
59 91 53
59 92 31
59 93 88
59 94 8
59 95 27
59 96 1
59 97 98
59 98 4
59 99 36
60 1 39
60 2 27
60 3 31
60 4 90
60 5 1
60 6 89
60 7 93
60 8 43
60 9 57
60 10 2
60 11 28
60 12 29
60 13 51
60 14 53
60 15 46
60 16 6
60 17 42
60 18 14
60 19 62
60 20 20
60 21 5
60 22 71
60 23 67
60 24 79
60 25 73
60 26 41
60 27 32
60 28 30
60 29 59
60 30 72
60 31 70
60 32 17
60 33 0
60 34 26
60 35 91
60 36 21
60 37 47
60 38 12
60 39 38
60 40 10
60 41 9
60 42 81
60 43 97
60 44 76
60 45 40
60 46 52
60 47 24
60 48 54
60 49 65
60 50 86
60 51 82
60 52 34
60 53 99
60 54 44
60 55 23
60 56 3
60 57 36
60 58 83
60 59 50
60 60 16
60 61 13
60 62 85
60 63 77
60 64 58
60 65 22
60 66 25
60 67 56
60 68 80
60 69 8
60 70 95
60 71 96
60 72 4
60 73 64
60 74 98
60 75 63
60 76 78
60 77 49
60 78 84
60 79 19
60 80 7
60 81 75
60 82 68
60 83 35
60 84 66
60 85 92
60 86 48
60 87 55
60 88 33
60 89 94
60 90 88
60 91 69
60 92 15
60 93 37
60 94 74
60 95 11
60 96 18
60 97 87
60 98 45
60 99 61
61 1 50
61 2 84
61 3 52
61 4 41
61 5 11
61 6 16
61 7 64
61 8 19
61 9 81
61 10 0
61 11 34
61 12 87
61 13 73
61 14 43
61 15 79
61 16 8
61 17 44
61 18 10
61 19 71
61 20 29
61 21 55
61 22 6
61 23 54
61 24 70
61 25 93
61 26 65
61 27 36
61 28 30
61 29 98
61 30 91
61 31 51
61 32 86
61 33 77
61 34 48
61 35 88
61 36 21
61 37 33
61 38 40
61 39 76
61 40 4
61 41 85
61 42 14
61 43 20
61 44 35
61 45 38
61 46 1
61 47 3
61 48 2
61 49 67
61 50 53
61 51 49
61 52 82
61 53 92
61 54 97
61 55 13
61 56 57
61 57 25
61 58 28
61 59 24
61 60 17
61 61 96
61 62 94
61 63 69
61 64 99
61 65 31
61 66 32
61 67 75
61 68 7
61 69 66
61 70 47
61 71 74
61 72 80
61 73 5
61 74 68
61 75 27
61 76 58
61 77 18
61 78 60
61 79 95
61 80 39
61 81 26
61 82 46
61 83 37
61 84 45
61 85 63
61 86 83
61 87 89
61 88 42
61 89 59
61 90 56
61 91 62
61 92 22
61 93 90
61 94 23
61 95 72
61 96 12
61 97 15
61 98 9
61 99 78
62 1 70
62 2 78
62 3 86
62 4 33
62 5 79
62 6 19
62 7 13
62 8 7
62 9 67
62 10 14
62 11 64
62 12 3
62 13 4
62 14 49
62 15 27
62 16 56
62 17 26
62 18 51
62 19 63
62 20 92
62 21 25
62 22 84
62 23 85
62 24 94
62 25 54
62 26 65
62 27 69
62 28 72
62 29 83
62 30 10
62 31 82
62 32 1
62 33 35
62 34 34
62 35 44
62 36 81
62 37 46
62 38 52
62 39 60
62 40 48
62 41 12
62 42 45
62 43 18
62 44 76
62 45 2
62 46 59
62 47 90
62 48 57
62 49 42
62 50 11
62 51 36
62 52 97
62 53 40
62 54 95
62 55 77
62 56 91
62 57 53
62 58 37
62 59 99
62 60 29
62 61 80
62 62 31
62 63 73
62 64 50
62 65 58
62 66 89
62 67 47
62 68 28
62 69 39
62 70 87
62 71 0
62 72 24
62 73 9
62 74 6
62 75 41
62 76 88
62 77 75
62 78 30
62 79 5
62 80 55
62 81 68
62 82 15
62 83 21
62 84 66
62 85 20
62 86 43
62 87 61
62 88 8
62 89 98
62 90 71
62 91 16
62 92 93
62 93 17
62 94 74
62 95 96
62 96 38
62 97 23
62 98 32
62 99 22
63 1 68
63 2 24
63 3 7
63 4 59
63 5 5
63 6 55
63 7 16
63 8 36
63 9 17
63 10 58
63 11 13
63 12 1
63 13 3
63 14 89
63 15 99
63 16 57
63 17 26
63 18 52
63 19 2
63 20 38
63 21 96
63 22 90
63 23 4
63 24 92
63 25 18
63 26 83
63 27 43
63 28 44
63 29 98
63 30 93
63 31 80
63 32 65
63 33 81
63 34 33
63 35 48
63 36 6
63 37 39
63 38 41
63 39 30
63 40 76
63 41 56
63 42 34
63 43 15
63 44 47
63 45 70
63 46 46
63 47 32
63 48 87
63 49 71
63 50 77
63 51 12
63 52 21
63 53 54
63 54 40
63 55 49
63 56 69
63 57 67
63 58 61
63 59 31
63 60 88
63 61 95
63 62 8
63 63 73
63 64 22
63 65 53
63 66 25
63 67 11
63 68 64
63 69 82
63 70 45
63 71 79
63 72 60
63 73 50
63 74 35
63 75 62
63 76 74
63 77 72
63 78 0
63 79 27
63 80 9
63 81 51
63 82 14
63 83 19
63 84 86
63 85 42
63 86 28
63 87 20
63 88 29
63 89 85
63 90 84
63 91 78
63 92 10
63 93 91
63 94 75
63 95 66
63 96 94
63 97 37
63 98 23
63 99 97
64 1 97
64 2 70
64 3 16
64 4 67
64 5 93
64 6 95
64 7 79
64 8 40
64 9 57
64 10 76
64 11 66
64 12 63
64 13 51
64 14 12
64 15 20
64 16 36
64 17 11
64 18 28
64 19 85
64 20 92
64 21 7
64 22 27
64 23 49
64 24 0
64 25 84
64 26 34
64 27 18
64 28 69
64 29 6
64 30 17
64 31 91
64 32 89
64 33 54
64 34 3
64 35 99
64 36 68
64 37 19
64 38 80
64 39 29
64 40 44
64 41 42
64 42 21
64 43 83
64 44 14
64 45 9
64 46 13
64 47 45
64 48 65
64 49 31
64 50 8
64 51 72
64 52 15
64 53 98
64 54 75
64 55 58
64 56 59
64 57 39
64 58 22
64 59 33
64 60 73
64 61 5
64 62 77
64 63 96
64 64 43
64 65 35
64 66 52
64 67 47
64 68 74
64 69 1
64 70 88
64 71 56
64 72 94
64 73 4
64 74 53
64 75 78
64 76 46
64 77 23
64 78 55
64 79 62
64 80 25
64 81 37
64 82 48
64 83 24
64 84 10
64 85 86
64 86 71
64 87 50
64 88 32
64 89 60
64 90 61
64 91 90
64 92 38
64 93 87
64 94 2
64 95 81
64 96 41
64 97 30
64 98 82
64 99 26
65 1 93
65 2 96
65 3 88
65 4 11
65 5 40
65 6 74
65 7 17
65 8 92
65 9 9
65 10 67
65 11 32
65 12 46
65 13 94
65 14 36
65 15 2
65 16 72
65 17 24
65 18 57
65 19 84
65 20 37
65 21 41
65 22 53
65 23 45
65 24 77
65 25 52
65 26 26
65 27 20
65 28 91
65 29 64
65 30 81
65 31 4
65 32 61
65 33 70
65 34 16
65 35 99
65 36 89
65 37 18
65 38 39
65 39 35
65 40 66
65 41 6
65 42 59
65 43 83
65 44 14
65 45 3
65 46 50
65 47 82
65 48 19
65 49 76
65 50 44
65 51 60
65 52 73
65 53 86
65 54 21
65 55 8
65 56 51
65 57 29
65 58 79
65 59 30
65 60 43
65 61 47
65 62 34
65 63 78
65 64 55
65 65 97
65 66 38
65 67 49
65 68 13
65 69 10
65 70 42
65 71 85
65 72 1
65 73 69
65 74 33
65 75 28
65 76 56
65 77 71
65 78 80
65 79 87
65 80 0
65 81 7
65 82 95
65 83 48
65 84 22
65 85 63
65 86 5
65 87 90
65 88 27
65 89 58
65 90 25
65 91 68
65 92 23
65 93 31
65 94 75
65 95 62
65 96 12
65 97 54
65 98 98
65 99 15
66 1 0
66 2 69
66 3 77
66 4 71
66 5 25
66 6 16
66 7 49
66 8 90
66 9 80
66 10 84
66 11 81
66 12 11
66 13 44
66 14 31
66 15 34
66 16 60
66 17 57
66 18 30
66 19 17
66 20 40
66 21 4
66 22 27
66 23 86
66 24 47
66 25 62
66 26 12
66 27 39
66 28 59
66 29 98
66 30 36
66 31 94
66 32 33
66 33 32
66 34 21
66 35 7
66 36 9
66 37 64
66 38 63
66 39 29
66 40 68
66 41 76
66 42 15
66 43 67
66 44 72
66 45 45
66 46 6
66 47 41
66 48 8
66 49 85
66 50 50
66 51 46
66 52 19
66 53 91
66 54 73
66 55 23
66 56 20
66 57 53
66 58 55
66 59 28
66 60 24
66 61 61
66 62 1
66 63 26
66 64 75
66 65 3
66 66 99
66 67 78
66 68 52
66 69 51
66 70 88
66 71 92
66 72 95
66 73 89
66 74 13
66 75 87
66 76 22
66 77 38
66 78 70
66 79 5
66 80 43
66 81 2
66 82 37
66 83 56
66 84 48
66 85 35
66 86 82
66 87 79
66 88 96
66 89 54
66 90 58
66 91 74
66 92 83
66 93 18
66 94 93
66 95 97
66 96 14
66 97 42
66 98 65
66 99 10
67 1 93
67 2 70
67 3 11
67 4 69
67 5 50
67 6 44
67 7 90
67 8 46
67 9 23
67 10 12
67 11 15
67 12 0
67 13 61
67 14 89
67 15 95
67 16 97
67 17 19
67 18 36
67 19 37
67 20 81
67 21 64
67 22 28
67 23 59
67 24 39
67 25 60
67 26 49
67 27 9
67 28 13
67 29 43
67 30 47
67 31 34
67 32 17
67 33 6
67 34 58
67 35 8
67 36 83
67 37 1
67 38 76
67 39 25
67 40 72
67 41 82
67 42 38
67 43 52
67 44 33
67 45 96
67 46 92
67 47 32
67 48 85
67 49 16
67 50 88
67 51 94
67 52 57
67 53 4
67 54 68
67 55 80
67 56 31
67 57 22
67 58 63
67 59 66
67 60 62
67 61 3
67 62 2
67 63 48
67 64 26
67 65 54
67 66 75
67 67 98
67 68 77
67 69 14
67 70 24
67 71 91
67 72 79
67 73 42
67 74 18
67 75 7
67 76 40
67 77 71
67 78 78
67 79 73
67 80 41
67 81 99
67 82 29
67 83 86
67 84 56
67 85 10
67 86 87
67 87 74
67 88 53
67 89 84
67 90 20
67 91 5
67 92 45
67 93 65
67 94 55
67 95 27
67 96 35
67 97 30
67 98 21
67 99 51
68 1 2
68 2 58
68 3 93
68 4 64
68 5 92
68 6 17
68 7 54
68 8 81
68 9 73
68 10 33
68 11 9
68 12 26
68 13 6
68 14 78
68 15 37
68 16 89
68 17 75
68 18 44
68 19 49
68 20 87
68 21 83
68 22 91
68 23 60
68 24 79
68 25 52
68 26 96
68 27 88
68 28 46
68 29 90
68 30 7
68 31 45
68 32 62
68 33 66
68 34 20
68 35 43
68 36 80
68 37 59
68 38 42
68 39 31
68 40 23
68 41 50
68 42 4
68 43 8
68 44 77
68 45 53
68 46 69
68 47 71
68 48 18
68 49 65
68 50 11
68 51 72
68 52 24
68 53 0
68 54 76
68 55 98
68 56 95
68 57 94
68 58 48
68 59 74
68 60 40
68 61 51
68 62 1
68 63 3
68 64 5
68 65 56
68 66 12
68 67 47
68 68 67
68 69 28
68 70 15
68 71 14
68 72 35
68 73 70
68 74 61
68 75 13
68 76 34
68 77 27
68 78 85
68 79 57
68 80 63
68 81 38
68 82 25
68 83 32
68 84 16
68 85 21
68 86 19
68 87 39
68 88 22
68 89 30
68 90 41
68 91 97
68 92 36
68 93 10
68 94 99
68 95 29
68 96 55
68 97 86
68 98 84
68 99 82
69 1 56
69 2 45
69 3 64
69 4 96
69 5 50
69 6 61
69 7 21
69 8 17
69 9 88
69 10 24
69 11 44
69 12 58
69 13 57
69 14 89
69 15 91
69 16 47
69 17 27
69 18 60
69 19 49
69 20 38
69 21 43
69 22 83
69 23 92
69 24 32
69 25 84
69 26 18
69 27 7
69 28 51
69 29 13
69 30 55
69 31 26
69 32 31
69 33 16
69 34 78
69 35 80
69 36 34
69 37 63
69 38 73
69 39 99
69 40 81
69 41 77
69 42 76
69 43 90
69 44 0
69 45 11
69 46 82
69 47 74
69 48 67
69 49 25
69 50 39
69 51 72
69 52 35
69 53 71
69 54 66
69 55 93
69 56 94
69 57 36
69 58 41
69 59 29
69 60 3
69 61 79
69 62 33
69 63 20
69 64 48
69 65 2
69 66 46
69 67 1
69 68 14
69 69 62
69 70 70
69 71 59
69 72 52
69 73 10
69 74 87
69 75 85
69 76 30
69 77 95
69 78 75
69 79 12
69 80 68
69 81 15
69 82 40
69 83 28
69 84 37
69 85 23
69 86 8
69 87 6
69 88 22
69 89 9
69 90 54
69 91 98
69 92 86
69 93 97
69 94 19
69 95 4
69 96 5
69 97 65
69 98 42
69 99 53
70 1 11
70 2 65
70 3 54
70 4 19
70 5 38
70 6 93
70 7 64
70 8 94
70 9 80
70 10 9
70 11 58
70 12 42
70 13 27
70 14 75
70 15 59
70 16 83
70 17 78
70 18 10
70 19 53
70 20 15
70 21 22
70 22 29
70 23 50
70 24 44
70 25 24
70 26 82
70 27 23
70 28 92
70 29 67
70 30 16
70 31 91
70 32 96
70 33 12
70 34 87
70 35 86
70 36 36
70 37 17
70 38 47
70 39 62
70 40 89
70 41 81
70 42 4
70 43 21
70 44 28
70 45 6
70 46 77
70 47 3
70 48 98
70 49 46
70 50 69
70 51 43
70 52 48
70 53 52
70 54 73
70 55 56
70 56 61
70 57 34
70 58 76
70 59 51
70 60 68
70 61 18
70 62 30
70 63 79
70 64 88
70 65 33
70 66 49
70 67 57
70 68 13
70 69 45
70 70 84
70 71 5
70 72 2
70 73 97
70 74 20
70 75 39
70 76 32
70 77 26
70 78 60
70 79 7
70 80 63
70 81 72
70 82 66
70 83 95
70 84 14
70 85 8
70 86 40
70 87 35
70 88 1
70 89 55
70 90 0
70 91 71
70 92 31
70 93 90
70 94 41
70 95 25
70 96 74
70 97 37
70 98 99
70 99 85
71 1 64
71 2 57
71 3 91
71 4 5
71 5 65
71 6 58
71 7 56
71 8 82
71 9 97
71 10 85
71 11 89
71 12 24
71 13 77
71 14 81
71 15 32
71 16 2
71 17 6
71 18 87
71 19 20
71 20 59
71 21 26
71 22 30
71 23 43
71 24 25
71 25 95
71 26 41
71 27 34
71 28 27
71 29 40
71 30 62
71 31 86
71 32 92
71 33 23
71 34 60
71 35 36
71 36 96
71 37 76
71 38 13
71 39 52
71 40 83
71 41 35
71 42 11
71 43 33
71 44 69
71 45 7
71 46 94
71 47 99
71 48 39
71 49 73
71 50 88
71 51 0
71 52 37
71 53 3
71 54 47
71 55 8
71 56 63
71 57 49
71 58 17
71 59 79
71 60 84
71 61 18
71 62 16
71 63 12
71 64 38
71 65 10
71 66 98
71 67 28
71 68 19
71 69 21
71 70 42
71 71 4
71 72 46
71 73 53
71 74 70
71 75 1
71 76 80
71 77 31
71 78 51
71 79 9
71 80 54
71 81 75
71 82 14
71 83 61
71 84 78
71 85 45
71 86 90
71 87 15
71 88 44
71 89 93
71 90 72
71 91 67
71 92 55
71 93 48
71 94 74
71 95 29
71 96 22
71 97 68
71 98 50
71 99 66
72 1 70
72 2 73
72 3 55
72 4 7
72 5 46
72 6 82
72 7 91
72 8 99
72 9 29
72 10 56
72 11 78
72 12 59
72 13 40
72 14 45
72 15 87
72 16 17
72 17 94
72 18 50
72 19 47
72 20 68
72 21 83
72 22 74
72 23 95
72 24 39
72 25 36
72 26 30
72 27 63
72 28 41
72 29 16
72 30 18
72 31 32
72 32 98
72 33 64
72 34 90
72 35 97
72 36 31
72 37 49
72 38 35
72 39 27
72 40 53
72 41 60
72 42 71
72 43 0
72 44 1
72 45 88
72 46 38
72 47 26
72 48 13
72 49 33
72 50 80
72 51 19
72 52 89
72 53 51
72 54 24
72 55 9
72 56 81
72 57 2
72 58 22
72 59 20
72 60 85
72 61 21
72 62 44
72 63 96
72 64 43
72 65 15
72 66 54
72 67 6
72 68 75
72 69 86
72 70 66
72 71 69
72 72 11
72 73 4
72 74 52
72 75 3
72 76 57
72 77 34
72 78 42
72 79 62
72 80 79
72 81 76
72 82 10
72 83 37
72 84 84
72 85 28
72 86 77
72 87 58
72 88 23
72 89 14
72 90 93
72 91 65
72 92 8
72 93 48
72 94 5
72 95 67
72 96 61
72 97 12
72 98 25
72 99 92
73 1 94
73 2 46
73 3 65
73 4 43
73 5 18
73 6 88
73 7 53
73 8 9
73 9 74
73 10 27
73 11 62
73 12 66
73 13 83
73 14 38
73 15 12
73 16 17
73 17 28
73 18 89
73 19 4
73 20 91
73 21 58
73 22 67
73 23 79
73 24 3
73 25 25
73 26 60
73 27 55
73 28 47
73 29 48
73 30 20
73 31 30
73 32 63
73 33 70
73 34 64
73 35 15
73 36 68
73 37 42
73 38 29
73 39 24
73 40 85
73 41 75
73 42 96
73 43 33
73 44 7
73 45 97
73 46 51
73 47 95
73 48 52
73 49 21
73 50 77
73 51 0
73 52 76
73 53 92
73 54 81
73 55 87
73 56 82
73 57 61
73 58 11
73 59 35
73 60 45
73 61 22
73 62 8
73 63 86
73 64 41
73 65 71
73 66 44
73 67 2
73 68 14
73 69 39
73 70 13
73 71 56
73 72 32
73 73 72
73 74 36
73 75 93
73 76 1
73 77 99
73 78 19
73 79 90
73 80 59
73 81 78
73 82 98
73 83 26
73 84 31
73 85 40
73 86 50
73 87 54
73 88 23
73 89 80
73 90 6
73 91 49
73 92 5
73 93 57
73 94 69
73 95 10
73 96 34
73 97 16
73 98 84
73 99 37
74 1 21
74 2 4
74 3 51
74 4 72
74 5 46
74 6 85
74 7 33
74 8 87
74 9 39
74 10 58
74 11 62
74 12 88
74 13 17
74 14 98
74 15 2
74 16 84
74 17 36
74 18 64
74 19 66
74 20 26
74 21 3
74 22 69
74 23 40
74 24 38
74 25 80
74 26 27
74 27 45
74 28 78
74 29 55
74 30 9
74 31 14
74 32 97
74 33 23
74 34 49
74 35 54
74 36 34
74 37 63
74 38 67
74 39 12
74 40 52
74 41 79
74 42 61
74 43 96
74 44 94
74 45 82
74 46 20
74 47 5
74 48 89
74 49 31
74 50 76
74 51 15
74 52 93
74 53 53
74 54 22
74 55 24
74 56 56
74 57 65
74 58 11
74 59 41
74 60 44
74 61 95
74 62 8
74 63 7
74 64 42
74 65 10
74 66 68
74 67 81
74 68 77
74 69 90
74 70 91
74 71 25
74 72 83
74 73 6
74 74 30
74 75 28
74 76 59
74 77 99
74 78 75
74 79 86
74 80 37
74 81 19
74 82 18
74 83 57
74 84 16
74 85 35
74 86 70
74 87 43
74 88 0
74 89 71
74 90 48
74 91 32
74 92 92
74 93 13
74 94 50
74 95 47
74 96 1
74 97 73
74 98 60
74 99 29
75 1 4
75 2 42
75 3 35
75 4 23
75 5 70
75 6 66
75 7 26
75 8 9
75 9 53
75 10 65
75 11 73
75 12 0
75 13 84
75 14 67
75 15 69
75 16 21
75 17 92
75 18 82
75 19 87
75 20 88
75 21 86
75 22 46
75 23 18
75 24 40
75 25 12
75 26 56
75 27 41
75 28 54
75 29 15
75 30 48
75 31 44
75 32 38
75 33 58
75 34 31
75 35 8
75 36 6
75 37 50
75 38 43
75 39 39
75 40 99
75 41 57
75 42 52
75 43 94
75 44 60
75 45 96
75 46 24
75 47 68
75 48 13
75 49 89
75 50 34
75 51 78
75 52 97
75 53 98
75 54 77
75 55 83
75 56 64
75 57 61
75 58 95
75 59 32
75 60 79
75 61 7
75 62 59
75 63 2
75 64 55
75 65 36
75 66 90
75 67 3
75 68 85
75 69 11
75 70 91
75 71 49
75 72 14
75 73 19
75 74 93
75 75 16
75 76 62
75 77 28
75 78 27
75 79 20
75 80 25
75 81 51
75 82 30
75 83 81
75 84 72
75 85 63
75 86 17
75 87 76
75 88 47
75 89 37
75 90 45
75 91 10
75 92 22
75 93 33
75 94 1
75 95 71
75 96 5
75 97 74
75 98 80
75 99 29
76 1 19
76 2 81
76 3 20
76 4 72
76 5 33
76 6 14
76 7 31
76 8 40
76 9 0
76 10 59
76 11 27
76 12 63
76 13 24
76 14 7
76 15 50
76 16 90
76 17 6
76 18 54
76 19 86
76 20 71
76 21 3
76 22 94
76 23 4
76 24 43
76 25 38
76 26 68
76 27 16
76 28 49
76 29 98
76 30 62
76 31 17
76 32 96
76 33 29
76 34 53
76 35 34
76 36 61
76 37 51
76 38 44
76 39 21
76 40 18
76 41 15
76 42 64
76 43 95
76 44 78
76 45 8
76 46 88
76 47 28
76 48 93
76 49 45
76 50 84
76 51 26
76 52 35
76 53 52
76 54 9
76 55 42
76 56 70
76 57 60
76 58 11
76 59 97
76 60 79
76 61 37
76 62 82
76 63 75
76 64 74
76 65 99
76 66 69
76 67 30
76 68 80
76 69 48
76 70 56
76 71 5
76 72 77
76 73 32
76 74 39
76 75 22
76 76 47
76 77 23
76 78 55
76 79 87
76 80 12
76 81 89
76 82 13
76 83 46
76 84 85
76 85 1
76 86 67
76 87 10
76 88 66
76 89 2
76 90 65
76 91 83
76 92 41
76 93 91
76 94 25
76 95 92
76 96 57
76 97 36
76 98 58
76 99 73
77 1 84
77 2 0
77 3 91
77 4 31
77 5 39
77 6 57
77 7 46
77 8 3
77 9 79
77 10 24
77 11 73
77 12 74
77 13 61
77 14 44
77 15 65
77 16 70
77 17 30
77 18 86
77 19 99
77 20 22
77 21 43
77 22 92
77 23 27
77 24 55
77 25 5
77 26 36
77 27 97
77 28 12
77 29 20
77 30 15
77 31 45
77 32 47
77 33 80
77 34 96
77 35 38
77 36 58
77 37 85
77 38 98
77 39 68
77 40 18
77 41 87
77 42 59
77 43 16
77 44 40
77 45 17
77 46 4
77 47 28
77 48 66
77 49 52
77 50 7
77 51 34
77 52 29
77 53 64
77 54 25
77 55 56
77 56 90
77 57 81
77 58 93
77 59 42
77 60 9
77 61 78
77 62 76
77 63 49
77 64 75
77 65 71
77 66 53
77 67 23
77 68 26
77 69 62
77 70 14
77 71 13
77 72 54
77 73 2
77 74 41
77 75 35
77 76 37
77 77 48
77 78 60
77 79 21
77 80 88
77 81 83
77 82 72
77 83 6
77 84 69
77 85 19
77 86 10
77 87 33
77 88 94
77 89 51
77 90 89
77 91 11
77 92 1
77 93 82
77 94 32
77 95 67
77 96 63
77 97 8
77 98 50
77 99 95
78 1 79
78 2 50
78 3 81
78 4 9
78 5 39
78 6 44
78 7 32
78 8 67
78 9 1
78 10 74
78 11 20
78 12 85
78 13 82
78 14 66
78 15 53
78 16 51
78 17 65
78 18 15
78 19 54
78 20 13
78 21 90
78 22 76
78 23 69
78 24 96
78 25 40
78 26 62
78 27 49
78 28 45
78 29 3
78 30 73
78 31 42
78 32 4
78 33 93
78 34 17
78 35 6
78 36 99
78 37 12
78 38 52
78 39 36
78 40 47
78 41 98
78 42 18
78 43 34
78 44 92
78 45 77
78 46 11
78 47 95
78 48 19
78 49 72
78 50 86
78 51 71
78 52 41
78 53 5
78 54 64
78 55 80
78 56 48
78 57 22
78 58 56
78 59 16
78 60 31
78 61 70
78 62 10
78 63 94
78 64 91
78 65 89
78 66 35
78 67 58
78 68 30
78 69 26
78 70 37
78 71 63
78 72 57
78 73 84
78 74 75
78 75 43
78 76 60
78 77 87
78 78 97
78 79 21
78 80 14
78 81 29
78 82 68
78 83 23
78 84 61
78 85 24
78 86 55
78 87 28
78 88 88
78 89 8
78 90 59
78 91 7
78 92 0
78 93 33
78 94 27
78 95 25
78 96 2
78 97 38
78 98 46
78 99 83
79 1 85
79 2 88
79 3 25
79 4 2
79 5 26
79 6 22
79 7 8
79 8 74
79 9 51
79 10 16
79 11 3
79 12 40
79 13 35
79 14 60
79 15 82
79 16 43
79 17 72
79 18 5
79 19 48
79 20 62
79 21 69
79 22 67
79 23 34
79 24 81
79 25 73
79 26 52
79 27 77
79 28 78
79 29 53
79 30 31
79 31 15
79 32 98
79 33 23
79 34 46
79 35 58
79 36 14
79 37 29
79 38 32
79 39 96
79 40 50
79 41 33
79 42 92
79 43 13
79 44 47
79 45 44
79 46 59
79 47 18
79 48 76
79 49 56
79 50 87
79 51 71
79 52 45
79 53 94
79 54 17
79 55 42
79 56 86
79 57 83
79 58 49
79 59 55
79 60 37
79 61 99
79 62 65
79 63 11
79 64 12
79 65 9
79 66 70
79 67 6
79 68 89
79 69 20
79 70 1
79 71 19
79 72 39
79 73 0
79 74 90
79 75 21
79 76 36
79 77 80
79 78 75
79 79 27
79 80 28
79 81 97
79 82 4
79 83 61
79 84 41
79 85 7
79 86 30
79 87 10
79 88 57
79 89 93
79 90 38
79 91 63
79 92 54
79 93 91
79 94 95
79 95 84
79 96 64
79 97 66
79 98 68
79 99 24
80 1 74
80 2 35
80 3 68
80 4 0
80 5 95
80 6 90
80 7 83
80 8 54
80 9 29
80 10 77
80 11 2
80 12 10
80 13 94
80 14 8
80 15 59
80 16 23
80 17 7
80 18 47
80 19 62
80 20 86
80 21 91
80 22 96
80 23 28
80 24 84
80 25 42
80 26 63
80 27 56
80 28 6
80 29 65
80 30 72
80 31 88
80 32 73
80 33 76
80 34 92
80 35 38
80 36 9
80 37 39
80 38 30
80 39 19
80 40 40
80 41 27
80 42 85
80 43 12
80 44 49
80 45 55
80 46 5
80 47 53
80 48 93
80 49 46
80 50 52
80 51 31
80 52 43
80 53 57
80 54 44
80 55 22
80 56 87
80 57 69
80 58 97
80 59 24
80 60 66
80 61 51
80 62 34
80 63 67
80 64 71
80 65 64
80 66 16
80 67 60
80 68 26
80 69 82
80 70 14
80 71 33
80 72 48
80 73 78
80 74 50
80 75 37
80 76 21
80 77 99
80 78 18
80 79 13
80 80 61
80 81 81
80 82 36
80 83 70
80 84 17
80 85 25
80 86 4
80 87 1
80 88 75
80 89 15
80 90 89
80 91 11
80 92 58
80 93 79
80 94 20
80 95 41
80 96 32
80 97 45
80 98 98
80 99 3
81 1 49
81 2 57
81 3 20
81 4 62
81 5 86
81 6 13
81 7 36
81 8 44
81 9 30
81 10 93
81 11 99
81 12 64
81 13 96
81 14 61
81 15 98
81 16 92
81 17 65
81 18 75
81 19 21
81 20 54
81 21 16
81 22 19
81 23 14
81 24 58
81 25 90
81 26 80
81 27 82
81 28 29
81 29 77
81 30 91
81 31 1
81 32 6
81 33 72
81 34 38
81 35 51
81 36 95
81 37 18
81 38 12
81 39 60
81 40 9
81 41 43
81 42 71
81 43 63
81 44 46
81 45 22
81 46 45
81 47 5
81 48 0
81 49 79
81 50 24
81 51 35
81 52 15
81 53 68
81 54 74
81 55 42
81 56 32
81 57 8
81 58 33
81 59 28
81 60 27
81 61 83
81 62 97
81 63 89
81 64 69
81 65 7
81 66 3
81 67 56
81 68 2
81 69 73
81 70 87
81 71 11
81 72 47
81 73 84
81 74 48
81 75 37
81 76 26
81 77 55
81 78 17
81 79 78
81 80 76
81 81 41
81 82 39
81 83 70
81 84 67
81 85 59
81 86 10
81 87 25
81 88 66
81 89 85
81 90 23
81 91 50
81 92 53
81 93 94
81 94 40
81 95 34
81 96 31
81 97 52
81 98 88
81 99 4
82 1 52
82 2 11
82 3 2
82 4 83
82 5 78
82 6 73
82 7 31
82 8 89
82 9 76
82 10 37
82 11 12
82 12 25
82 13 93
82 14 33
82 15 39
82 16 70
82 17 0
82 18 6
82 19 4
82 20 98
82 21 67
82 22 24
82 23 77
82 24 74
82 25 30
82 26 57
82 27 56
82 28 85
82 29 42
82 30 15
82 31 66
82 32 48
82 33 92
82 34 22
82 35 86
82 36 62
82 37 7
82 38 1
82 39 26
82 40 58
82 41 23
82 42 84
82 43 20
82 44 64
82 45 65
82 46 28
82 47 60
82 48 49
82 49 90
82 50 51
82 51 9
82 52 96
82 53 18
82 54 97
82 55 13
82 56 41
82 57 54
82 58 19
82 59 3
82 60 44
82 61 38
82 62 45
82 63 35
82 64 87
82 65 81
82 66 16
82 67 32
82 68 80
82 69 17
82 70 63
82 71 21
82 72 5
82 73 36
82 74 72
82 75 68
82 76 71
82 77 50
82 78 95
82 79 59
82 80 14
82 81 55
82 82 40
82 83 61
82 84 88
82 85 79
82 86 34
82 87 8
82 88 91
82 89 99
82 90 53
82 91 27
82 92 43
82 93 69
82 94 75
82 95 46
82 96 94
82 97 47
82 98 10
82 99 29
83 1 27
83 2 44
83 3 9
83 4 7
83 5 30
83 6 3
83 7 54
83 8 76
83 9 91
83 10 60
83 11 10
83 12 97
83 13 12
83 14 35
83 15 59
83 16 36
83 17 64
83 18 5
83 19 1
83 20 63
83 21 38
83 22 6
83 23 33
83 24 16
83 25 20
83 26 81
83 27 98
83 28 50
83 29 95
83 30 41
83 31 69
83 32 43
83 33 13
83 34 68
83 35 46
83 36 53
83 37 78
83 38 77
83 39 11
83 40 52
83 41 49
83 42 37
83 43 22
83 44 45
83 45 55
83 46 8
83 47 82
83 48 99
83 49 0
83 50 96
83 51 21
83 52 92
83 53 89
83 54 29
83 55 93
83 56 32
83 57 4
83 58 87
83 59 79
83 60 23
83 61 58
83 62 18
83 63 34
83 64 19
83 65 48
83 66 75
83 67 65
83 68 90
83 69 74
83 70 31
83 71 61
83 72 73
83 73 26
83 74 25
83 75 72
83 76 67
83 77 24
83 78 84
83 79 51
83 80 17
83 81 80
83 82 14
83 83 94
83 84 71
83 85 39
83 86 57
83 87 66
83 88 85
83 89 28
83 90 56
83 91 88
83 92 2
83 93 42
83 94 40
83 95 70
83 96 15
83 97 47
83 98 86
83 99 62
84 1 37
84 2 29
84 3 15
84 4 89
84 5 46
84 6 81
84 7 51
84 8 18
84 9 95
84 10 73
84 11 9
84 12 70
84 13 92
84 14 41
84 15 69
84 16 68
84 17 5
84 18 19
84 19 1
84 20 35
84 21 17
84 22 53
84 23 10
84 24 66
84 25 49
84 26 25
84 27 2
84 28 50
84 29 99
84 30 54
84 31 3
84 32 38
84 33 82
84 34 55
84 35 33
84 36 61
84 37 72
84 38 93
84 39 74
84 40 0
84 41 39
84 42 24
84 43 44
84 44 59
84 45 48
84 46 6
84 47 96
84 48 79
84 49 78
84 50 71
84 51 40
84 52 76
84 53 90
84 54 21
84 55 16
84 56 77
84 57 12
84 58 94
84 59 80
84 60 36
84 61 43
84 62 22
84 63 98
84 64 13
84 65 64
84 66 8
84 67 27
84 68 56
84 69 88
84 70 45
84 71 60
84 72 62
84 73 7
84 74 4
84 75 23
84 76 67
84 77 97
84 78 42
84 79 52
84 80 14
84 81 86
84 82 75
84 83 58
84 84 85
84 85 20
84 86 31
84 87 83
84 88 26
84 89 47
84 90 34
84 91 63
84 92 57
84 93 65
84 94 28
84 95 30
84 96 32
84 97 91
84 98 11
84 99 87
85 1 14
85 2 68
85 3 35
85 4 84
85 5 9
85 6 47
85 7 69
85 8 80
85 9 77
85 10 37
85 11 22
85 12 57
85 13 64
85 14 73
85 15 75
85 16 1
85 17 42
85 18 49
85 19 11
85 20 23
85 21 33
85 22 27
85 23 29
85 24 95
85 25 60
85 26 96
85 27 94
85 28 52
85 29 20
85 30 41
85 31 76
85 32 70
85 33 82
85 34 31
85 35 48
85 36 19
85 37 63
85 38 58
85 39 36
85 40 67
85 41 24
85 42 93
85 43 3
85 44 5
85 45 72
85 46 8
85 47 2
85 48 39
85 49 12
85 50 66
85 51 17
85 52 53
85 53 40
85 54 15
85 55 61
85 56 4
85 57 18
85 58 50
85 59 55
85 60 79
85 61 62
85 62 92
85 63 97
85 64 59
85 65 90
85 66 89
85 67 65
85 68 43
85 69 81
85 70 99
85 71 56
85 72 45
85 73 91
85 74 78
85 75 98
85 76 88
85 77 34
85 78 38
85 79 86
85 80 51
85 81 54
85 82 10
85 83 87
85 84 0
85 85 28
85 86 25
85 87 16
85 88 44
85 89 13
85 90 21
85 91 46
85 92 32
85 93 7
85 94 71
85 95 74
85 96 30
85 97 6
85 98 83
85 99 26
86 1 0
86 2 48
86 3 6
86 4 73
86 5 32
86 6 78
86 7 19
86 8 18
86 9 8
86 10 35
86 11 53
86 12 69
86 13 51
86 14 79
86 15 59
86 16 36
86 17 3
86 18 42
86 19 91
86 20 87
86 21 27
86 22 82
86 23 81
86 24 31
86 25 99
86 26 47
86 27 33
86 28 23
86 29 40
86 30 26
86 31 60
86 32 1
86 33 22
86 34 16
86 35 84
86 36 57
86 37 44
86 38 24
86 39 13
86 40 96
86 41 70
86 42 98
86 43 52
86 44 30
86 45 43
86 46 74
86 47 92
86 48 61
86 49 80
86 50 62
86 51 17
86 52 56
86 53 72
86 54 12
86 55 63
86 56 83
86 57 25
86 58 38
86 59 5
86 60 94
86 61 39
86 62 49
86 63 95
86 64 37
86 65 45
86 66 34
86 67 7
86 68 67
86 69 4
86 70 9
86 71 77
86 72 11
86 73 68
86 74 55
86 75 14
86 76 58
86 77 66
86 78 76
86 79 90
86 80 64
86 81 2
86 82 88
86 83 20
86 84 21
86 85 41
86 86 15
86 87 28
86 88 10
86 89 46
86 90 29
86 91 54
86 92 89
86 93 50
86 94 93
86 95 85
86 96 71
86 97 75
86 98 65
86 99 97
87 1 24
87 2 97
87 3 73
87 4 59
87 5 50
87 6 6
87 7 88
87 8 94
87 9 7
87 10 89
87 11 86
87 12 92
87 13 49
87 14 11
87 15 53
87 16 47
87 17 51
87 18 54
87 19 75
87 20 41
87 21 5
87 22 82
87 23 78
87 24 96
87 25 83
87 26 16
87 27 42
87 28 26
87 29 69
87 30 57
87 31 79
87 32 36
87 33 17
87 34 1
87 35 43
87 36 74
87 37 31
87 38 81
87 39 90
87 40 65
87 41 93
87 42 12
87 43 2
87 44 8
87 45 55
87 46 95
87 47 4
87 48 67
87 49 15
87 50 62
87 51 46
87 52 60
87 53 13
87 54 21
87 55 38
87 56 58
87 57 91
87 58 84
87 59 10
87 60 0
87 61 29
87 62 33
87 63 18
87 64 61
87 65 64
87 66 80
87 67 44
87 68 3
87 69 23
87 70 52
87 71 77
87 72 45
87 73 37
87 74 98
87 75 40
87 76 70
87 77 35
87 78 9
87 79 27
87 80 48
87 81 34
87 82 99
87 83 72
87 84 32
87 85 85
87 86 25
87 87 68
87 88 14
87 89 56
87 90 39
87 91 22
87 92 19
87 93 28
87 94 66
87 95 71
87 96 63
87 97 20
87 98 76
87 99 30
88 1 93
88 2 84
88 3 55
88 4 42
88 5 37
88 6 8
88 7 89
88 8 34
88 9 28
88 10 3
88 11 13
88 12 22
88 13 0
88 14 51
88 15 6
88 16 47
88 17 58
88 18 16
88 19 30
88 20 4
88 21 69
88 22 63
88 23 14
88 24 99
88 25 86
88 26 26
88 27 96
88 28 52
88 29 53
88 30 45
88 31 33
88 32 49
88 33 85
88 34 35
88 35 64
88 36 80
88 37 12
88 38 21
88 39 98
88 40 31
88 41 95
88 42 40
88 43 61
88 44 90
88 45 79
88 46 91
88 47 27
88 48 43
88 49 41
88 50 44
88 51 7
88 52 39
88 53 83
88 54 23
88 55 10
88 56 56
88 57 92
88 58 11
88 59 75
88 60 29
88 61 67
88 62 87
88 63 32
88 64 36
88 65 38
88 66 94
88 67 74
88 68 73
88 69 62
88 70 20
88 71 97
88 72 66
88 73 9
88 74 76
88 75 71
88 76 54
88 77 77
88 78 82
88 79 81
88 80 48
88 81 2
88 82 1
88 83 68
88 84 70
88 85 5
88 86 15
88 87 50
88 88 59
88 89 19
88 90 46
88 91 17
88 92 57
88 93 24
88 94 18
88 95 72
88 96 78
88 97 65
88 98 60
88 99 25
89 1 40
89 2 26
89 3 63
89 4 27
89 5 90
89 6 33
89 7 57
89 8 78
89 9 8
89 10 31
89 11 12
89 12 48
89 13 55
89 14 68
89 15 17
89 16 9
89 17 35
89 18 80
89 19 86
89 20 51
89 21 21
89 22 15
89 23 50
89 24 74
89 25 25
89 26 5
89 27 66
89 28 81
89 29 58
89 30 54
89 31 93
89 32 30
89 33 95
89 34 92
89 35 7
89 36 46
89 37 4
89 38 65
89 39 41
89 40 47
89 41 62
89 42 3
89 43 91
89 44 53
89 45 72
89 46 1
89 47 73
89 48 77
89 49 18
89 50 49
89 51 44
89 52 0
89 53 64
89 54 56
89 55 2
89 56 36
89 57 96
89 58 11
89 59 60
89 60 13
89 61 23
89 62 98
89 63 97
89 64 20
89 65 52
89 66 29
89 67 85
89 68 82
89 69 61
89 70 70
89 71 67
89 72 14
89 73 83
89 74 16
89 75 32
89 76 6
89 77 71
89 78 45
89 79 19
89 80 37
89 81 87
89 82 69
89 83 59
89 84 75
89 85 22
89 86 28
89 87 76
89 88 38
89 89 99
89 90 24
89 91 10
89 92 84
89 93 88
89 94 79
89 95 34
89 96 94
89 97 43
89 98 39
89 99 42
90 1 8
90 2 4
90 3 89
90 4 83
90 5 72
90 6 22
90 7 1
90 8 11
90 9 98
90 10 95
90 11 42
90 12 52
90 13 25
90 14 37
90 15 47
90 16 78
90 17 66
90 18 9
90 19 28
90 20 50
90 21 57
90 22 27
90 23 56
90 24 40
90 25 34
90 26 20
90 27 38
90 28 65
90 29 60
90 30 67
90 31 73
90 32 29
90 33 23
90 34 69
90 35 5
90 36 62
90 37 18
90 38 91
90 39 71
90 40 94
90 41 10
90 42 81
90 43 31
90 44 44
90 45 85
90 46 43
90 47 76
90 48 19
90 49 16
90 50 74
90 51 75
90 52 2
90 53 21
90 54 7
90 55 32
90 56 35
90 57 46
90 58 33
90 59 79
90 60 17
90 61 63
90 62 26
90 63 39
90 64 51
90 65 14
90 66 0
90 67 96
90 68 86
90 69 77
90 70 99
90 71 12
90 72 84
90 73 6
90 74 61
90 75 54
90 76 45
90 77 24
90 78 49
90 79 82
90 80 64
90 81 13
90 82 87
90 83 58
90 84 92
90 85 80
90 86 36
90 87 30
90 88 3
90 89 88
90 90 93
90 91 41
90 92 70
90 93 68
90 94 15
90 95 55
90 96 97
90 97 48
90 98 59
90 99 53
91 1 56
91 2 34
91 3 71
91 4 19
91 5 1
91 6 88
91 7 46
91 8 26
91 9 10
91 10 51
91 11 20
91 12 95
91 13 15
91 14 35
91 15 40
91 16 30
91 17 93
91 18 83
91 19 31
91 20 42
91 21 41
91 22 38
91 23 17
91 24 43
91 25 9
91 26 80
91 27 60
91 28 96
91 29 36
91 30 70
91 31 54
91 32 18
91 33 99
91 34 37
91 35 67
91 36 3
91 37 5
91 38 13
91 39 77
91 40 85
91 41 33
91 42 90
91 43 89
91 44 81
91 45 11
91 46 87
91 47 79
91 48 61
91 49 25
91 50 75
91 51 73
91 52 69
91 53 21
91 54 84
91 55 57
91 56 47
91 57 12
91 58 7
91 59 6
91 60 97
91 61 59
91 62 2
91 63 66
91 64 68
91 65 55
91 66 39
91 67 78
91 68 16
91 69 29
91 70 65
91 71 72
91 72 14
91 73 4
91 74 27
91 75 49
91 76 98
91 77 64
91 78 44
91 79 52
91 80 63
91 81 58
91 82 32
91 83 50
91 84 28
91 85 92
91 86 8
91 87 45
91 88 94
91 89 82
91 90 76
91 91 74
91 92 53
91 93 86
91 94 22
91 95 0
91 96 24
91 97 62
91 98 48
91 99 23
92 1 31
92 2 61
92 3 24
92 4 18
92 5 56
92 6 39
92 7 44
92 8 79
92 9 7
92 10 95
92 11 9
92 12 26
92 13 76
92 14 68
92 15 48
92 16 38
92 17 28
92 18 64
92 19 65
92 20 77
92 21 17
92 22 40
92 23 82
92 24 66
92 25 67
92 26 70
92 27 89
92 28 85
92 29 36
92 30 37
92 31 19
92 32 60
92 33 5
92 34 91
92 35 35
92 36 55
92 37 47
92 38 25
92 39 20
92 40 33
92 41 90
92 42 80
92 43 63
92 44 4
92 45 21
92 46 53
92 47 86
92 48 57
92 49 8
92 50 62
92 51 84
92 52 6
92 53 96
92 54 58
92 55 41
92 56 71
92 57 81
92 58 42
92 59 1
92 60 14
92 61 29
92 62 50
92 63 72
92 64 32
92 65 99
92 66 10
92 67 23
92 68 78
92 69 22
92 70 69
92 71 2
92 72 75
92 73 27
92 74 88
92 75 3
92 76 73
92 77 11
92 78 12
92 79 97
92 80 94
92 81 51
92 82 43
92 83 83
92 84 45
92 85 74
92 86 93
92 87 0
92 88 15
92 89 13
92 90 52
92 91 87
92 92 16
92 93 46
92 94 49
92 95 34
92 96 54
92 97 30
92 98 98
92 99 59
93 1 65
93 2 44
93 3 75
93 4 84
93 5 68
93 6 4
93 7 61
93 8 8
93 9 35
93 10 73
93 11 81
93 12 94
93 13 92
93 14 0
93 15 87
93 16 10
93 17 78
93 18 13
93 19 99
93 20 46
93 21 52
93 22 86
93 23 9
93 24 27
93 25 66
93 26 12
93 27 90
93 28 25
93 29 82
93 30 16
93 31 83
93 32 55
93 33 91
93 34 97
93 35 47
93 36 42
93 37 95
93 38 63
93 39 41
93 40 38
93 41 57
93 42 29
93 43 48
93 44 34
93 45 37
93 46 50
93 47 40
93 48 69
93 49 24
93 50 89
93 51 33
93 52 1
93 53 77
93 54 31
93 55 26
93 56 2
93 57 7
93 58 23
93 59 58
93 60 59
93 61 64
93 62 11
93 63 60
93 64 49
93 65 21
93 66 20
93 67 39
93 68 43
93 69 18
93 70 96
93 71 85
93 72 71
93 73 36
93 74 62
93 75 56
93 76 6
93 77 22
93 78 5
93 79 53
93 80 76
93 81 3
93 82 88
93 83 14
93 84 17
93 85 51
93 86 32
93 87 74
93 88 72
93 89 70
93 90 67
93 91 98
93 92 80
93 93 45
93 94 54
93 95 30
93 96 19
93 97 28
93 98 15
93 99 79
94 1 7
94 2 86
94 3 62
94 4 12
94 5 14
94 6 11
94 7 2
94 8 42
94 9 3
94 10 23
94 11 40
94 12 81
94 13 39
94 14 47
94 15 28
94 16 34
94 17 77
94 18 68
94 19 76
94 20 50
94 21 78
94 22 85
94 23 75
94 24 51
94 25 89
94 26 31
94 27 30
94 28 45
94 29 96
94 30 1
94 31 91
94 32 93
94 33 27
94 34 13
94 35 33
94 36 54
94 37 59
94 38 41
94 39 46
94 40 82
94 41 55
94 42 32
94 43 21
94 44 48
94 45 67
94 46 65
94 47 53
94 48 88
94 49 24
94 50 49
94 51 64
94 52 44
94 53 80
94 54 56
94 55 74
94 56 61
94 57 98
94 58 9
94 59 38
94 60 71
94 61 69
94 62 52
94 63 25
94 64 95
94 65 37
94 66 79
94 67 72
94 68 58
94 69 16
94 70 4
94 71 84
94 72 10
94 73 83
94 74 63
94 75 90
94 76 26
94 77 22
94 78 92
94 79 17
94 80 73
94 81 29
94 82 0
94 83 66
94 84 5
94 85 70
94 86 87
94 87 35
94 88 19
94 89 6
94 90 57
94 91 15
94 92 18
94 93 99
94 94 36
94 95 60
94 96 8
94 97 97
94 98 20
94 99 43
95 1 59
95 2 62
95 3 83
95 4 21
95 5 1
95 6 10
95 7 39
95 8 99
95 9 97
95 10 5
95 11 38
95 12 36
95 13 35
95 14 17
95 15 29
95 16 47
95 17 84
95 18 28
95 19 11
95 20 65
95 21 16
95 22 7
95 23 67
95 24 26
95 25 54
95 26 25
95 27 43
95 28 77
95 29 30
95 30 60
95 31 63
95 32 50
95 33 49
95 34 79
95 35 82
95 36 75
95 37 27
95 38 34
95 39 23
95 40 96
95 41 81
95 42 73
95 43 3
95 44 20
95 45 14
95 46 92
95 47 72
95 48 13
95 49 4
95 50 57
95 51 40
95 52 64
95 53 87
95 54 88
95 55 68
95 56 12
95 57 69
95 58 98
95 59 89
95 60 66
95 61 48
95 62 33
95 63 6
95 64 31
95 65 41
95 66 71
95 67 94
95 68 52
95 69 76
95 70 51
95 71 55
95 72 70
95 73 45
95 74 8
95 75 58
95 76 61
95 77 53
95 78 24
95 79 22
95 80 15
95 81 93
95 82 86
95 83 56
95 84 42
95 85 90
95 86 46
95 87 0
95 88 32
95 89 9
95 90 19
95 91 37
95 92 80
95 93 85
95 94 18
95 95 78
95 96 44
95 97 74
95 98 2
95 99 91
96 1 44
96 2 12
96 3 23
96 4 88
96 5 38
96 6 58
96 7 32
96 8 80
96 9 51
96 10 14
96 11 6
96 12 76
96 13 95
96 14 42
96 15 53
96 16 17
96 17 48
96 18 46
96 19 13
96 20 64
96 21 47
96 22 90
96 23 39
96 24 50
96 25 2
96 26 89
96 27 66
96 28 26
96 29 87
96 30 62
96 31 7
96 32 77
96 33 68
96 34 82
96 35 28
96 36 54
96 37 19
96 38 41
96 39 18
96 40 30
96 41 3
96 42 31
96 43 83
96 44 33
96 45 92
96 46 97
96 47 84
96 48 22
96 49 36
96 50 67
96 51 73
96 52 5
96 53 57
96 54 11
96 55 56
96 56 70
96 57 24
96 58 29
96 59 52
96 60 4
96 61 27
96 62 0
96 63 21
96 64 25
96 65 43
96 66 74
96 67 8
96 68 59
96 69 34
96 70 1
96 71 45
96 72 35
96 73 49
96 74 71
96 75 94
96 76 99
96 77 78
96 78 40
96 79 72
96 80 79
96 81 86
96 82 69
96 83 98
96 84 63
96 85 37
96 86 10
96 87 20
96 88 61
96 89 60
96 90 65
96 91 81
96 92 9
96 93 55
96 94 93
96 95 91
96 96 16
96 97 15
96 98 85
96 99 75
97 1 99
97 2 60
97 3 40
97 4 51
97 5 74
97 6 7
97 7 89
97 8 30
97 9 82
97 10 94
97 11 43
97 12 31
97 13 2
97 14 8
97 15 12
97 16 85
97 17 52
97 18 64
97 19 42
97 20 6
97 21 95
97 22 32
97 23 36
97 24 93
97 25 38
97 26 39
97 27 66
97 28 34
97 29 35
97 30 71
97 31 65
97 32 75
97 33 29
97 34 33
97 35 46
97 36 14
97 37 19
97 38 91
97 39 37
97 40 54
97 41 62
97 42 80
97 43 16
97 44 13
97 45 56
97 46 98
97 47 53
97 48 90
97 49 88
97 50 18
97 51 15
97 52 3
97 53 4
97 54 1
97 55 76
97 56 20
97 57 48
97 58 17
97 59 63
97 60 11
97 61 79
97 62 45
97 63 22
97 64 9
97 65 58
97 66 68
97 67 87
97 68 57
97 69 26
97 70 41
97 71 27
97 72 49
97 73 24
97 74 10
97 75 47
97 76 28
97 77 83
97 78 67
97 79 25
97 80 69
97 81 23
97 82 0
97 83 59
97 84 77
97 85 86
97 86 61
97 87 78
97 88 44
97 89 73
97 90 84
97 91 70
97 92 50
97 93 21
97 94 81
97 95 96
97 96 92
97 97 5
97 98 72
97 99 55
98 1 39
98 2 50
98 3 42
98 4 80
98 5 55
98 6 66
98 7 47
98 8 61
98 9 28
98 10 29
98 11 62
98 12 95
98 13 17
98 14 34
98 15 94
98 16 70
98 17 5
98 18 63
98 19 2
98 20 91
98 21 78
98 22 92
98 23 32
98 24 14
98 25 40
98 26 54
98 27 16
98 28 18
98 29 65
98 30 51
98 31 31
98 32 38
98 33 20
98 34 26
98 35 90
98 36 79
98 37 53
98 38 52
98 39 3
98 40 22
98 41 4
98 42 86
98 43 49
98 44 36
98 45 96
98 46 10
98 47 30
98 48 64
98 49 85
98 50 8
98 51 75
98 52 58
98 53 9
98 54 72
98 55 68
98 56 43
98 57 74
98 58 12
98 59 69
98 60 45
98 61 24
98 62 37
98 63 0
98 64 76
98 65 87
98 66 97
98 67 84
98 68 35
98 69 83
98 70 57
98 71 7
98 72 44
98 73 77
98 74 48
98 75 6
98 76 46
98 77 33
98 78 41
98 79 99
98 80 56
98 81 27
98 82 11
98 83 93
98 84 82
98 85 88
98 86 23
98 87 71
98 88 15
98 89 25
98 90 13
98 91 19
98 92 60
98 93 59
98 94 89
98 95 21
98 96 73
98 97 81
98 98 67
98 99 1
99 1 55
99 2 65
99 3 98
99 4 57
99 5 40
99 6 5
99 7 45
99 8 49
99 9 96
99 10 26
99 11 21
99 12 73
99 13 15
99 14 89
99 15 2
99 16 81
99 17 74
99 18 39
99 19 38
99 20 28
99 21 86
99 22 59
99 23 82
99 24 80
99 25 44
99 26 52
99 27 87
99 28 95
99 29 64
99 30 34
99 31 3
99 32 23
99 33 78
99 34 31
99 35 14
99 36 17
99 37 18
99 38 70
99 39 10
99 40 88
99 41 19
99 42 91
99 43 32
99 44 7
99 45 66
99 46 43
99 47 24
99 48 13
99 49 9
99 50 75
99 51 1
99 52 6
99 53 90
99 54 48
99 55 50
99 56 77
99 57 22
99 58 84
99 59 63
99 60 12
99 61 76
99 62 54
99 63 47
99 64 4
99 65 83
99 66 79
99 67 68
99 68 16
99 69 60
99 70 72
99 71 53
99 72 67
99 73 92
99 74 69
99 75 56
99 76 29
99 77 62
99 78 46
99 79 20
99 80 61
99 81 58
99 82 27
99 83 93
99 84 85
99 85 42
99 86 33
99 87 11
99 88 94
99 89 41
99 90 97
99 91 35
99 92 30
99 93 36
99 94 37
99 95 51
99 96 25
99 97 8
99 98 0
99 99 71