0 78
1 78
2 78
3 78
4 74
5 79
6 78
7 78
8 78
9 43
10 43
11 49
12 10
13 74
14 74
15 48
16 16
17 55
18 74
19 60
20 68
21 68
22 68
23 81
24 54
25 15
26 68
27 41
28 68
29 74
30 68
31 41
32 12
33 24
34 43
35 41
36 68
37 43
38 68
39 68
40 26
41 14
42 82
43 81
44 55
45 60
46 68
47 27
48 22
49 14
50 41
51 37
52 42
53 59
54 41
55 42
56 41
57 37
58 41
59 41
60 42
61 41
62 41
63 41
64 41
65 41
66 82
67 14
68 16
69 16
70 14
71 16
72 93
73 14
74 93
75 16
76 19
77 21
78 16
79 16
80 19
81 16
82 19
83 19
84 19
85 16
86 16
87 16
88 16
89 16
90 16
91 20
92 20
93 20
94 20
95 20
96 25
97 20
98 25
99 20
100 18
101 21
102 20
103 12
104 24
105 20
106 39
107 39
108 39
109 16
110 39
111 42
112 41
113 39
114 39
115 39
116 32
117 39
118 39
119 39
120 38
121 27
122 39
123 39
124 39
125 47
126 28
127 39
128 42
129 39
130 37
131 39
132 39
133 48
134 39
135 33
136 39
137 49
138 84
139 39
140 39
141 56
142 39
143 28
144 45
145 49
146 11
147 11
148 89
149 11
150 11
151 11
152 20
153 11
154 11
155 11
156 11
157 21
158 44
159 11
160 11
161 11
162 11
163 74
164 44
165 78
166 78
167 26
168 78
169 78
170 78
171 78
172 25
173 78
174 14
175 78
176 78
177 78
178 78
179 88
180 27
181 78
182 78
183 78
184 66
185 66
186 65
187 30
188 28
189 64
190 66
191 65
192 28
193 66
194 67
195 66
196 66
197 66
198 30
199 66
200 66
201 28
202 30
203 66
204 66
205 63
206 66
207 65
208 66
209 49
210 48
211 49
212 61
213 95
214 66
215 66
216 66
217 28
218 65
219 69
220 11
221 65
222 90
223 54
224 64
225 62
226 54
227 54
228 73
229 60
230 68
231 1
232 1
233 1
234 4
235 1
236 5
237 4
238 14
239 24
240 14
241 14
242 14
243 14
244 27
245 20
246 14
247 16
248 2
249 2
250 14
251 14
252 24
253 14
254 14
255 14
256 12
257 21
258 21
259 21
260 18
261 21
262 21
263 18
264 21
265 21
266 93
267 93
268 21
269 18
270 22
271 21
272 21
273 21
274 21
275 21
276 21
277 18
278 21
279 93
280 21
281 21
282 21
283 24
284 21
285 89
286 20
287 21
288 21
289 21
290 21
291 21
292 21
293 23
294 18
295 21
296 57
297 21
298 21
299 21
300 21
301 21
302 15
303 14
304 14
305 15
306 15
307 14
308 24
309 15
310 15
311 15
312 15
313 33
314 15
315 2
316 2
317 2
318 2
319 2
320 3
321 2
322 14
323 14
324 2
325 14
326 14
327 22
328 14
329 60
330 22
331 37
332 13
333 62
334 13
335 36
336 13
337 13
338 13
339 12
340 13
341 23
342 62
343 62
344 3
345 13
346 14
347 73
348 22
349 73
350 73
351 63
352 73
353 13
354 95
355 73
356 73
357 73
358 53
359 63
360 63
361 70
362 89
363 61
364 63
365 63
366 63
367 89
368 71
369 63
370 63
371 77
372 63
373 98
374 59
375 45
376 20
377 20
378 20
379 20
380 11
381 11
382 48
383 48
384 48
385 48
386 48
387 48
388 57
389 48
390 57
391 57
392 67
393 57
394 57
395 57
396 46
397 57
398 46
399 57
400 8
401 57
402 57
403 57
404 48
405 48
406 48
407 48
408 48
409 48
410 93
411 48
412 48
413 48
414 98
415 98
416 98
417 98
418 98
419 98
420 98
421 98
422 98
423 30
424 98
425 98
426 98
427 98
428 53
429 98
430 98
431 10
432 10
433 18
434 93
435 10
436 10
437 93
438 10
439 93
440 93
441 10
442 10
443 10
444 77
445 77
446 77
447 77
448 77
449 77
450 77
451 77
452 76
453 77
454 77
455 77
456 77
457 76
458 76
459 76
460 75
461 77
462 77
463 77
464 84
465 92
466 77
467 76
468 76
469 77
470 77
471 77
472 77
473 77
474 77
475 85
476 71
477 77
478 44
479 44
480 45
481 45
482 45
483 45
484 45
485 92
486 44
487 93
488 49
489 15
490 14
491 14
492 14
493 97
494 14
495 16
496 14
497 14
498 45
499 79
500 12
501 14
502 14
503 14
504 10
505 14
506 14
507 24
508 63
509 74
510 74
511 15
512 4
513 15
514 24
515 15
516 15
517 45
518 15
519 20
520 24
521 18
522 24
523 20
524 0
525 24
526 20
527 0
528 18
529 24
530 20
531 27
532 12
533 20
534 20
535 0
536 18
537 20
538 22
539 79
540 18
541 24
542 0
543 24
544 24
545 24
546 0
547 20
548 12
549 12
550 12
551 12
552 12
553 5
554 12
555 24
556 12
557 12
558 12
559 12
560 0
561 47
562 47
563 49
564 43
565 57
566 49
567 49
568 49
569 49
570 49
571 49
572 5
573 87
574 49
575 49
576 48
577 46
578 49
579 49
580 49
581 28
582 28
583 28
584 28
585 28
586 28
587 28
588 42
589 42
590 42
591 42
592 42
593 6
594 18
595 78
596 18
597 18
598 18
599 18
600 18
601 36
602 18
603 18
604 18
605 18
606 18
607 35
608 45
609 10
610 24
611 18
612 18
613 18
614 24
615 35
616 47
617 18
618 18
619 58
620 58
621 58
622 58
623 69
624 58
625 58
626 58
627 70
628 12
629 58
630 58
631 45
632 40
633 10
634 45
635 45
636 45
637 45
638 45
639 45
640 46
641 45
642 45
643 45
644 33
645 41
646 46
647 32
648 46
649 46
650 61
651 46
652 46
653 46
654 57
655 46
656 56
657 72
658 11
659 11
660 91
661 72
662 91
663 27
664 27
665 35
666 14
667 14
668 20
669 32
670 14
671 14
672 23
673 23
674 81
675 49
676 54
677 22
678 83
679 63
680 54
681 54
682 54
683 55
684 55
685 54
686 74
687 54
688 93
689 73
690 54
691 73
692 54
693 11
694 68
695 11
696 11
697 50
698 11
699 11
700 68
701 61
702 11
703 28
704 0
705 11
706 11
707 11
708 86
709 86
710 86
711 86
712 86
713 86
714 86
715 59
716 86
717 86
718 85
719 86
720 66
721 86
722 85
723 86
724 21
725 21
726 22
727 22
728 13
729 79
730 79
731 79
732 35
733 38
734 3
735 79
736 79
737 99
738 75
739 79
740 79
741 99
742 49
743 79
744 79
745 79
746 10
747 38
748 10
749 38
750 38
751 38
752 49
753 38
754 38
755 38
756 38
757 10
758 38
759 10
760 38
761 10
762 1
763 85
764 1
765 85
766 1
767 1
768 1
769 1
770 1
771 1
772 1
773 1
774 1
775 1
776 50
777 50
778 50
779 91
780 22
781 69
782 50
783 38
784 38
785 30
786 38
787 30
788 98
789 30
790 38
791 30
792 18
793 0
794 0
795 72
796 18
797 72
798 72
799 72
800 72
801 72
802 72
803 75
804 72
805 72
806 54
807 54
808 54
809 51
810 54
811 54
812 68
813 68
814 89
815 68
816 89
817 41
818 41
819 38
820 42
821 41
822 38
823 68
824 41
825 41
826 41
827 41
828 78
829 53
830 78
831 53
832 24
833 24
834 38
835 44
836 38
837 44
838 60
839 44
840 44
841 44
842 44
843 44
844 50
845 50
846 50
847 38
848 44
849 38
850 26
851 38
852 38
853 59
854 28
855 28
856 57
857 28
858 28
859 10
860 18
861 17
862 16
863 16
864 1
865 1
866 4
867 1
868 5
869 4
870 4
871 2
872 4
873 4
874 3
875 4
876 2
877 23
878 23
879 23
880 23
881 23
882 23
883 18
884 18
885 18
886 18
887 18
888 67
889 67
890 67
891 67
892 67
893 51
894 51
895 67
896 67
897 52
898 52
899 51
900 52
901 52
902 51
903 52
904 54
905 51
906 52
907 52
908 52
909 51
910 61
911 64
912 61
913 61
914 51
915 57
916 61
917 48
918 61
919 61
920 61
921 48
922 61
923 61
924 61
925 57
926 64
927 73
928 36
929 8
930 68
931 29
932 59
933 59
934 4
935 49
936 59
937 59
938 59
939 4
940 37
941 68
942 59
943 45
944 99
945 99
946 99
947 97
948 94
949 99
950 99
951 99
952 99
953 96
954 99
955 99
956 99
957 99
958 99
959 96
960 96
961 96
962 96
963 96
964 96
965 26
966 96
967 96
968 89
969 96
970 96
971 96
972 96
973 26
974 96
975 26
976 16
977 86
978 12
979 39
980 39
981 38
982 39
983 39
984 35
985 39
986 55
987 38
988 38
989 38
990 38
991 38
992 38
993 55
994 53
995 55
996 3
997 55
998 50
999 55
1000 55
1001 55
1002 55
1003 53
1004 50
1005 50
1006 53
1007 53
1008 55
1009 53
1010 53
1011 53
1012 53
1013 53
1014 90
1015 90
1016 90
1017 87
1018 90
1019 90
1020 90
1021 81
1022 91
1023 97
1024 4
1025 89
1026 90
1027 41
1028 41
1029 41
1030 41
1031 41
1032 41
1033 41
1034 6
1035 10
1036 10
1037 6
1038 10
1039 10
1040 10
1041 7
1042 72
1043 55
1044 72
1045 64
1046 92
1047 57
1048 57
1049 57
1050 57
1051 36
1052 36
1053 36
1054 31
1055 35
1056 36
1057 36
1058 36
1059 36
1060 34
1061 71
1062 35
1063 36
1064 91
1065 25
1066 35
1067 90
1068 36
1069 16
1070 25
1071 25
1072 25
1073 25
1074 91
1075 90
1076 91
1077 91
1078 90
1079 90
1080 17
1081 91
1082 90
1083 90
1084 90
1085 90
1086 45
1087 45
1088 7
1089 7
1090 7
1091 7
1092 7
1093 7
1094 7
1095 7
1096 55
1097 7
1098 7
1099 7
1100 16
1101 16
1102 71
1103 71
1104 71
1105 71
1106 71
1107 71
1108 71
1109 71
1110 71
1111 71
1112 71
1113 71
1114 71
1115 71
1116 71
1117 56
1118 71
1119 71
1120 34
1121 95
1122 95
1123 43
1124 43
1125 43
1126 43
1127 43
1128 43
1129 4
1130 43
1131 43
1132 43
1133 40
1134 24
1135 40
1136 40
1137 40
1138 40
1139 40
1140 33
1141 33
1142 33
1143 33
1144 33
1145 33
1146 33
1147 33
1148 40
1149 33
1150 33
1151 33
1152 33
1153 35
1154 33
1155 33
1156 92
1157 92
1158 92
1159 92
1160 92
1161 92
1162 92
1163 92
1164 92
1165 49
1166 48
1167 28
1168 92
1169 92
1170 92
1171 92
1172 92
1173 92
1174 92
1175 92
1176 92
1177 12
1178 42
1179 42
1180 42
1181 42
1182 42
1183 42
1184 42
1185 42
1186 66
1187 66
1188 94
1189 94
1190 66
1191 94
1192 58
1193 58
1194 58
1195 58
1196 89
1197 58
1198 58
1199 58
1200 58
1201 58
1202 58
1203 53
1204 70
1205 53
1206 22
1207 53
1208 82
1209 53
1210 53
1211 53
1212 53
1213 53
1214 53
1215 53
1216 53
1217 25
1218 34
1219 25
1220 25
1221 25
1222 25
1223 25
1224 25
1225 34
1226 25
1227 25
1228 25
1229 60
1230 60
1231 60
1232 99
1233 60
1234 60
1235 60
1236 28
1237 28
1238 69
1239 69
1240 69
1241 69
1242 69
1243 69
1244 69
1245 69
1246 69
1247 69
1248 69
1249 69
1250 69
1251 69
1252 69
1253 69
1254 69
1255 69
1256 69
1257 69
1258 69
1259 69
1260 69
1261 69
1262 69
1263 69
1264 69
1265 69
1266 69
1267 69
1268 69
1269 69
1270 69
1271 69
1272 63
1273 69
1274 69
1275 69
1276 69
1277 63
1278 69
1279 11
1280 11
1281 11
1282 81
1283 81
1284 81
1285 81
1286 81
1287 13
1288 72
1289 72
1290 73
1291 71
1292 73
1293 73
1294 73
1295 73
1296 73
1297 73
1298 34
1299 34
1300 34
1301 34
1302 34
1303 34
1304 34
1305 34
1306 34
1307 34
1308 34
1309 34
1310 34
1311 34
1312 34
1313 34
1314 34
1315 34
1316 34
1317 34
1318 34
1319 34
1320 34
1321 34
1322 34
1323 34
1324 92
1325 92
1326 92
1327 92
1328 92
1329 91
1330 2
1331 2
1332 30
1333 30
1334 20
1335 30
1336 30
1337 30
1338 38
1339 30
1340 67
1341 4
1342 97
1343 6
1344 4
1345 26
1346 27
1347 26
1348 26
1349 26
1350 26
1351 27
1352 26
1353 26
1354 33
1355 33
1356 33
1357 33
1358 33
1359 33
1360 33
1361 12
1362 33
1363 33
1364 92
1365 33
1366 33
1367 62
1368 58
1369 58
1370 58
1371 58
1372 95
1373 73
1374 73
1375 73
1376 73
1377 73
1378 46
1379 46
1380 74
1381 27
1382 59
1383 59
1384 59
1385 59
1386 59
1387 59
1388 59
1389 59
1390 59
1391 59
1392 59
1393 59
1394 59
1395 59
1396 22
1397 89
1398 87
1399 94
1400 89
1401 89
1402 94
1403 10
1404 26
1405 26
1406 26
1407 35
1408 35
1409 35
1410 35
1411 35
1412 35
1413 35
1414 35
1415 79
1416 79
1417 53
1418 53
1419 79
1420 78
1421 79
1422 89
1423 89
1424 89
1425 89
1426 89
1427 89
1428 89
1429 89
1430 89
1431 89
1432 36
1433 36
1434 36
1435 36
1436 36
1437 36
1438 36
1439 22
1440 22
1441 22
1442 22
1443 81
1444 89
1445 89
1446 4
1447 89
1448 76
1449 72
1450 72
1451 72
1452 72
1453 72
1454 72
1455 72
1456 72
1457 72
1458 72
1459 72
1460 77
1461 75
1462 75
1463 77
1464 84
1465 77
1466 77
1467 77
1468 77
1469 77
1470 77
1471 76
1472 77
1473 77
1474 62
1475 62
1476 62
1477 62
1478 50
1479 62
1480 62
1481 62
1482 62
1483 62
1484 64
1485 62
1486 62
1487 62
1488 62
1489 63
1490 63
1491 87
1492 87
1493 87
1494 87
1495 87
1496 87
1497 87
1498 12
1499 87
1500 87
1501 87
1502 31
1503 37
1504 39
1505 87
1506 91
1507 87
1508 87
1509 98
1510 39
1511 90
1512 90
1513 97
1514 90
1515 62
1516 62
1517 62
1518 62
1519 62
1520 3
1521 63
1522 3
1523 61
1524 64
1525 5
1526 5
1527 23
1528 4
1529 4
1530 3
1531 4
1532 5
1533 6
1534 5
1535 5
1536 2
1537 1
1538 5
1539 8
1540 5
1541 5
1542 8
1543 5
1544 5
1545 5
1546 5
1547 5
1548 5
1549 4
1550 5
1551 5
1552 4
1553 53
1554 5
1555 1
1556 4
1557 3
1558 45
1559 43
1560 45
1561 20
1562 0
1563 86
1564 86
1565 85
1566 85
1567 86
1568 31
1569 49
1570 49
1571 49
1572 47
1573 47
1574 47
1575 47
1576 62
1577 46
1578 46
1579 46
1580 46
1581 46
1582 46
1583 48
1584 48
1585 48
1586 48
1587 51
1588 51
1589 51
1590 51
1591 52
1592 66
1593 61
1594 61
1595 61
1596 61
1597 61
1598 42
1599 51
1600 51
1601 51
1602 51
1603 51
1604 51
1605 51
1606 51
1607 51
1608 51
1609 51
1610 51
1611 50
1612 51
1613 51
1614 51
1615 51
1616 51
1617 51
1618 43
1619 57
1620 25
1621 56
1622 61
1623 42
1624 42
1625 42
1626 42
1627 65
1628 65
1629 65
1630 65
1631 65
1632 65
1633 55
1634 55
1635 65
1636 65
1637 65
1638 65
1639 65
1640 65
1641 65
1642 65
1643 43
1644 43
1645 43
1646 43
1647 26
1648 26
1649 26
1650 26
1651 26
1652 26
1653 27
1654 27
1655 27
1656 27
1657 27
1658 27
1659 27
1660 27
1661 57
1662 57
1663 57
1664 64
1665 57
1666 3
1667 70
1668 31
1669 3
1670 74
1671 74
1672 3
1673 3
1674 30
1675 68
1676 68
1677 68
1678 68
1679 30
1680 68
1681 68
1682 68
1683 68
1684 68
1685 57
1686 27
1687 27
1688 2
1689 6
1690 63
1691 63
1692 95
1693 74
1694 97
1695 63
1696 89
1697 63
1698 27
1699 27
1700 16
1701 46
1702 46
1703 49
1704 49
1705 67
1706 67
1707 67
1708 67
1709 67
1710 10
1711 91
1712 37
1713 37
1714 37
1715 37
1716 62
1717 62
1718 67
1719 67
1720 67
1721 67
1722 67
1723 67
1724 67
1725 67
1726 67
1727 27
1728 41
1729 39
1730 5
1731 5
1732 5
1733 5
1734 5
1735 5
1736 5
1737 5
1738 5
1739 5
1740 5
1741 5
1742 5
1743 5
1744 5
1745 79
1746 78
1747 78
1748 29
1749 29
1750 29
1751 79
1752 78
1753 78
1754 80
1755 76
1756 25
1757 17
1758 25
1759 52
1760 44
1761 25
1762 25
1763 17
1764 25
1765 25
1766 64
1767 62
1768 71
1769 58
1770 2
1771 49
1772 4
1773 4
1774 4
1775 4
1776 3
1777 65
1778 65
1779 65
1780 47
1781 47
1782 47
1783 47
1784 47
1785 47
1786 47
1787 47
1788 47
1789 47
1790 47
1791 56
1792 47
1793 2
1794 2
1795 2
1796 2
1797 2
1798 2
1799 2
1800 2
1801 1
1802 2
1803 2
1804 2
1805 2
1806 2
1807 2
1808 34
1809 8
1810 8
1811 8
1812 8
1813 8
1814 8
1815 8
1816 8
1817 22
1818 8
1819 29
1820 29
1821 29
1822 29
1823 29
1824 29
1825 29
1826 58
1827 58
1828 58
1829 58
1830 3
1831 4
1832 4
1833 5
1834 4
1835 4
1836 4
1837 43
1838 43
1839 63
1840 63
1841 75
1842 75
1843 89
1844 63
1845 63
1846 75
1847 89
1848 89
1849 89
1850 20
1851 81
1852 20
1853 20
1854 44
1855 81
1856 20
1857 96
1858 91
1859 95
1860 95
1861 95
1862 95
1863 95
1864 80
1865 95
1866 96
1867 97
1868 95
1869 95
1870 95
1871 32
1872 32
1873 32
1874 32
1875 32
1876 32
1877 32
1878 32
1879 32
1880 32
1881 32
1882 32
1883 32
1884 32
1885 32
1886 32
1887 32
1888 32
1889 32
1890 32
1891 32
1892 32
1893 32
1894 32
1895 32
1896 32
1897 32
1898 32
1899 32
1900 32
1901 32
1902 32
1903 32
1904 32
1905 55
1906 57
1907 56
1908 56
1909 29
1910 56
1911 56
1912 59
1913 45
1914 45
1915 45
1916 46
1917 35
1918 35
1919 35
1920 35
1921 35
1922 35
1923 35
1924 8
1925 4
1926 8
1927 8
1928 92
1929 44
1930 76
1931 75
1932 35
1933 75
1934 75
1935 75
1936 12
1937 12
1938 47
1939 47
1940 47
1941 47
1942 47
1943 47
1944 64
1945 41
1946 62
1947 41
1948 41
1949 89
1950 63
1951 68
1952 68
1953 68
1954 68
1955 68
1956 68
1957 68
1958 68
1959 68
1960 50
1961 50
1962 50
1963 50
1964 50
1965 52
1966 50
1967 50
1968 39
1969 50
1970 50
1971 50
1972 52
1973 52
1974 50
1975 50
1976 50
1977 50
1978 50
1979 50
1980 54
1981 50
1982 50
1983 42
1984 6
1985 6
1986 46
1987 46
1988 56
1989 56
1990 56
1991 61
1992 56
1993 56
1994 59
1995 64
1996 64
1997 59
1998 41
1999 41
2000 41
2001 41
2002 4
2003 4
2004 4
2005 75
2006 64
2007 64
2008 64
2009 64
2010 64
2011 64
2012 64
2013 64
2014 64
2015 64
2016 64
2017 59
2018 55
2019 90
2020 90
2021 55
2022 94
2023 94
2024 94
2025 94
2026 94
2027 3
2028 3
2029 3
2030 58
2031 61
2032 58
2033 58
2034 78
2035 36
2036 36
2037 36
2038 53
2039 2
2040 2
2041 2
2042 67
2043 67
2044 67
2045 67
2046 67
2047 32
2048 60
2049 60
2050 60
2051 60
2052 60
2053 60
2054 60
2055 60
2056 60
2057 63
2058 63
2059 73
2060 73
2061 36
2062 36
2063 36
2064 36
2065 36
2066 29
2067 29
2068 56
2069 29
2070 56
2071 70
2072 29
2073 82
2074 85
2075 55
2076 55
2077 55
2078 55
2079 55
2080 55
2081 55
2082 62
2083 62
2084 62
2085 64
2086 62
2087 62
2088 27
2089 24
2090 27
2091 27
2092 27
2093 63
2094 63
2095 63
2096 74
2097 74
2098 74
2099 74
2100 74
2101 74
2102 74
2103 42
2104 42
2105 43
2106 93
2107 93
2108 93
2109 10
2110 10
2111 11
2112 10
2113 91
2114 73
2115 91
2116 73
2117 32
2118 32
2119 32
2120 32
2121 46
2122 46
2123 46
2124 29
2125 29
2126 29
2127 29
2128 29
2129 29
2130 29
2131 38
2132 38
2133 38
2134 38
2135 38
2136 38
2137 38
2138 76
2139 76
2140 76
2141 76
2142 56
2143 49
2144 49
2145 49
2146 49
2147 21
2148 76
2149 79
2150 79
2151 79
2152 79
2153 79
2154 80
2155 79
2156 79
2157 79
2158 79
2159 79
2160 24
2161 47
2162 74
2163 73
2164 73
2165 3
2166 3
2167 3
2168 3
2169 3
2170 23
2171 3
2172 40
2173 4
2174 1
2175 3
2176 52
2177 52
2178 52
2179 52
2180 52
2181 52
2182 52
2183 67
2184 67
2185 92
2186 92
2187 92
2188 24
2189 24
2190 24
2191 99
2192 99
2193 99
2194 99
2195 96
2196 99
2197 76
2198 15
2199 15
2200 76
2201 76
2202 31
2203 94
2204 91
2205 97
2206 64
2207 43
2208 43
2209 75
2210 75
2211 81
2212 20
2213 45
2214 26
2215 26
2216 26
2217 26
2218 7
2219 7
2220 7
2221 57
2222 58
2223 58
2224 58
2225 58
2226 26
2227 85
2228 85
2229 85
2230 85
2231 85
2232 85
2233 97
2234 97
2235 85
2236 85
2237 85
2238 86
2239 87
2240 85
2241 85
2242 85
2243 85
2244 30
2245 12
2246 12
2247 12
2248 12
2249 12
2250 38
2251 73
2252 73
2253 73
2254 73
2255 73
2256 73
2257 74
2258 74
2259 74
2260 74
2261 74
2262 74
2263 19
2264 50
2265 50
2266 55
2267 50
2268 52
2269 50
2270 50
2271 61
2272 61
2273 61
2274 61
2275 61
2276 61
2277 61
2278 61
2279 66
2280 66
2281 66
2282 28
2283 67
2284 92
2285 91
2286 92
2287 71
2288 16
2289 93
2290 40
2291 93
2292 93
2293 93
2294 97
2295 45
2296 45
2297 45
2298 45
2299 45
2300 52
2301 31
2302 31
2303 31
2304 31
2305 31
2306 31
2307 31
2308 31
2309 7
2310 30
2311 31
2312 59
2313 64
2314 64
2315 47
2316 47
2317 47
2318 47
2319 30
2320 30
2321 18
2322 98
2323 30
2324 30
2325 30
2326 91
2327 88
2328 96
2329 88
2330 79
2331 55
2332 50
2333 55
2334 55
2335 55
2336 55
2337 54
2338 59
2339 63
2340 63
2341 63
2342 63
2343 30
2344 12
2345 46
2346 46
2347 46
2348 46
2349 46
2350 61
2351 46
2352 46
2353 46
2354 67
2355 78
2356 78
2357 78
2358 78
2359 78
2360 78
2361 91
2362 74
2363 74
2364 91
2365 53
2366 91
2367 91
2368 91
2369 95
2370 28
2371 91
2372 95
2373 95
2374 91
2375 91
2376 91
2377 91
2378 70
2379 70
2380 70
2381 85
2382 85
2383 85
2384 85
2385 85
2386 24
2387 24
2388 49
2389 49
2390 35
2391 35
2392 35
2393 35
2394 35
2395 35
2396 35
2397 35
2398 31
2399 31
2400 31
2401 31
2402 31
2403 26
2404 26
2405 26
2406 26
2407 26
2408 81
2409 23
2410 81
2411 23
2412 23
2413 81
2414 24
2415 3
2416 45
2417 17
2418 29
2419 17
2420 17
2421 17
2422 17
2423 13
2424 17
2425 16
2426 1
2427 2
2428 6
2429 6
2430 6
2431 6
2432 6
2433 6
2434 23
2435 23
2436 23
2437 23
2438 23
2439 23
2440 23
2441 23
2442 23
2443 23
2444 23
2445 17
2446 23
2447 23
2448 23
2449 23
2450 23
2451 17
2452 23
2453 23
2454 23
2455 23
2456 23
2457 1
2458 1
2459 88
2460 88
2461 88
2462 88
2463 88
2464 88
2465 88
2466 88
2467 88
2468 88
2469 97
2470 4
2471 97
2472 4
2473 11
2474 45
2475 80
2476 76
2477 76
2478 76
2479 76
2480 31
2481 31
2482 31
2483 31
2484 31
2485 31
2486 31
2487 31
2488 31
2489 31
2490 31
2491 49
2492 49
2493 33
2494 35
2495 35
2496 35
2497 35
2498 44
2499 44
2500 20
2501 10
2502 24
2503 17
2504 24
2505 24
2506 19
2507 47
2508 47
2509 47
2510 47
2511 47
2512 47
2513 47
2514 68
2515 68
2516 0
2517 8
2518 55
2519 15
2520 71
2521 71
2522 71
2523 8
2524 46
2525 37
2526 37
2527 37
2528 37
2529 37
2530 37
2531 37
2532 90
2533 90
2534 82
2535 82
2536 82
2537 82
2538 97
2539 82
2540 82
2541 82
2542 82
2543 82
2544 82
2545 82
2546 82
2547 82
2548 82
2549 82
2550 82
2551 82
2552 82
2553 24
2554 24
2555 45
2556 45
2557 51
2558 48
2559 51
2560 51
2561 51
2562 51
2563 51
2564 74
2565 74
2566 74
2567 74
2568 74
2569 6
2570 6
2571 6
2572 6
2573 6
2574 6
2575 6
2576 22
2577 6
2578 6
2579 6
2580 85
2581 85
2582 58
2583 31
2584 31
2585 64
2586 64
2587 87
2588 87
2589 87
2590 87
2591 87
2592 91
2593 87
2594 87
2595 87
2596 36
2597 55
2598 55
2599 56
2600 56
2601 56
2602 46
2603 46
2604 84
2605 44
2606 44
2607 44
2608 44
2609 44
2610 44
2611 37
2612 30
2613 30
2614 30
2615 30
2616 30
2617 51
2618 72
2619 72
2620 51
2621 72
2622 72
2623 57
2624 84
2625 84
2626 17
2627 17
2628 17
2629 16
2630 17
2631 24
2632 17
2633 16
2634 17
2635 17
2636 0
2637 23
2638 44
2639 19
2640 70
2641 37
2642 37
2643 37
2644 37
2645 80
2646 80
2647 76
2648 80
2649 80
2650 80
2651 28
2652 79
2653 59
2654 59
2655 34
2656 85
2657 85
2658 85
2659 85
2660 85
2661 85
2662 85
2663 85
2664 85
2665 81
2666 54
2667 85
2668 85
2669 85
2670 85
2671 87
2672 39
2673 56
2674 87
2675 87
2676 87
2677 63
2678 63
2679 49
2680 48
2681 48
2682 48
2683 48
2684 48
2685 8
2686 8
2687 8
2688 8
2689 8
2690 8
2691 8
2692 8
2693 8
2694 6
2695 6
2696 6
2697 6
2698 6
2699 6
2700 6
2701 6
2702 6
2703 6
2704 72
2705 72
2706 72
2707 72
2708 72
2709 72
2710 72
2711 28
2712 28
2713 28
2714 28
2715 28
2716 28
2717 28
2718 44
2719 44
2720 44
2721 99
2722 96
2723 96
2724 96
2725 96
2726 96
2727 96
2728 97
2729 96
2730 97
2731 97
2732 97
2733 96
2734 97
2735 96
2736 96
2737 95
2738 95
2739 95
2740 95
2741 95
2742 95
2743 95
2744 95
2745 79
2746 75
2747 79
2748 64
2749 64
2750 64
2751 64
2752 64
2753 64
2754 64
2755 64
2756 50
2757 80
2758 80
2759 99
2760 99
2761 99
2762 99
2763 99
2764 63
2765 63
2766 96
2767 89
2768 89
2769 0
2770 20
2771 0
2772 44
2773 0
2774 37
2775 0
2776 37
2777 22
2778 22
2779 22
2780 22
2781 0
2782 0
2783 34
2784 60
2785 68
2786 99
2787 97
2788 52
2789 52
2790 52
2791 52
2792 52
2793 35
2794 11
2795 3
2796 3
2797 3
2798 3
2799 3
2800 3
2801 93
2802 93
2803 93
2804 93
2805 93
2806 40
2807 65
2808 7
2809 77
2810 77
2811 77
2812 77
2813 86
2814 86
2815 86
2816 86
2817 86
2818 86
2819 86
2820 95
2821 29
2822 29
2823 24
2824 95
2825 95
2826 95
2827 86
2828 86
2829 10
2830 10
2831 10
2832 10
2833 10
2834 10
2835 10
2836 10
2837 43
2838 48
2839 43
2840 7
2841 7
2842 7
2843 2
2844 2
2845 33
2846 33
2847 2
2848 47
2849 88
2850 88
2851 88
2852 88
2853 36
2854 36
2855 36
2856 36
2857 36
2858 36
2859 36
2860 47
2861 47
2862 47
2863 75
2864 81
2865 81
2866 12
2867 12
2868 53
2869 70
2870 30
2871 70
2872 70
2873 70
2874 70
2875 22
2876 70
2877 70
2878 70
2879 70
2880 70
2881 91
2882 70
2883 70
2884 73
2885 73
2886 65
2887 94
2888 94
2889 25
2890 18
2891 25
2892 25
2893 25
2894 25
2895 25
2896 25
2897 35
2898 35
2899 12
2900 12
2901 0
2902 24
2903 82
2904 82
2905 82
2906 82
2907 67
2908 98
2909 98
2910 98
2911 98
2912 51
2913 51
2914 40
2915 40
2916 13
2917 55
2918 48
2919 83
2920 81
2921 83
2922 81
2923 81
2924 81
2925 81
2926 81
2927 81
2928 12
2929 12
2930 12
2931 12
2932 24
2933 0
2934 24
2935 74
2936 74
2937 74
2938 95
2939 95
2940 95
2941 95
2942 94
2943 94
2944 94
2945 94
2946 94
2947 94
2948 95
2949 95
2950 25
2951 25
2952 59
2953 44
2954 44
2955 64
2956 9
2957 44
2958 44
2959 44
2960 44
2961 44
2962 0
2963 50
2964 54
2965 70
2966 17
2967 17
2968 17
2969 90
2970 90
2971 16
2972 16
2973 16
2974 16
2975 16
2976 16
2977 16
2978 16
2979 16
2980 52
2981 52
2982 52
2983 52
2984 52
2985 52
2986 52
2987 52
2988 53
2989 50
2990 11
2991 11
2992 11
2993 11
2994 54
2995 54
2996 13
2997 13
2998 13
2999 70
3000 70
3001 70
3002 75
3003 70
3004 76
3005 76
3006 13
3007 13
3008 13
3009 13
3010 13
3011 74
3012 76
3013 76
3014 76
3015 76
3016 76
3017 76
3018 76
3019 76
3020 66
3021 66
3022 66
3023 66
3024 66
3025 66
3026 66
3027 66
3028 66
3029 66
3030 21
3031 29
3032 29
3033 29
3034 66
3035 99
3036 75
3037 75
3038 75
3039 75
3040 75
3041 70
3042 75
3043 75
3044 75
3045 75
3046 75
3047 39
3048 39
3049 39
3050 48
3051 48
3052 48
3053 48
3054 42
3055 42
3056 42
3057 42
3058 42
3059 42
3060 42
3061 87
3062 38
3063 54
3064 54
3065 54
3066 75
3067 75
3068 96
3069 96
3070 96
3071 44
3072 6
3073 6
3074 6
3075 6
3076 6
3077 19
3078 19
3079 19
3080 19
3081 19
3082 13
3083 13
3084 58
3085 39
3086 87
3087 87
3088 87
3089 94
3090 94
3091 94
3092 94
3093 94
3094 98
3095 87
3096 87
3097 87
3098 31
3099 94
3100 92
3101 92
3102 86
3103 63
3104 23
3105 72
3106 72
3107 29
3108 29
3109 53
3110 53
3111 70
3112 17
3113 20
3114 20
3115 17
3116 5
3117 5
3118 5
3119 75
3120 75
3121 91
3122 75
3123 75
3124 1
3125 1
3126 1
3127 1
3128 48
3129 25
3130 25
3131 29
3132 29
3133 95
3134 1
3135 1
3136 1
3137 1
3138 1
3139 1
3140 1
3141 5
3142 5
3143 98
3144 98
3145 98
3146 61
3147 98
3148 98
3149 98
3150 98
3151 61
3152 98
3153 38
3154 36
3155 34
3156 67
3157 67
3158 79
3159 87
3160 87
3161 87
3162 87
3163 61
3164 96
3165 23
3166 96
3167 96
3168 96
3169 88
3170 8
3171 8
3172 8
3173 92
3174 92
3175 76
3176 76
3177 86
3178 86
3179 84
3180 10
3181 12
3182 26
3183 79
3184 79
3185 79
3186 79
3187 79
3188 79
3189 79
3190 34
3191 34
3192 34
3193 12
3194 12
3195 27
3196 27
3197 27
3198 27
3199 87
3200 53
3201 53
3202 25
3203 25
3204 44
3205 0
3206 44
3207 0
3208 0
3209 59
3210 53
3211 53
3212 99
3213 99
3214 99
3215 99
3216 53
3217 53
3218 53
3219 53
3220 53
3221 98
3222 98
3223 98
3224 98
3225 98
3226 98
3227 98
3228 98
3229 98
3230 26
3231 26
3232 26
3233 92
3234 92
3235 89
3236 91
3237 75
3238 90
3239 91
3240 91
3241 91
3242 90
3243 90
3244 27
3245 66
3246 66
3247 66
3248 58
3249 66
3250 98
3251 97
3252 97
3253 97
3254 97
3255 97
3256 97
3257 97
3258 97
3259 97
3260 97
3261 97
3262 94
3263 97
3264 97
3265 89
3266 70
3267 13
3268 65
3269 70
3270 17
3271 70
3272 17
3273 96
3274 56
3275 56
3276 56
3277 56
3278 56
3279 56
3280 56
3281 56
3282 90
3283 90
3284 84
3285 90
3286 90
3287 90
3288 90
3289 90
3290 90
3291 44
3292 2
3293 2
3294 2
3295 2
3296 15
3297 15
3298 15
3299 15
3300 15
3301 15
3302 60
3303 60
3304 60
3305 60
3306 60
3307 60
3308 60
3309 60
3310 60
3311 60
3312 60
3313 60
3314 60
3315 60
3316 60
3317 60
3318 30
3319 30
3320 30
3321 49
3322 1
3323 1
3324 96
3325 22
3326 22
3327 22
3328 22
3329 22
3330 22
3331 22
3332 30
3333 22
3334 22
3335 22
3336 22
3337 22
3338 10
3339 10
3340 33
3341 10
3342 35
3343 82
3344 82
3345 82
3346 82
3347 82
3348 82
3349 82
3350 82
3351 82
3352 82
3353 82
3354 82
3355 82
3356 82
3357 43
3358 24
3359 33
3360 33
3361 88
3362 33
3363 88
3364 40
3365 40
3366 40
3367 40
3368 40
3369 40
3370 40
3371 40
3372 40
3373 40
3374 13
3375 13
3376 61
3377 84
3378 84
3379 84
3380 84
3381 84
3382 84
3383 84
3384 37
3385 84
3386 58
3387 58
3388 58
3389 65
3390 65
3391 86
3392 86
3393 86
3394 86
3395 86
3396 86
3397 19
3398 19
3399 19
3400 19
3401 19
3402 19
3403 19
3404 19
3405 19
3406 19
3407 19
3408 19
3409 19
3410 3
3411 43
3412 43
3413 75
3414 79
3415 57
3416 57
3417 57
3418 57
3419 57
3420 66
3421 66
3422 13
3423 13
3424 54
3425 54
3426 54
3427 46
3428 46
3429 46
3430 97
3431 86
3432 86
3433 86
3434 13
3435 13
3436 29
3437 22
3438 93
3439 93
3440 78
3441 21
3442 21
3443 20
3444 20
3445 20
3446 20
3447 68
3448 39
3449 39
3450 39
3451 33
3452 43
3453 43
3454 43
3455 83
3456 83
3457 83
3458 83
3459 83
3460 83
3461 83
3462 83
3463 83
3464 83
3465 83
3466 83
3467 83
3468 83
3469 83
3470 83
3471 83
3472 83
3473 83
3474 83
3475 83
3476 83
3477 83
3478 83
3479 83
3480 83
3481 83
3482 83
3483 83
3484 83
3485 83
3486 11
3487 11
3488 11
3489 48
3490 48
3491 0
3492 0
3493 0
3494 1
3495 88
3496 88
3497 88
3498 88
3499 66
3500 37
3501 81
3502 81
3503 81
3504 4
3505 81
3506 81
3507 81
3508 81
3509 54
3510 54
3511 54
3512 54
3513 54
3514 54
3515 92
3516 54
3517 80
3518 80
3519 80
3520 80
3521 80
3522 80
3523 80
3524 80
3525 80
3526 80
3527 80
3528 80
3529 80
3530 80
3531 80
3532 80
3533 80
3534 80
3535 80
3536 80
3537 80
3538 80
3539 80
3540 45
3541 45
3542 45
3543 0
3544 70
3545 70
3546 70
3547 70
3548 21
3549 21
3550 64
3551 56
3552 56
3553 56
3554 73
3555 73
3556 73
3557 89
3558 89
3559 18
3560 76
3561 76
3562 76
3563 76
3564 19
3565 22
3566 22
3567 22
3568 22
3569 96
3570 96
3571 96
3572 49
3573 56
3574 56
3575 94
3576 94
3577 94
3578 94
3579 94
3580 94
3581 94
3582 94
3583 94
3584 94
3585 97
3586 94
3587 50
3588 24
3589 99
3590 18
3591 18
3592 39
3593 45
3594 13
3595 13
3596 25
3597 6
3598 70
3599 0
3600 0
3601 16
3602 16
3603 59
3604 86
3605 37
3606 37
3607 37
3608 37
3609 37
3610 96
3611 61
3612 61
3613 27
3614 27
3615 27
3616 27
3617 31
3618 31
3619 59
3620 59
3621 31
3622 31
3623 31
3624 62
3625 62
3626 62
3627 62
3628 62
3629 62
3630 68
3631 84
3632 81
3633 84
3634 84
3635 84
3636 84
3637 84
3638 29
3639 29
3640 74
3641 74
3642 74
3643 93
3644 93
3645 93
3646 93
3647 93
3648 93
3649 93
3650 93
3651 93
3652 93
3653 97
3654 97
3655 97
3656 4
3657 91
3658 9
3659 9
3660 9
3661 9
3662 9
3663 9
3664 9
3665 9
3666 9
3667 9
3668 9
3669 9
3670 9
3671 9
3672 9
3673 9
3674 9
3675 9
3676 9
3677 9
3678 9
3679 9
3680 9
3681 9
3682 9
3683 9
3684 9
3685 9
3686 9
3687 9
3688 9
3689 9
3690 9
3691 9
3692 7
3693 7
3694 7
3695 54
3696 90
3697 59
3698 80
3699 80
3700 80
3701 80
3702 2
3703 26
3704 7
3705 7
3706 7
3707 7
3708 30
3709 30
3710 88
3711 88
3712 88
3713 91
3714 91
3715 88
3716 88
3717 88
3718 88
3719 88
3720 75
3721 27
3722 27
3723 27
3724 27
3725 50
3726 88
3727 88
3728 88
3729 67
3730 52
3731 52
3732 94
3733 6
3734 81
3735 81
3736 81
3737 81
3738 80
3739 75
3740 75
3741 75
3742 75
3743 75
3744 40
3745 40
3746 40
3747 40
3748 40
3749 40
3750 40
3751 40
3752 40
3753 40
3754 40
3755 40
3756 29
3757 29
3758 0
3759 0
3760 0
3761 7
3762 71
3763 72
3764 72
3765 16
3766 16
3767 16
3768 17
3769 17
3770 17
3771 17
3772 46
3773 56
3774 56
3775 84
3776 84
3777 84
3778 84
3779 84
3780 81
3781 20
3782 1
3783 1
3784 65
3785 65
3786 65
3787 65
3788 65
3789 71
3790 71
3791 71
3792 42
3793 42
3794 97
3795 97
3796 97
3797 54
3798 54
3799 54
3800 90
3801 90
3802 90
3803 26
3804 83
3805 83
3806 18
3807 52
3808 56
3809 37
3810 37
3811 37
3812 37
3813 37
3814 37
3815 60
3816 89
3817 67
3818 30
3819 17
3820 17
3821 17
3822 17
3823 17
3824 17
3825 17
3826 17
3827 88
3828 88
3829 26
3830 26
3831 9
3832 9
3833 81
3834 59
3835 59
3836 39
3837 31
3838 31
3839 92
3840 7
3841 7
3842 7
3843 7
3844 7
3845 7
3846 29
3847 29
3848 29
3849 89
3850 31
3851 31
3852 95
3853 88
3854 44
3855 41
3856 65
3857 65
3858 65
3859 70
3860 70
3861 70
3862 70
3863 56
3864 56
3865 56
3866 71
3867 84
3868 84
3869 84
3870 84
3871 84
3872 84
3873 70
3874 8
3875 8
3876 8
3877 8
3878 8
3879 8
3880 8
3881 8
3882 8
3883 8
3884 15
3885 84
3886 84
3887 84
3888 84
3889 84
3890 43
3891 95
3892 95
3893 97
3894 13
3895 13
3896 13
3897 13
3898 13
3899 71
3900 99
3901 99
3902 99
3903 99
3904 99
3905 99
3906 99
3907 99
3908 40
3909 40
3910 40
3911 40
3912 7
3913 7
3914 28
3915 28
3916 71
3917 71
3918 71
3919 71
3920 71
3921 71
3922 71
3923 71
3924 71
3925 55
3926 55
3927 55
3928 36
3929 36
3930 36
3931 36
3932 36
3933 55
3934 91
3935 91
3936 91
3937 28
3938 28
3939 28
3940 28
3941 30
3942 30
3943 30
3944 30
3945 77
3946 61
3947 17
3948 17
3949 17
3950 39
3951 13
3952 54
3953 33
3954 26
3955 81
3956 57
3957 57
3958 57
3959 57
3960 57
3961 42
3962 42
3963 65
3964 92
3965 95
3966 3
3967 86
3968 7
3969 7
3970 7
3971 7
3972 15
3973 15
3974 15
3975 15
3976 15
3977 15
3978 15
3979 15
3980 15
3981 15
3982 15
3983 15
3984 15
3985 15
3986 15
3987 11
3988 25
3989 25
3990 25
3991 63
3992 37
3993 37
3994 37
3995 33
3996 15
3997 15
3998 28
3999 30
4000 28
4001 40
4002 40
4003 40
4004 87
4005 90
4006 90
4007 93
4008 93
4009 93
4010 93
4011 93
4012 59
4013 20
4014 26
4015 61
4016 60
4017 6
4018 86
4019 43
4020 43
4021 43
4022 12
4023 0
4024 0
4025 0
4026 60
4027 28
4028 65
4029 65
4030 65
4031 84
4032 84
4033 84
4034 29
4035 64
4036 49
4037 23
4038 23
4039 34
4040 34
4041 34
4042 34
4043 34
4044 27
4045 27
4046 13
4047 13
4048 60
4049 61
4050 61
4051 84
4052 65
4053 56
4054 56
4055 78
4056 78
4057 78
4058 13
4059 64
4060 59
4061 64
4062 91
4063 83
4064 83
4065 49
4066 94
4067 28
4068 94
4069 62
4070 19
4071 19
4072 19
4073 19
4074 19
4075 19
4076 19
4077 19
4078 19
4079 19
4080 19
4081 19
4082 19
4083 19
4084 19
4085 65
4086 65
4087 33
4088 33
4089 85
4090 52
4091 52
4092 67
4093 67
4094 67
4095 11
4096 41
4097 41
4098 41
4099 77
4100 88
4101 88
4102 60
4103 80
4104 80
4105 42
4106 42
4107 42
4108 13
4109 7
4110 0
4111 0
4112 0
4113 73
4114 88
4115 44
4116 62
4117 62
4118 4
4119 3
4120 3
4121 3
4122 3
4123 3
4124 3
4125 3
4126 3
4127 76
4128 76
4129 83
4130 83
4131 83
4132 83
4133 89
4134 89
4135 67
4136 99
4137 93
4138 88
4139 77
4140 77
4141 43
4142 43
4143 43
4144 0
4145 9
4146 9
4147 9
4148 33
4149 33
4150 74
4151 94
4152 41
4153 28
4154 55
4155 22
4156 36
4157 51
