コミュニティ 0:
  NG for Group 1: 13659
  NG for Group 2: 13659

コミュニティ 1:

コミュニティ 2:

コミュニティ 3:
  NG for Group 1: 27, 21495, 10763, 19358, 7091, 17467, 6317, 19442, 3916, 12324, 22109, 8471, 23264, 15524, 4141, 18275, 811, 7007, 22620, 3193, 14647, 13999, 20553, 13992, 23758, 853, 15413, 9389, 7069, 9194, 1966, 23967, 8156, 19675, 23858, 8547, 25469, 8387, 573, 21779, 20879, 14616, 18764, 9414, 19313, 21638, 8614, 18381, 16834, 11108, 19434, 1594, 4750, 9649, 1776, 15562, 25125, 1600, 23241, 8280, 21089, 10358, 1599, 9387, 14379, 24617, 22462, 11447, 3999, 17543, 23770, 23476, 1765, 8206, 3007, 10381, 25597, 24444, 93, 20702, 8446, 5570, 3006, 9151, 3651, 253, 16154, 8888, 10850, 19248, 7727, 9735, 16068, 8150, 24885, 13496, 19184, 16719, 7506, 15175, 3718, 5547
  NG for Group 2: 2459, 21653, 20716, 19686, 8408, 1599, 5411, 25321, 16107, 22645, 8476, 3630, 14385, 11493, 8854, 75, 13992, 13282, 17116, 6737, 26171, 11801, 15799, 15420, 11108, 16262, 12419, 10478, 3033, 14497, 11491, 5164, 16415, 10600, 11141, 839, 25849, 21727, 17306, 24122, 14781, 21156, 20489, 21401, 20053, 21584, 19723, 20122, 8185, 23665, 1403, 4195, 5695, 1662, 17854, 3851, 1157, 12927, 914, 19612, 8614, 5712, 16747, 6442, 9763, 9208, 7802, 25648, 19517, 12313, 3450, 4263, 21968, 14747, 20827, 20854, 10376, 18042, 13352, 18209, 9892, 25877, 11186, 4353, 24002, 1817, 16042, 2003, 1588, 7442, 12287, 14746, 12866, 7357, 20182, 18764, 25387, 3508, 17740, 26098, 25916, 8198

コミュニティ 4:
  NG for Group 1: 18225
  NG for Group 2: 1995

コミュニティ 5:
  NG for Group 1: 10350
  NG for Group 2: 14766

