3466 2
937 2
5233 2
8579 2
10310 2
15931 2
17038 2
18720 2
19607 2
1854 2
9572 2
10841 2
13056 2
14982 2
16310 2
19640 2
23855 2
24372 2
24814 2
5052 2
899 2
1796 2
2287 2
3386 2
4472 2
5346 2
5740 2
6094 2
6376 2
9124 2
10235 2
10427 2
10597 2
15159 2
16148 2
16741 2
18235 2
18549 2
19297 2
20511 2
20595 2
20613 2
24559 2
24731 2
25102 2
25271 2
25396 2
4822 2
6864 2
7689 2
7926 2
10268 2
12971 2
18600 2
20421 2
20886 2
21048 2
22393 2
23186 2
23214 2
23298 2
23945 2
339 2
624 2
3731 2
4743 2
5407 2
6610 2
6700 2
8045 2
9099 2
9639 2
9785 2
12141 2
15184 2
15784 2
18719 2
19870 2
20532 2
22527 2
23576 2
23577 2
23649 2
24199 2
24293 2
25201 2
10243 2
6774 2
8049 2
8053 2
8517 2
11964 2
15538 2
16694 2
18648 2
19423 2
21012 2
22457 2
22691 2
23452 2
16174 2
14265 2
392 2
2485 2
2949 2
3173 2
3441 2
3593 2
3853 2
3927 2
3937 2
5107 2
5218 2
5230 2
6030 2
7350 2
7504 2
7601 2
8718 2
9522 2
12498 2
12691 2
15251 2
16020 2
16261 2
17156 2
18622 2
19059 2
19525 2
19738 2
20432 2
21866 2
23721 2
8916 2
13556 2
14485 2
8612 2
615 2
743 2
2076 2
4515 2
5773 2
9482 2
10822 2
11175 2
11604 2
14004 2
15003 2
15552 2
15814 2
16083 2
17932 2
20001 2
20100 2
23481 2
16258 2
1356 2
1727 2
2752 2
4125 2
6667 2
6825 2
10039 2
10351 2
11082 2
14123 2
16676 2
21194 2
10912 2
17268 2
19783 2
21705 2
22836 2
2710 2
260 2
2959 2
3677 2
5172 2
5541 2
5794 2
8458 2
10601 2
11401 2
13026 2
13205 2
13989 2
15301 2
18757 2
21543 2
22184 2
23647 2
23708 2
26023 2
26051 2
214 2
5435 2
10590 2
23559 2
5302 2
7383 2
17266 2
22415 2
10794 2
7050 2
25850 2
10113 2
10657 2
12130 2
17172 2
4846 2
676 2
824 2
2133 2
2654 2
4748 2
5672 2
10549 2
12928 2
13220 2
14419 2
17330 2
17439 2
18487 2
20850 2
22779 2
23382 2
24029 2
11785 2
45 2
46 2
570 2
773 2
1653 2
2212 2
2741 2
2952 2
3372 2
4046 2
4164 2
4511 2
4513 2
5262 2
6179 2
6830 2
7956 2
8879 2
11241 2
11472 2
12365 2
12496 2
12781 2
12851 2
14540 2
14807 2
15659 2
17655 2
17692 2
18894 2
19961 2
20108 2
20562 2
20635 2
21281 2
21508 2
21847 2
22887 2
23293 2
24955 2
25346 2
25758 2
934 2
5579 2
9755 2
10550 2
16032 2
17331 2
17603 2
20644 2
22497 2
23387 2
23907 2
25080 2
12422 2
1339 2
3164 2
15580 2
16393 2
20478 2
20956 2
3890 2
5621 2
8824 2
11613 2
12306 2
12860 2
14547 2
18182 2
21707 2
24696 2
2661 2
7899 2
8067 2
8208 2
11132 2
11402 2
12980 2
13364 2
14969 2
16389 2
23038 2
24845 2
25379 2
20647 2
3909 2
17979 2
3872 2
5109 2
7533 2
12409 2
20101 2
23096 2
4877 2
7459 2
24932 2
5993 2
12334 2
7893 2
593 2
5510 2
9360 2
12627 2
16778 2
18037 2
18051 2
13385 2
19578 2
12386 2
13333 2
23896 2
7510 2
197 2
8851 2
1343 2
2991 2
8299 2
15416 2
25286 2
1254 2
3420 2
10130 2
2250 2
3243 2
7717 2
11015 2
12085 2
13714 2
14767 2
16056 2
16994 2
17414 2
18971 2
19216 2
20534 2
21776 2
21860 2
25205 2
178 2
1248 2
2420 2
16210 2
18681 2
20641 2
2307 2
6934 2
22423 2
231 2
345 2
1186 2
1234 2
1841 2
1997 2
2404 2
2450 2
2980 2
3409 2
5134 2
5578 2
8503 2
9341 2
12503 2
13060 2
13597 2
16611 2
18543 2
18866 2
22421 2
22937 2
23363 2
23628 2
25053 2
25251 2
2982 2
4036 2
4115 2
12938 2
13032 2
19215 2
21432 2
22726 2
22834 2
22966 2
23511 2
25528 2
25836 2
14376 2
8710 2
22483 2
1375 2
2846 2
5555 2
5564 2
5787 2
9721 2
10158 2
10942 2
13600 2
13929 2
21316 2
22900 2
25143 2
25601 2
25980 2
1172 2
5674 2
26194 2
375 2
1838 2
12733 2
7188 2
896 2
921 2
1508 2
6815 2
7209 2
8279 2
13008 2
18605 2
21158 2
4632 2
7844 2
11053 2
11148 2
13411 2
14512 2
16594 2
16722 2
16726 2
16876 2
19954 2
19992 2
20391 2
20774 2
23403 2
4766 2
10456 2
17778 2
19159 2
21699 2
25382 2
8701 2
523 2
5464 2
7774 2
17379 2
18008 2
23385 2
25868 2
1310 2
2922 2
6891 2
10162 2
11112 2
13174 2
14864 2
17536 2
18592 2
22765 2
4180 2
10055 2
12637 2
4383 2
7014 2
14344 2
21379 2
24163 2
9241 2
4624 2
5355 2
6863 2
12606 2
15770 2
21322 2
22265 2
22336 2
23099 2
23880 2
25111 2
4319 2
12758 2
22023 2
3595 2
18174 2
17850 2
20620 2
12380 2
3197 2
6160 2
8589 2
9417 2
9829 2
14638 2
14924 2
15972 2
18940 2
19090 2
19475 2
22644 2
22790 2
24001 2
25228 2
9710 2
3345 2
3430 2
5266 2
5995 2
7999 2
8047 2
8178 2
8868 2
10824 2
15144 2
19107 2
19806 2
22439 2
23304 2
24431 2
11077 2
14972 2
17158 2
17162 2
17403 2
20149 2
20519 2
21389 2
22951 2
23912 2
23918 2
25589 2
245 2
4983 2
13480 2
14562 2
15912 2
19974 2
22245 2
414 2
1044 2
4975 2
5809 2
16123 2
3310 2
5143 2
17396 2
4700 2
5606 2
1386 2
1738 2
2566 2
2720 2
5634 2
9870 2
16779 2
24475 2
25931 2
9800 2
26141 2
18001 2
22177 2
25480 2
1425 2
2501 2
2823 2
5136 2
7105 2
7317 2
9127 2
14615 2
17089 2
19454 2
22758 2
3207 2
7125 2
20683 2
25419 2
8932 2
9188 2
9773 2
13713 2
19179 2
14818 2
26190 2
3839 2
13615 2
16674 2
7042 2
9269 2
11661 2
21994 2
9943 2
10096 2
15614 2
16368 2
17285 2
21407 2
8715 2
21142 2
21167 2
284 2
6427 2
16835 2
18677 2
21696 2
25854 2
25940 2
9485 2
10435 2
14698 2
21823 2
11223 2
25698 2
7615 2
1620 2
9133 2
9895 2
9907 2
18457 2
19131 2
19997 2
21491 2
22791 2
25158 2
25316 2
4241 2
10476 2
2081 2
2664 2
12212 2
13528 2
14628 2
22574 2
25872 2
2202 2
15206 2
17233 2
18158 2
21317 2
24271 2
11275 2
12101 2
21754 2
4493 2
14627 2
23720 2
930 2
3946 2
4760 2
17189 2
10463 2
10526 2
11788 2
17746 2
18189 2
21438 2
22611 2
26038 2
7895 2
11863 2
12110 2
1000 2
1149 2
1694 2
2115 2
4575 2
5605 2
6288 2
12016 2
12070 2
18250 2
20667 2
23107 2
23344 2
25402 2
25948 2
6963 2
8374 2
17465 2
19865 2
13653 2
22599 2
3265 2
3998 2
8513 2
10501 2
13029 2
13622 2
13682 2
16324 2
16640 2
16749 2
26059 2
26065 2
580 2
6431 2
3804 2
495 2
2742 2
3965 2
5622 2
7855 2
8928 2
8968 2
9458 2
17968 2
18375 2
8335 2
1104 2
5427 2
13322 2
13529 2
18619 2
18751 2
6494 2
2526 2
6364 2
6857 2
7853 2
14976 2
24781 2
321 2
21853 2
884 2
5469 2
5575 2
10183 2
10966 2
16624 2
24699 2
9283 2
953 2
17794 2
23297 2
6804 2
12260 2
19624 2
25491 2
25844 2
6184 2
12308 2
15935 2
18276 2
17392 2
23503 2
2558 2
21910 2
18910 2
2511 2
10986 2
13318 2
14051 2
14414 2
22119 2
1006 2
11372 2
16414 2
639 2
1941 2
5227 2
7015 2
9647 2
12852 2
15846 2
16333 2
16347 2
22366 2
23714 2
12679 2
5769 2
10896 2
20915 2
22848 2
1347 2
4782 2
15582 2
17472 2
19707 2
21930 2
24835 2
24959 2
14316 2
14690 2
22254 2
749 2
1373 2
3607 2
7245 2
8031 2
15907 2
19164 2
302 2
2335 2
6702 2
11490 2
16108 2
17174 2
17924 2
12545 2
13371 2
16475 2
25565 2
15625 2
15917 2
18140 2
18790 2
24110 2
4466 2
8505 2
16357 2
20116 2
20148 2
22899 2
25710 2
4068 2
9517 2
11400 2
11630 2
11700 2
11733 2
11951 2
12268 2
14093 2
15685 2
16006 2
16495 2
17135 2
20169 2
22188 2
22189 2
22621 2
22811 2
22975 2
23110 2
23509 2
23552 2
23805 2
23806 2
25557 2
25562 2
7801 2
14089 2
14967 2
25215 2
11868 2
24023 2
14952 2
16953 2
20191 2
25934 2
10467 2
13175 2
20892 2
21816 2
5246 2
10524 2
12337 2
15419 2
12389 2
15718 2
16506 2
21650 2
22502 2
482 2
15353 2
3449 2
17950 2
18522 2
1833 2
8177 2
12107 2
4819 2
7863 2
8596 2
13635 2
17848 2
25152 2
25408 2
11891 2
20243 2
19233 2
733 2
20597 2
3171 2
19149 2
19340 2
7824 2
8815 2
12065 2
14558 2
15306 2
15400 2
22528 2
22832 2
2848 2
8666 2
10552 2
12884 2
18511 2
25988 2
22371 2
1058 2
2614 2
3730 2
7449 2
10801 2
14661 2
21321 2
22376 2
24295 2
5485 2
23870 2
17754 2
25674 2
9273 2
9325 2
7204 2
18867 2
24943 2
731 2
6828 2
25319 2
3953 2
13196 2
15568 2
17163 2
22954 2
14606 2
1840 2
4713 2
6824 2
12492 2
8378 2
16607 2
5116 2
9629 2
7087 2
9984 2
10153 2
10543 2
10967 2
16336 2
20435 2
20479 2
21433 2
25569 2
25783 2
7039 2
12166 2
14970 2
7277 2
16766 2
16858 2
17389 2
18408 2
19089 2
20033 2
4724 2
6904 2
7452 2
13369 2
14346 2
18065 2
18271 2
19244 2
23989 2
10983 2
9616 2
24149 2
1519 2
8768 2
9937 2
24270 2
25435 2
5181 2
6316 2
17235 2
2870 2
2536 2
9207 2
9732 2
12654 2
16041 2
22555 2
24753 2
25870 2
5830 2
10991 2
19924 2
10923 2
11821 2
16013 2
21469 2
11944 2
16429 2
25784 2
21608 2
23092 2
25571 2
5444 2
11734 2
13931 2
21549 2
25615 2
7522 2
9944 2
17086 2
21341 2
16010 2
22696 2
25585 2
3526 2
15786 2
16906 2
19791 2
11093 2
165 2
293 2
6556 2
17194 2
6524 2
22436 2
9504 2
5359 2
10956 2
20089 2
25358 2
2350 2
2385 2
20783 2
25405 2
15209 2
15669 2
10807 2
21466 2
6832 2
19557 2
4635 2
4759 2
24860 2
6375 2
10519 2
20230 2
4775 2
7095 2
9138 2
9432 2
20229 2
4023 2
11902 2
19146 2
22699 2
23622 2
11617 2
21029 2
12040 2
5488 2
12735 2
19355 2
22018 2
25660 2
379 2
4638 2
23909 2
18237 2
19219 2
8630 2
16521 2
20517 2
26005 2
8774 2
6943 2
22748 2
24057 2
6095 2
7446 2
25236 2
11638 2
7246 2
17240 2
25091 2
80 2
8742 2
23063 2
8552 2
1595 2
1910 2
2293 2
4135 2
4554 2
9316 2
17939 2
21587 2
24160 2
25354 2
1736 2
1914 2
7586 2
14424 2
19462 2
3948 2
4013 2
25516 2
25684 2
546 2
8641 2
19922 2
8074 2
13164 2
14541 2
15127 2
18524 2
3875 2
1968 2
9082 2
9306 2
15942 2
6351 2
5367 2
14983 2
19144 2
11822 2
21016 2
21169 2
2936 2
10354 2
18905 2
21563 2
10186 2
1327 2
6738 2
10825 2
25863 2
4382 2
6641 2
15920 2
18233 2
24582 2
24583 2
6583 2
15960 2
15974 2
17564 2
18782 2
23883 2
14033 2
25383 2
22197 2
9255 2
20065 2
22917 2
23910 2
25572 2
25582 2
193 2
9993 2
10819 2
11231 2
12149 2
20129 2
23114 2
869 2
3618 2
14709 2
19350 2
25959 2
727 2
19469 2
1105 2
14985 2
18625 2
7584 2
12049 2
12763 2
17382 2
408 2
13834 2
17149 2
23267 2
18097 2
2797 2
9314 2
12291 2
12639 2
13292 2
13320 2
12664 2
4052 2
195 2
17208 2
19168 2
20119 2
21929 2
17589 2
23145 2
7573 2
8193 2
16576 2
16889 2
18521 2
244 2
1353 2
3286 2
4765 2
16900 2
18030 2
22246 2
3752 2
4650 2
24174 2
8925 2
16505 2
20255 2
21450 2
2394 2
12406 2
23723 2
9713 2
364 2
21927 2
6626 2
10805 2
25069 2
25628 2
2239 2
17984 2
22147 2
16265 2
22100 2
2770 2
6806 2
11806 2
8678 2
8301 2
267 2
24240 2
6632 2
8386 2
12187 2
13153 2
14345 2
10081 2
3185 2
13291 2
20547 2
20792 2
7885 2
19551 2
22190 2
9758 2
17006 2
15192 2
21798 2
3631 2
23901 2
18152 2
24148 2
11629 2
17099 2
11325 2
11318 2
12720 2
25729 2
12743 2
21712 2
950 2
1265 2
1839 2
3063 2
3502 2
4446 2
5639 2
6009 2
6896 2
9736 2
9980 2
15126 2
16881 2
17828 2
17875 2
18210 2
19316 2
23095 2
23864 2
25910 2
25917 2
14286 2
17131 2
20940 2
6039 2
6176 2
6303 2
15161 2
20949 2
13501 2
16216 2
4756 2
5497 2
8298 2
12709 2
18443 2
18658 2
18667 2
26157 2
450 2
11284 2
11910 2
23477 2
11923 2
4293 2
20616 2
11602 2
5636 2
17988 2
2883 2
4015 2
25189 2
2055 2
2560 2
4146 2
10926 2
12553 2
18668 2
15495 2
9264 2
12614 2
24970 2
10640 2
15247 2
17426 2
3037 2
9712 2
10726 2
16482 2
17990 2
23151 2
12701 2
18879 2
11841 2
20550 2
21195 2
15171 2
15305 2
17864 2
23417 2
4139 2
5698 2
9659 2
10496 2
11713 2
20002 2
25598 2
25607 2
25661 2
4138 2
11328 2
12868 2
17180 2
17738 2
18154 2
15657 2
10878 2
26020 2
9093 2
13680 2
7645 2
15172 2
21864 2
4284 2
9643 2
13837 2
15194 2
15623 2
17250 2
23470 2
25094 2
26067 2
6056 2
17289 2
23051 2
8823 2
6635 2
9216 2
19019 2
22507 2
21289 2
13389 2
6185 2
23224 2
24412 2
20427 2
15626 2
4247 2
4250 2
8726 2
9491 2
11379 2
11405 2
15196 2
15938 2
17126 2
17764 2
10000 2
17337 2
21634 2
10062 2
23727 2
16084 2
18724 2
18739 2
19581 2
20954 2
23991 2
8786 2
14078 2
4269 2
26159 2
3066 2
5434 2
7991 2
8116 2
11609 2
15384 2
16946 2
17612 2
15528 2
163 2
3825 2
20893 2
10910 2
25777 2
12118 2
15329 2
19356 2
5255 2
8864 2
16131 2
16235 2
16280 2
17137 2
23810 2
1728 2
5656 2
6082 2
18488 2
22610 2
6390 2
5731 2
6280 2
17569 2
1008 2
2185 2
8369 2
11824 2
12066 2
16888 2
20808 2
21815 2
1985 2
21657 2
16225 2
21404 2
26058 2
9893 2
20526 2
5202 2
17800 2
21995 2
3188 2
4189 2
16234 2
17251 2
18373 2
20557 2
19871 2
25526 2
23786 2
25534 2
11631 2
18580 2
18623 2
20217 2
25436 2
1667 2
20315 2
9986 2
11719 2
4467 2
6810 2
13636 2
16696 2
17739 2
19605 2
11572 2
21630 2
6073 2
9391 2
2059 2
11746 2
21800 2
22372 2
11563 2
1350 2
1675 2
2512 2
3058 2
11815 2
23420 2
19464 2
23968 2
9597 2
11820 2
17019 2
17121 2
7811 2
22269 2
25272 2
1787 2
1279 2
14550 2
5408 2
19609 2
2340 2
2443 2
6918 2
7650 2
8184 2
8625 2
14369 2
15395 2
17583 2
25977 2
3955 2
4289 2
9135 2
12160 2
19809 2
18193 2
4255 2
4771 2
5251 2
18256 2
18337 2
20236 2
12981 2
11468 2
11470 2
17804 2
939 2
1834 2
5056 2
13664 2
14037 2
16940 2
19613 2
6913 2
12712 2
14324 2
21409 2
17124 2
25719 2
8261 2
11464 2
17997 2
20662 2
22837 2
14067 2
26013 2
18447 2
21165 2
16011 2
22929 2
22993 2
22806 2
14809 2
22953 2
23950 2
18489 2
6190 2
10656 2
11002 2
11403 2
20106 2
24060 2
25610 2
22693 2
23920 2
15191 2
6807 2
2044 2
4490 2
17001 2
18013 2
9147 2
5216 2
17290 2
20155 2
21615 2
2622 2
4960 2
16270 2
16102 2
17956 2
20375 2
22463 2
3878 2
16584 2
2997 2
6888 2
11664 2
21149 2
312 2
16545 2
12786 2
13673 2
6878 2
11528 2
22244 2
13604 2
8523 2
19964 2
2342 2
2516 2
21998 2
941 2
13712 2
16727 2
22321 2
23383 2
25442 2
19980 2
5957 2
7716 2
11233 2
14090 2
18397 2
25541 2
2249 2
6077 2
6611 2
8672 2
19955 2
21832 2
3316 2
9759 2
11865 2
23299 2
8871 2
17090 2
19562 2
24477 2
25304 2
14854 2
24489 2
6835 2
24219 2
2124 2
3293 2
5825 2
628 2
9413 2
13641 2
1962 2
10026 2
15316 2
17249 2
3231 2
4705 2
4773 2
6411 2
8549 2
10500 2
16352 2
17546 2
19808 2
21931 2
22369 2
22466 2
25159 2
22815 2
29 2
16751 2
5061 2
20317 2
8922 2
9488 2
17182 2
22894 2
10041 2
13995 2
10383 2
13319 2
16115 2
21583 2
25229 2
2074 2
19080 2
751 2
2655 2
20008 2
25866 2
9922 2
2504 2
19585 2
7463 2
12318 2
15150 2
19800 2
7025 2
9217 2
2144 2
2774 2
3055 2
3652 2
3655 2
3766 2
3814 2
6388 2
7096 2
9249 2
12051 2
12423 2
12885 2
14808 2
15173 2
15189 2
15999 2
18942 2
19705 2
20250 2
21030 2
21825 2
25108 2
13684 2
18283 2
19301 2
21814 2
11612 2
24944 2
1992 2
4033 2
20782 2
23730 2
7103 2
7384 2
6944 2
12660 2
14372 2
26178 2
8877 2
3280 2
13013 2
18899 2
21293 2
2950 2
9335 2
25235 2
25668 2
6455 2
65 2
358 2
3292 2
10391 2
1857 2
3967 2
12053 2
880 2
252 2
15418 2
8457 2
15478 2
24203 2
3850 2
9128 2
866 2
17825 2
20173 2
13864 2
1293 2
2621 2
2623 2
3283 2
3812 2
3820 2
3824 2
4834 2
5131 2
6222 2
6456 2
6525 2
6868 2
7525 2
8448 2
9433 2
12802 2
13482 2
13526 2
14157 2
14373 2
15148 2
17600 2
17819 2
17823 2
17824 2
18000 2
18444 2
22324 2
22901 2
24474 2
24479 2
24615 2
26039 2
13035 2
16110 2
26130 2
11583 2
2879 2
17297 2
16227 2
25219 2
25089 2
820 2
2515 2
164 2
18122 2
1699 2
2303 2
7878 2
8541 2
8593 2
17575 2
17683 2
17923 2
18771 2
24593 2
25875 2
12749 2
16819 2
24034 2
17861 2
16729 2
2049 2
9915 2
2803 2
2295 2
5826 2
22487 2
25891 2
4875 2
2386 2
18597 2
11502 2
11903 2
12157 2
12158 2
24210 2
1860 2
3073 2
4000 2
3685 2
4656 2
18196 2
23303 2
24841 2
4265 2
5267 2
5271 2
7597 2
11844 2
7854 2
1668 2
4835 2
17341 2
24470 2
13683 2
21203 2
21778 2
26042 2
3451 2
7038 2
7857 2
11968 2
920 2
25904 2
13355 2
15357 2
6076 2
7311 2
8629 2
12615 2
15163 2
16483 2
17731 2
18913 2
13990 2
4555 2
19223 2
22233 2
12612 2
14843 2
19208 2
20569 2
11898 2
1028 2
9924 2
12262 2
23775 2
11012 2
5483 2
18884 2
22727 2
2487 2
3052 2
6711 2
16232 2
22725 2
14991 2
7011 2
8702 2
18159 2
2352 2
7094 2
22556 2
19450 2
11611 2
20779 2
16155 2
5629 2
10499 2
16718 2
25599 2
832 2
3387 2
4703 2
7447 2
9764 2
10117 2
14340 2
14370 2
15006 2
16231 2
16590 2
16730 2
19957 2
21848 2
22320 2
5365 2
7769 2
15977 2
17118 2
22394 2
19256 2
510 2
22285 2
12644 2
20528 2
1561 2
4484 2
22379 2
21558 2
19683 2
22744 2
13036 2
25114 2
21544 2
71 2
12745 2
403 2
1782 2
13521 2
18784 2
3910 2
13749 2
12121 2
13034 2
3053 2
8449 2
13490 2
19528 2
22577 2
25440 2
20174 2
8969 2
19110 2
3719 2
5067 2
6907 2
8072 2
8375 2
9025 2
13649 2
19545 2
25060 2
25289 2
15683 2
19923 2
20664 2
21824 2
25359 2
18091 2
24456 2
938 2
5087 2
9514 2
1959 2
9723 2
18558 2
6513 2
25138 2
17275 2
1793 2
5481 2
18613 2
10497 2
357 2
23300 2
24960 2
20515 2
23915 2
12266 2
15678 2
17134 2
21436 2
23146 2
23488 2
25575 2
24140 2
24708 2
19443 2
23492 2
10116 2
6078 2
18455 2
5829 2
4583 3
3096 3
24371 3
1658 3
24939 3
3939 3
11621 3
17626 3
20122 3
22074 3
14534 3
62 3
106 3
4708 3
5807 3
6575 3
14007 3
14009 3
14599 3
20934 3
25916 3
26100 3
1765 3
3032 3
7442 3
7768 3
13276 3
12678 3
16159 3
22798 3
24924 3
18109 3
18365 3
13740 3
4550 3
4702 3
7264 3
13096 3
14128 3
19489 3
19527 3
19784 3
22476 3
25006 3
25486 3
26 3
1407 3
1488 3
8219 3
10762 3
11801 3
12665 3
12688 3
13142 3
15108 3
15321 3
20827 3
20879 3
23614 3
8862 3
78 3
8254 3
12155 3
22598 3
888 3
1520 3
6468 3
6627 3
7007 3
7712 3
10711 3
13614 3
14102 3
18517 3
18676 3
23351 3
23689 3
24114 3
2465 3
2592 3
3977 3
5055 3
9265 3
19890 3
20341 3
21560 3
17309 3
24833 3
543 3
1958 3
2193 3
3917 3
6858 3
8148 3
9092 3
12478 3
15366 3
18125 3
18398 3
19675 3
21806 3
23693 3
26196 3
8978 3
9017 3
15170 3
15455 3
16589 3
2255 3
3056 3
6158 3
7307 3
7324 3
8365 3
9023 3
11444 3
12324 3
12472 3
13831 3
14746 3
16128 3
17075 3
18875 3
19900 3
20000 3
20806 3
21944 3
21968 3
23302 3
23665 3
23758 3
24722 3
12045 3
12287 3
14181 3
20257 3
21613 3
18088 3
7985 3
1403 3
2368 3
24762 3
9889 3
18208 3
21075 3
23637 3
23770 3
17394 3
18924 3
3113 3
8312 3
10765 3
17538 3
25978 3
4870 3
5175 3
8282 3
22046 3
3561 3
4868 3
8352 3
15365 3
16931 3
2556 3
26170 3
3651 3
10620 3
23153 3
24340 3
11102 3
1896 3
6838 3
25220 3
1832 3
9397 3
14385 3
4416 3
2620 3
3679 3
4364 3
5712 3
13955 3
14003 3
15235 3
18227 3
19445 3
19495 3
20168 3
23967 3
1116 3
15399 3
18222 3
21287 3
23227 3
12968 3
14337 3
5849 3
10763 3
11121 3
11194 3
15799 3
16511 3
16575 3
16945 3
21157 3
2326 3
10253 3
13190 3
14325 3
19048 3
20182 3
17228 3
20207 3
10211 3
15300 3
6895 3
3076 3
8972 3
17308 3
21629 3
16976 3
12587 3
20303 3
4451 3
9983 3
15205 3
15666 3
15667 3
19093 3
21031 3
24330 3
5840 3
6732 3
8614 3
13847 3
15081 3
22609 3
9735 3
26138 3
1817 3
3725 3
5366 3
15911 3
23841 3
2591 3
811 3
9964 3
11919 3
15123 3
17021 3
19517 3
22989 3
23485 3
8069 3
2127 3
11712 3
10871 3
15829 3
16106 3
17207 3
17670 3
18286 3
18612 3
19234 3
19724 3
22876 3
3412 3
894 3
4814 3
5441 3
5717 3
5934 3
9075 3
10623 3
11491 3
12659 3
14351 3
19807 3
21324 3
21665 3
22734 3
22778 3
23246 3
12806 3
3922 3
11791 3
22426 3
352 3
3996 3
10555 3
15850 3
19101 3
20533 3
21943 3
22603 3
23513 3
25034 3
1280 3
5851 3
11591 3
13520 3
16921 3
21646 3
17559 3
1674 3
3323 3
8680 3
9184 3
13813 3
19204 3
19206 3
19657 3
20373 3
23204 3
409 3
2474 3
6746 3
16568 3
21771 3
24620 3
1545 3
8547 3
10791 3
10919 3
15600 3
15608 3
16644 3
24568 3
25996 3
26098 3
1059 3
6154 3
7725 3
11125 3
13705 3
15435 3
16039 3
17821 3
18540 3
20536 3
23529 3
10588 3
3916 3
4525 3
4952 3
5352 3
5729 3
10490 3
13801 3
15311 3
23134 3
24614 3
4195 3
7069 3
9098 3
17721 3
21723 3
24587 3
13469 3
16101 3
20716 3
23939 3
3006 3
3630 3
5901 3
5953 3
7911 3
8730 3
10406 3
12874 3
13177 3
16817 3
19723 3
24885 3
1877 3
2042 3
15880 3
16967 3
19710 3
20014 3
23163 3
23225 3
3683 3
3845 3
6748 3
14664 3
16065 3
16963 3
20650 3
4032 3
5194 3
23137 3
11495 3
12842 3
14308 3
5166 3
5597 3
9066 3
20787 3
23836 3
25050 3
5287 3
17273 3
114 3
2348 3
6631 3
8854 3
4290 3
8200 3
11113 3
12302 3
21017 3
23066 3
3765 3
14500 3
17918 3
3418 3
4798 3
12866 3
20196 3
21663 3
14020 3
22203 3
1600 3
15905 3
21635 3
16543 3
238 3
4793 3
6218 3
15516 3
16553 3
16563 3
16565 3
22964 3
8442 3
10412 3
491 3
1124 3
1818 3
4552 3
5739 3
6823 3
7882 3
13328 3
17039 3
17082 3
22028 3
23454 3
3681 3
7126 3
3547 3
449 3
882 3
1405 3
1498 3
3033 3
3048 3
3511 3
7091 3
14707 3
17245 3
18340 3
22826 3
19161 3
21831 3
20346 3
24453 3
18904 3
2190 3
6172 3
8592 3
14933 3
4249 3
21718 3
22290 3
23441 3
24113 3
6421 3
8224 3
11182 3
11696 3
12286 3
23423 3
500 3
2085 3
2568 3
3099 3
4468 3
4631 3
9892 3
10358 3
10458 3
10615 3
11011 3
12074 3
13971 3
14079 3
16754 3
18783 3
19612 3
20552 3
20553 3
21032 3
23355 3
24454 3
25086 3
25180 3
25785 3
10539 3
1497 3
6724 3
16890 3
2630 3
7563 3
14403 3
4351 3
4576 3
6941 3
7206 3
7485 3
9389 3
9426 3
10246 3
11026 3
17953 3
18946 3
18983 3
19013 3
23458 3
23986 3
4697 3
3007 3
22082 3
25537 3
5695 3
574 3
6971 3
13282 3
15409 3
18745 3
18758 3
21497 3
1153 3
17501 3
4183 3
6010 3
9862 3
12370 3
16834 3
16853 3
16899 3
21199 3
22299 3
22309 3
22620 3
20248 3
573 3
1430 3
2072 3
4966 3
19493 3
22278 3
24009 3
283 3
1880 3
5505 3
15959 3
15961 3
24444 3
3999 3
8211 3
12373 3
20059 3
2155 3
4283 3
6408 3
7715 3
8920 3
23256 3
2607 3
3450 3
4588 3
5130 3
5353 3
5835 3
9450 3
12165 3
12722 3
20003 3
20184 3
8376 3
8888 3
13067 3
4213 3
7045 3
11892 3
20645 3
23264 3
10600 3
13493 3
13496 3
18788 3
18791 3
23394 3
140 3
17304 3
18587 3
19404 3
22462 3
24122 3
1078 3
5164 3
9387 3
11640 3
17116 3
19741 3
22149 3
16331 3
19184 3
17843 3
1685 3
8134 3
12687 3
23409 3
1321 3
4433 3
5125 3
7625 3
10895 3
11899 3
13711 3
16162 3
19167 3
19387 3
21089 3
21727 3
23863 3
5060 3
20660 3
1608 3
20030 3
11447 3
834 3
2490 3
5570 3
2559 3
5543 3
5767 3
10931 3
24097 3
25209 3
14371 3
17443 3
141 3
8408 3
17286 3
25827 3
24 3
3858 3
15066 3
23161 3
25378 3
205 3
3411 3
4428 3
5392 3
6317 3
7541 3
15664 3
16469 3
17665 3
20424 3
24734 3
8206 3
12865 3
13384 3
17688 3
3826 3
12369 3
13498 3
19111 3
22239 3
19084 3
23943 3
75 3
8807 3
22530 3
12135 3
2475 3
3209 3
15973 3
21928 3
24765 3
6219 3
18160 3
10969 3
13321 3
16958 3
19109 3
23346 3
4896 3
6638 3
2783 3
9408 3
12927 3
13310 3
6264 3
12247 3
19433 3
17359 3
23558 3
22144 3
10478 3
16675 3
13859 3
4141 3
9267 3
11052 3
16091 3
17755 3
20053 3
22395 3
26168 3
16770 3
17113 3
23429 3
24578 3
12491 3
4642 3
16708 3
8231 3
17306 3
8476 3
13388 3
12739 3
4847 3
10842 3
11293 3
25125 3
1672 3
8079 3
11461 3
16755 3
1711 3
3174 3
6726 3
6813 3
13703 3
20046 3
20854 3
5411 3
5503 3
10390 3
11186 3
135 3
1776 3
4102 3
12311 3
12675 3
15816 3
19945 3
26176 3
1550 3
20952 3
24280 3
365 3
9511 3
14552 3
15585 3
17187 3
18579 3
18736 3
1229 3
1862 3
3194 3
3532 3
5400 3
7154 3
9946 3
10381 3
11107 3
17934 3
22721 3
24129 3
215 3
185 3
351 3
1074 3
1858 3
4512 3
6892 3
8280 3
14542 3
17751 3
18095 3
18143 3
18649 3
18943 3
19573 3
22601 3
22793 3
3877 3
4354 3
5412 3
6544 3
7357 3
7719 3
10477 3
11445 3
12788 3
18185 3
19246 3
19463 3
20780 3
21861 3
22284 3
22741 3
23514 3
18161 3
3228 3
2915 3
1090 3
3990 3
15166 3
2926 3
22275 3
6023 3
13624 3
19682 3
17859 3
13647 3
25057 3
1217 3
269 3
1150 3
1611 3
2165 3
3944 3
6033 3
8128 3
9974 3
14430 3
19877 3
20495 3
21638 3
21708 3
22242 3
23233 3
24126 3
25648 3
3501 3
16278 3
24705 3
3312 3
11493 3
11032 3
10719 3
2200 3
17729 3
20052 3
21830 3
6064 3
9439 3
10907 3
5209 3
25902 3
1014 3
12112 3
17440 3
19150 3
21027 3
8087 3
15523 3
17339 3
19711 3
20307 3
7829 3
5360 3
19544 3
715 3
16554 3
2852 3
12599 3
25056 3
25721 3
13970 3
19903 3
25469 3
2851 3
11416 3
23751 3
16498 3
8305 3
22771 3
3654 3
11557 3
14154 3
15477 3
15882 3
281 3
5241 3
9471 3
20765 3
887 3
3721 3
9634 3
14781 3
18972 3
25321 3
16230 3
20702 3
25225 3
70 3
4727 3
15559 3
123 3
23240 3
3980 3
16962 3
3821 3
17991 3
2080 3
4069 3
5385 3
1588 3
2805 3
8063 3
9419 3
5827 3
6527 3
10881 3
24183 3
2184 3
3193 3
4371 3
15998 3
23866 3
26004 3
15198 3
18067 3
18297 3
19781 3
2789 3
4878 3
5184 3
8643 3
11967 3
21779 3
24503 3
24942 3
11442 3
13651 3
81 3
1029 3
3819 3
122 3
6530 3
6707 3
6911 3
15479 3
3524 3
19927 3
7281 3
25597 3
8471 3
16649 3
18331 3
17911 3
26127 3
20215 3
21333 3
5843 3
11213 3
25877 3
5361 3
272 3
2912 3
11811 3
11840 3
19012 3
20305 3
4483 3
6175 3
6266 3
8215 3
8310 3
21401 3
4673 3
7475 3
11426 3
23673 3
26088 3
1109 3
9126 3
10655 3
11610 3
12742 3
18445 3
6533 3
8155 3
14165 3
24204 3
25911 3
24506 3
24595 3
9483 3
25250 3
1258 3
12032 3
12797 3
21584 3
6434 3
21162 3
18595 3
8787 3
11979 3
16274 3
22722 3
183 3
3982 3
9090 3
17543 3
18723 3
21090 3
24589 3
21391 3
15971 3
16765 3
17017 3
17161 3
3743 3
839 3
5848 3
7098 3
12642 3
21184 3
23149 3
4442 3
7935 3
25896 3
16485 3
3034 3
6156 3
18381 3
19686 3
20335 3
22523 3
2451 3
2341 3
3508 3
12641 3
13068 3
1963 3
4302 3
8475 3
19022 3
26181 3
396 3
13616 3
15214 3
23266 3
10652 3
22979 3
24592 3
2877 3
3876 3
7481 3
9338 3
12611 3
12861 3
15175 3
22493 3
4301 3
21614 3
7578 3
14834 3
15821 3
11607 3
19351 3
2563 3
8437 3
12071 3
1859 3
4298 3
17274 3
18941 3
20902 3
13702 3
14667 3
17874 3
19978 3
199 3
16935 3
6482 3
13470 3
19140 3
22879 3
18215 3
19051 3
21125 3
1098 3
16107 3
26171 3
8150 3
4781 3
6081 3
6919 3
19358 3
23616 3
5477 3
13497 3
14496 3
19457 3
5529 3
5655 3
2771 3
5417 3
13352 3
13619 3
18585 3
20513 3
4117 3
16471 3
17944 3
20884 3
200 3
492 3
4422 3
6708 3
7013 3
8151 3
9020 3
9021 3
9208 3
9722 3
16719 3
16882 3
17016 3
17022 3
19586 3
19678 3
24861 3
4211 3
7104 3
11670 3
11876 3
17808 3
24121 3
25962 3
21131 3
23859 3
21546 3
16213 3
20383 3
24870 3
6703 3
12803 3
13999 3
15596 3
17592 3
18920 3
11034 3
18764 3
22433 3
13346 3
6183 3
369 3
7727 3
16433 3
16570 3
5601 3
1822 3
6503 3
3773 3
12887 3
21695 3
1594 3
4774 3
5673 3
15382 3
16717 3
19603 3
5078 3
25172 3
9194 3
5519 3
5730 3
11047 3
15252 3
26167 3
25112 3
5363 3
253 3
4634 3
17122 3
21051 3
1125 3
8055 3
8526 3
9486 3
11537 3
12453 3
18880 3
18909 3
19962 3
23476 3
19078 3
8520 3
16177 3
21100 3
21156 3
9125 3
15943 3
1093 3
3059 3
9649 3
10251 3
25903 3
4143 3
6808 3
7802 3
17127 3
20554 3
21777 3
22108 3
23555 3
25718 3
232 3
1075 3
8737 3
13481 3
13862 3
16742 3
24402 3
128 3
4353 3
6558 3
6920 3
14865 3
15941 3
16877 3
851 3
2713 3
13199 3
16837 3
18032 3
19568 3
20004 3
1341 3
1408 3
4273 3
5259 3
7355 3
9143 3
14357 3
16332 3
19940 3
853 3
8441 3
16070 3
16087 3
17231 3
19434 3
23944 3
24499 3
23681 3
2169 3
5938 3
6629 3
22088 3
22224 3
4641 3
17937 3
21660 3
12056 3
2761 3
14647 3
2143 3
17599 3
19442 3
12419 3
3507 3
11626 3
19313 3
21755 3
1499 3
20261 3
24002 3
23653 3
5225 3
3849 3
7010 3
7506 3
9312 3
20781 3
8728 3
11227 3
5862 3
7959 3
18973 3
19207 3
19580 3
3988 3
16348 3
9763 3
3136 3
9248 3
11108 3
13966 3
11861 3
21588 3
17797 3
4258 3
5608 3
5771 3
6675 3
7386 3
16264 3
17401 3
18741 3
19895 3
23741 3
25107 3
25439 3
21658 3
23490 3
5838 3
6465 3
15891 3
17385 3
1599 3
5812 3
17248 3
20618 3
20853 3
9392 3
24252 3
13422 3
16349 3
11939 3
17191 3
1023 3
20924 3
15258 3
7071 3
8195 3
15951 3
400 3
4379 3
6541 3
6905 3
8216 3
14498 3
17502 3
17740 3
11066 3
18684 3
19501 3
20942 3
2182 3
3553 3
15571 3
10918 3
20253 3
10532 3
7524 3
8721 3
15005 3
15372 3
16022 3
18685 3
22083 3
22105 3
11522 3
8857 3
12235 3
22129 3
25387 3
2826 3
23216 3
1073 3
18399 3
4027 3
7450 3
836 3
16747 3
9095 3
12043 3
18742 3
22890 3
26044 3
8876 3
10990 3
124 3
14319 3
15663 3
16937 3
18052 3
20258 3
9151 3
25856 3
2047 3
3632 3
15383 3
24385 3
3716 3
8391 3
14497 3
24101 3
2388 3
16955 3
19642 3
7592 3
8179 3
7579 3
21653 3
5542 3
4080 3
14747 3
17463 3
19324 3
20567 3
21550 3
24220 3
25179 3
25553 3
25554 3
17294 3
2309 3
6532 3
8553 3
16335 3
3594 3
10024 3
23713 3
10376 3
15325 3
20344 3
2001 3
3633 3
23064 3
2316 3
11929 3
2532 3
20086 3
21772 3
15715 3
6506 3
9037 3
13483 3
14711 3
23623 3
23686 3
864 3
1311 3
3983 3
18379 3
18217 3
26173 3
21297 3
4988 3
17125 3
9913 3
22382 3
17884 3
20538 3
24032 3
2009 3
7309 3
8156 3
8403 3
8732 3
10022 3
14932 3
16659 3
22377 3
95 3
15524 3
3291 3
12696 3
14869 3
4458 3
5547 3
5659 3
7883 3
8387 3
12313 3
15160 3
19325 3
21205 3
22831 3
9441 3
10388 3
8222 3
21495 3
2075 3
3873 3
4182 3
10439 3
14619 3
24398 3
1045 3
6265 3
5402 3
15947 3
2203 3
7594 3
21130 3
4712 3
11017 3
5240 3
9074 3
12425 3
18275 3
20636 3
4640 3
19248 3
11109 3
21562 3
9266 3
2750 3
20668 3
3068 3
5631 3
16067 3
19569 3
2917 3
6031 3
2010 3
8064 3
20599 3
179 3
547 3
1829 3
1982 3
3178 3
4989 3
18870 3
20062 3
22464 3
11812 3
24248 3
8122 3
9769 3
15253 3
16647 3
22489 3
23412 3
25443 3
8511 3
22503 3
4704 3
8801 3
12695 3
15125 3
15420 3
25204 3
385 3
1323 3
1606 3
7072 3
9890 3
12849 3
14377 3
17981 3
18234 3
21220 3
22225 3
23506 3
23620 3
24332 3
12106 3
1267 3
1511 3
15793 3
18102 3
20772 3
23248 3
26193 3
22830 3
299 3
14174 3
18746 3
22051 3
22075 3
24713 3
14616 3
17817 3
2356 3
6337 3
17419 3
18105 3
2773 3
5661 3
6529 3
6543 3
16486 3
855 3
4261 3
7772 3
3772 3
4104 3
4431 3
4967 3
11152 3
15616 3
16262 3
18995 3
22087 3
22109 3
22839 3
23683 3
3321 3
1151 3
2410 3
3843 3
6301 3
10247 3
15414 3
18743 3
22032 3
22903 3
23674 3
24294 3
24706 3
25998 3
1613 3
13992 3
15217 3
15665 3
16154 3
21159 3
915 3
10438 3
18624 3
20558 3
18066 3
12787 3
21621 3
24877 3
93 3
17343 3
20328 3
9103 3
10684 3
11878 3
18557 3
21101 3
19909 3
23474 3
7093 3
8000 3
17395 3
18582 3
22375 3
23419 3
750 3
19641 3
1278 3
778 3
1048 3
16743 3
22235 3
4376 3
18246 3
3718 3
7511 3
6642 3
17277 3
18209 3
7247 3
9459 3
11829 3
16872 3
19996 3
380 3
20078 3
12411 3
10996 3
2087 3
2993 3
4377 3
6271 3
7023 3
13404 3
1563 3
2457 3
3534 3
4639 3
5065 3
6387 3
14379 3
15145 3
15562 3
15708 3
15714 3
15805 3
17345 3
17580 3
17584 3
18396 3
18952 3
19677 3
20231 3
23241 3
24616 3
24617 3
24819 3
1157 3
16334 3
9987 3
21554 3
7695 3
3827 3
8595 3
14691 3
25540 3
6666 3
17986 3
21190 3
2596 3
23462 3
23464 3
25644 3
3452 3
6442 3
9968 3
14383 3
14652 3
17681 3
20587 3
21592 3
1404 3
2562 3
11199 3
18552 3
4625 3
12296 3
20959 3
3119 3
19004 3
2503 3
5465 3
18141 3
20663 3
7024 3
17393 3
17827 3
19060 3
10004 3
25234 3
18314 3
3684 3
5395 3
5445 3
11141 3
18370 3
19447 3
20434 3
4263 3
6859 3
17999 3
18282 3
13191 3
19801 3
8504 3
21152 3
19379 3
19247 3
18586 3
27 3
11114 3
19081 3
24726 3
18344 3
4148 3
9863 3
3516 3
7053 3
12618 3
13144 3
15413 3
18634 3
113 3
4103 3
12312 3
17994 3
20947 3
26021 3
3204 3
25937 3
6305 3
7726 3
14870 3
14872 3
20316 3
1493 3
2452 3
3811 3
9027 3
14153 3
1436 3
20064 3
20331 3
21154 3
25449 3
24341 3
23135 3
17818 3
19697 3
23219 3
23809 3
4425 3
7278 3
14559 3
2459 3
6380 3
1025 3
1026 3
1696 3
15197 3
18195 3
13832 3
17114 3
20489 3
7088 3
7546 3
23418 3
15898 3
11924 3
25437 3
22888 3
12547 3
25181 3
3431 3
2142 3
13283 3
23858 3
24601 3
20260 3
4275 3
4081 3
13625 3
17878 3
24471 3
12645 3
16803 3
5415 3
4380 3
16756 3
1825 3
6226 3
14317 3
20775 3
4469 3
2306 3
10514 3
3964 3
4018 3
9414 3
12640 3
16608 3
16800 3
22 3
11183 3
19440 3
22618 3
25043 3
1101 3
9030 3
17854 3
1823 3
2003 3
22031 3
885 3
2505 3
17192 3
1966 3
8048 3
15717 3
4488 3
15913 3
16941 3
8446 3
7638 3
7648 3
15007 3
10445 3
21594 3
22738 3
15186 3
2810 3
18145 3
21799 3
192 3
19810 3
14841 3
25829 3
25849 3
5182 3
13311 3
1879 3
21548 3
21177 3
1174 3
2712 3
14176 3
16415 3
7046 3
14710 3
15682 3
17157 3
23093 3
21547 3
10346 3
15687 3
19143 3
19383 3
6291 3
19739 3
20568 3
8452 3
19703 3
4825 3
8037 3
9593 3
14621 3
19608 3
15250 3
15589 3
4836 3
8198 3
13010 3
320 3
1897 3
5602 3
6024 3
17464 3
17590 3
18042 3
21315 3
22770 3
8973 3
14600 3
23138 3
4372 3
10880 3
16598 3
3851 3
15200 3
15617 3
1855 3
2527 3
5057 3
19102 3
748 3
3383 3
1322 3
10925 3
15195 3
16068 3
17467 3
24490 3
1915 3
12263 3
315 3
10850 3
22746 3
2806 3
9209 3
914 3
2243 3
3442 3
5162 3
18633 3
7090 3
19023 3
10468 3
8398 3
9327 3
8976 3
7595 3
8118 3
15802 3
11926 3
8340 3
1427 3
11037 3
18366 3
25217 3
4750 3
19147 3
11792 3
16831 3
8367 3
25649 3
25839 3
1024 3
12552 3
16513 3
18278 3
8161 3
12054 3
21468 3
10352 3
4959 3
6867 3
16042 3
5533 3
21811 3
23306 3
6737 3
9988 3
14620 3
16801 3
13387 3
22048 3
25176 3
3754 3
8185 3
16496 3
18772 3
14639 3
2073 3
1662 3
2613 3
9631 3
10898 3
9018 3
14374 3
18299 3
19687 3
677 3
4426 3
4242 3
17581 3
10446 3
9979 3
18094 3
8870 3
9867 3
4037 3
25663 3
5062 3
19881 3
22645 3
22728 3
20066 3
15774 3
