0 1 33
0 2 64
0 3 18
0 4 42
0 5 38
0 6 59
0 7 58
0 8 46
0 9 82
0 10 86
0 11 53
0 12 87
0 13 45
0 14 49
0 15 28
0 16 70
0 17 63
0 18 17
0 19 51
0 20 25
0 21 79
0 22 75
0 23 57
0 24 71
0 25 37
0 26 66
0 27 60
0 28 89
0 29 6
0 30 34
0 31 41
0 32 19
0 33 39
0 34 32
0 35 54
0 36 77
0 37 22
0 38 1
0 39 10
0 40 84
0 41 72
0 42 24
0 43 13
0 44 56
0 45 30
0 46 83
0 47 14
0 48 2
0 49 26
0 50 8
0 51 43
0 52 50
0 53 15
0 54 85
0 55 11
0 56 35
0 57 73
0 58 12
0 59 68
0 60 20
0 61 52
0 62 4
0 63 23
0 64 40
0 65 31
0 66 7
0 67 29
0 68 80
0 69 16
0 70 65
0 71 9
0 72 76
0 73 36
0 74 48
0 75 47
0 76 27
0 77 62
0 78 44
0 79 74
0 80 55
0 81 88
0 82 67
0 83 61
0 84 81
0 85 21
0 86 78
0 87 3
0 88 69
0 89 5
1 1 21
1 2 74
1 3 45
1 4 37
1 5 9
1 6 3
1 7 68
1 8 85
1 9 89
1 10 38
1 11 78
1 12 29
1 13 7
1 14 46
1 15 0
1 16 55
1 17 24
1 18 39
1 19 40
1 20 19
1 21 56
1 22 84
1 23 81
1 24 41
1 25 88
1 26 27
1 27 34
1 28 61
1 29 8
1 30 77
1 31 69
1 32 26
1 33 86
1 34 14
1 35 53
1 36 70
1 37 17
1 38 82
1 39 22
1 40 71
1 41 63
1 42 72
1 43 2
1 44 51
1 45 32
1 46 87
1 47 5
1 48 18
1 49 67
1 50 50
1 51 12
1 52 57
1 53 62
1 54 65
1 55 23
1 56 59
1 57 6
1 58 58
1 59 31
1 60 60
1 61 73
1 62 16
1 63 76
1 64 43
1 65 44
1 66 52
1 67 10
1 68 13
1 69 35
1 70 15
1 71 36
1 72 42
1 73 28
1 74 75
1 75 47
1 76 4
1 77 66
1 78 79
1 79 11
1 80 54
1 81 49
1 82 80
1 83 25
1 84 33
1 85 20
1 86 30
1 87 83
1 88 48
1 89 64
2 1 38
2 2 49
2 3 57
2 4 44
2 5 87
2 6 88
2 7 7
2 8 33
2 9 77
2 10 39
2 11 75
2 12 81
2 13 21
2 14 58
2 15 89
2 16 10
2 17 4
2 18 73
2 19 9
2 20 0
2 21 40
2 22 67
2 23 63
2 24 43
2 25 22
2 26 68
2 27 15
2 28 59
2 29 69
2 30 13
2 31 32
2 32 56
2 33 72
2 34 50
2 35 74
2 36 37
2 37 8
2 38 55
2 39 53
2 40 65
2 41 42
2 42 80
2 43 12
2 44 29
2 45 26
2 46 85
2 47 30
2 48 25
2 49 70
2 50 31
2 51 76
2 52 48
2 53 83
2 54 3
2 55 19
2 56 52
2 57 36
2 58 47
2 59 34
2 60 79
2 61 17
2 62 18
2 63 51
2 64 35
2 65 14
2 66 84
2 67 46
2 68 61
2 69 24
2 70 78
2 71 66
2 72 5
2 73 1
2 74 86
2 75 60
2 76 28
2 77 62
2 78 23
2 79 64
2 80 27
2 81 82
2 82 6
2 83 71
2 84 20
2 85 41
2 86 45
2 87 11
2 88 16
2 89 54
3 1 59
3 2 86
3 3 80
3 4 7
3 5 50
3 6 1
3 7 29
3 8 25
3 9 58
3 10 75
3 11 39
3 12 0
3 13 78
3 14 66
3 15 27
3 16 31
3 17 40
3 18 71
3 19 10
3 20 28
3 21 74
3 22 89
3 23 45
3 24 69
3 25 73
3 26 20
3 27 22
3 28 60
3 29 19
3 30 84
3 31 83
3 32 52
3 33 72
3 34 85
3 35 35
3 36 46
3 37 30
3 38 65
3 39 6
3 40 68
3 41 4
3 42 51
3 43 87
3 44 47
3 45 34
3 46 44
3 47 38
3 48 12
3 49 2
3 50 61
3 51 57
3 52 18
3 53 32
3 54 9
3 55 13
3 56 43
3 57 11
3 58 81
3 59 33
3 60 48
3 61 23
3 62 5
3 63 42
3 64 17
3 65 79
3 66 8
3 67 15
3 68 41
3 69 26
3 70 63
3 71 21
3 72 67
3 73 53
3 74 76
3 75 56
3 76 49
3 77 64
3 78 70
3 79 37
3 80 82
3 81 55
3 82 24
3 83 14
3 84 54
3 85 62
3 86 16
3 87 36
3 88 88
3 89 77
4 1 16
4 2 75
4 3 24
4 4 29
4 5 82
4 6 69
4 7 70
4 8 28
4 9 10
4 10 8
4 11 80
4 12 56
4 13 79
4 14 66
4 15 9
4 16 41
4 17 89
4 18 88
4 19 46
4 20 47
4 21 74
4 22 33
4 23 63
4 24 34
4 25 71
4 26 59
4 27 57
4 28 20
4 29 52
4 30 81
4 31 64
4 32 78
4 33 86
4 34 21
4 35 1
4 36 43
4 37 49
4 38 50
4 39 18
4 40 65
4 41 2
4 42 17
4 43 45
4 44 13
4 45 31
4 46 30
4 47 72
4 48 53
4 49 73
4 50 58
4 51 12
4 52 85
4 53 37
4 54 44
4 55 7
4 56 87
4 57 67
4 58 14
4 59 26
4 60 15
4 61 22
4 62 32
4 63 36
4 64 25
4 65 83
4 66 76
4 67 60
4 68 48
4 69 62
4 70 55
4 71 11
4 72 54
4 73 19
4 74 0
4 75 5
4 76 40
4 77 77
4 78 35
4 79 38
4 80 42
4 81 61
4 82 3
4 83 39
4 84 84
4 85 27
4 86 6
4 87 68
4 88 23
4 89 51
5 1 63
5 2 11
5 3 57
5 4 0
5 5 25
5 6 78
5 7 56
5 8 83
5 9 70
5 10 35
5 11 24
5 12 54
5 13 64
5 14 37
5 15 50
5 16 34
5 17 71
5 18 10
5 19 75
5 20 33
5 21 22
5 22 68
5 23 23
5 24 86
5 25 80
5 26 13
5 27 59
5 28 29
5 29 53
5 30 77
5 31 85
5 32 49
5 33 87
5 34 74
5 35 69
5 36 15
5 37 82
5 38 36
5 39 39
5 40 20
5 41 14
5 42 76
5 43 18
5 44 32
5 45 89
5 46 73
5 47 88
5 48 27
5 49 46
5 50 47
5 51 44
5 52 6
5 53 38
5 54 1
5 55 8
5 56 3
5 57 43
5 58 17
5 59 2
5 60 4
5 61 16
5 62 66
5 63 45
5 64 51
5 65 30
5 66 65
5 67 12
5 68 26
5 69 62
5 70 40
5 71 31
5 72 41
5 73 7
5 74 9
5 75 72
5 76 58
5 77 48
5 78 60
5 79 61
5 80 21
5 81 81
5 82 79
5 83 55
5 84 52
5 85 42
5 86 19
5 87 67
5 88 84
5 89 28
6 1 21
6 2 65
6 3 36
6 4 14
6 5 7
6 6 77
6 7 76
6 8 35
6 9 49
6 10 40
6 11 29
6 12 88
6 13 25
6 14 15
6 15 75
6 16 48
6 17 46
6 18 22
6 19 66
6 20 34
6 21 74
6 22 0
6 23 13
6 24 4
6 25 45
6 26 71
6 27 56
6 28 59
6 29 55
6 30 72
6 31 3
6 32 37
6 33 24
6 34 83
6 35 62
6 36 67
6 37 84
6 38 60
6 39 31
6 40 19
6 41 26
6 42 86
6 43 27
6 44 2
6 45 89
6 46 47
6 47 64
6 48 78
6 49 10
6 50 44
6 51 12
6 52 73
6 53 70
6 54 18
6 55 16
6 56 50
6 57 61
6 58 51
6 59 58
6 60 9
6 61 28
6 62 43
6 63 11
6 64 81
6 65 85
6 66 30
6 67 82
6 68 1
6 69 53
6 70 54
6 71 8
6 72 5
6 73 17
6 74 38
6 75 80
6 76 52
6 77 32
6 78 42
6 79 87
6 80 79
6 81 57
6 82 20
6 83 63
6 84 69
6 85 39
6 86 33
6 87 23
6 88 68
6 89 41
7 1 10
7 2 77
7 3 46
7 4 60
7 5 71
7 6 67
7 7 54
7 8 51
7 9 31
7 10 29
7 11 78
7 12 5
7 13 30
7 14 9
7 15 52
7 16 35
7 17 25
7 18 44
7 19 36
7 20 18
7 21 28
7 22 26
7 23 14
7 24 4
7 25 79
7 26 15
7 27 21
7 28 22
7 29 0
7 30 12
7 31 61
7 32 45
7 33 82
7 34 38
7 35 33
7 36 48
7 37 53
7 38 19
7 39 66
7 40 8
7 41 69
7 42 84
7 43 23
7 44 11
7 45 88
7 46 42
7 47 13
7 48 47
7 49 56
7 50 75
7 51 68
7 52 27
7 53 49
7 54 16
7 55 63
7 56 81
7 57 20
7 58 6
7 59 39
7 60 85
7 61 34
7 62 70
7 63 72
7 64 73
7 65 2
7 66 40
7 67 1
7 68 37
7 69 43
7 70 59
7 71 87
7 72 83
7 73 55
7 74 32
7 75 76
7 76 24
7 77 89
7 78 58
7 79 64
7 80 86
7 81 57
7 82 3
7 83 74
7 84 65
7 85 50
7 86 62
7 87 80
7 88 17
7 89 41
8 1 11
8 2 18
8 3 30
8 4 23
8 5 15
8 6 44
8 7 21
8 8 35
8 9 51
8 10 66
8 11 32
8 12 68
8 13 2
8 14 69
8 15 7
8 16 47
8 17 24
8 18 39
8 19 3
8 20 72
8 21 79
8 22 62
8 23 58
8 24 1
8 25 48
8 26 20
8 27 36
8 28 43
8 29 28
8 30 84
8 31 49
8 32 26
8 33 85
8 34 70
8 35 4
8 36 34
8 37 73
8 38 22
8 39 13
8 40 71
8 41 40
8 42 29
8 43 82
8 44 25
8 45 52
8 46 65
8 47 17
8 48 87
8 49 31
8 50 41
8 51 83
8 52 45
8 53 60
8 54 16
8 55 14
8 56 63
8 57 12
8 58 77
8 59 37
8 60 9
8 61 42
8 62 67
8 63 10
8 64 75
8 65 0
8 66 19
8 67 74
8 68 54
8 69 6
8 70 76
8 71 27
8 72 64
8 73 80
8 74 81
8 75 55
8 76 86
8 77 50
8 78 88
8 79 33
8 80 78
8 81 57
8 82 56
8 83 89
8 84 38
8 85 61
8 86 59
8 87 53
8 88 46
8 89 5
9 1 7
9 2 13
9 3 70
9 4 21
9 5 44
9 6 36
9 7 60
9 8 25
9 9 2
9 10 55
9 11 76
9 12 68
9 13 20
9 14 27
9 15 35
9 16 41
9 17 33
9 18 51
9 19 29
9 20 18
9 21 56
9 22 88
9 23 79
9 24 85
9 25 11
9 26 57
9 27 14
9 28 4
9 29 63
9 30 78
9 31 54
9 32 75
9 33 71
9 34 47
9 35 40
9 36 87
9 37 23
9 38 73
9 39 61
9 40 53
9 41 42
9 42 50
9 43 46
9 44 72
9 45 6
9 46 38
9 47 67
9 48 66
9 49 82
9 50 45
9 51 39
9 52 43
9 53 48
9 54 1
9 55 8
9 56 0
9 57 49
9 58 59
9 59 26
9 60 10
9 61 89
9 62 52
9 63 17
9 64 34
9 65 83
9 66 62
9 67 19
9 68 5
9 69 81
9 70 58
9 71 24
9 72 80
9 73 30
9 74 32
9 75 86
9 76 64
9 77 65
9 78 12
9 79 84
9 80 15
9 81 16
9 82 37
9 83 28
9 84 22
9 85 74
9 86 69
9 87 31
9 88 77
9 89 3
10 1 56
10 2 44
10 3 29
10 4 39
10 5 73
10 6 13
10 7 46
10 8 20
10 9 32
10 10 47
10 11 60
10 12 25
10 13 27
10 14 76
10 15 75
10 16 63
10 17 37
10 18 43
10 19 7
10 20 6
10 21 24
10 22 35
10 23 19
10 24 67
10 25 31
10 26 49
10 27 68
10 28 80
10 29 9
10 30 3
10 31 61
10 32 88
10 33 71
10 34 72
10 35 58
10 36 78
10 37 26
10 38 0
10 39 69
10 40 89
10 41 16
10 42 64
10 43 42
10 44 54
10 45 23
10 46 8
10 47 15
10 48 51
10 49 87
10 50 84
10 51 62
10 52 28
10 53 55
10 54 81
10 55 41
10 56 53
10 57 12
10 58 48
10 59 57
10 60 5
10 61 36
10 62 86
10 63 79
10 64 45
10 65 50
10 66 18
10 67 40
10 68 14
10 69 34
10 70 2
10 71 1
10 72 17
10 73 38
10 74 52
10 75 85
10 76 77
10 77 22
10 78 82
10 79 66
10 80 33
10 81 4
10 82 74
10 83 30
10 84 11
10 85 65
10 86 21
10 87 59
10 88 70
10 89 83
11 1 34
11 2 75
11 3 70
11 4 3
11 5 18
11 6 82
11 7 51
11 8 86
11 9 25
11 10 59
11 11 2
11 12 67
11 13 78
11 14 66
11 15 56
11 16 89
11 17 76
11 18 1
11 19 87
11 20 48
11 21 85
11 22 84
11 23 5
11 24 71
11 25 6
11 26 23
11 27 62
11 28 33
11 29 44
11 30 43
11 31 8
11 32 58
11 33 80
11 34 72
11 35 52
11 36 37
11 37 45
11 38 29
11 39 53
11 40 83
11 41 41
11 42 64
11 43 32
11 44 81
11 45 22
11 46 19
11 47 28
11 48 73
11 49 68
11 50 61
11 51 36
11 52 0
11 53 42
11 54 40
11 55 79
11 56 21
11 57 10
11 58 74
11 59 55
11 60 69
11 61 54
11 62 9
11 63 27
11 64 12
11 65 30
11 66 57
11 67 20
11 68 47
11 69 65
11 70 26
11 71 46
11 72 49
11 73 17
11 74 60
11 75 15
11 76 16
11 77 50
11 78 31
11 79 4
11 80 77
11 81 7
11 82 88
11 83 13
11 84 35
11 85 38
11 86 63
11 87 14
11 88 39
11 89 24
12 1 68
12 2 5
12 3 3
12 4 54
12 5 18
12 6 42
12 7 33
12 8 49
12 9 51
12 10 59
12 11 85
12 12 57
12 13 0
12 14 47
12 15 15
12 16 23
12 17 70
12 18 21
12 19 66
12 20 72
12 21 48
12 22 55
12 23 73
12 24 40
12 25 4
12 26 60
12 27 26
12 28 52
12 29 28
12 30 65
12 31 46
12 32 79
12 33 31
12 34 56
12 35 36
12 36 53
12 37 41
12 38 7
12 39 6
12 40 34
12 41 19
12 42 10
12 43 29
12 44 80
12 45 74
12 46 77
12 47 27
12 48 24
12 49 30
12 50 35
12 51 62
12 52 84
12 53 45
12 54 61
12 55 39
12 56 58
12 57 9
12 58 88
12 59 63
12 60 71
12 61 25
12 62 11
12 63 17
12 64 64
12 65 43
12 66 20
12 67 16
12 68 78
12 69 13
12 70 89
12 71 67
12 72 44
12 73 76
12 74 86
12 75 1
12 76 82
12 77 81
12 78 83
12 79 8
12 80 75
12 81 87
12 82 2
12 83 69
12 84 22
12 85 14
12 86 50
12 87 38
12 88 32
12 89 37
13 1 36
13 2 31
13 3 65
13 4 41
13 5 38
13 6 69
13 7 68
13 8 58
13 9 7
13 10 64
13 11 79
13 12 28
13 13 56
13 14 20
13 15 5
13 16 51
13 17 29
13 18 61
13 19 14
13 20 37
13 21 54
13 22 42
13 23 62
13 24 83
13 25 84
13 26 85
13 27 81
13 28 27
13 29 75
13 30 8
13 31 1
13 32 22
13 33 4
13 34 3
13 35 23
13 36 2
13 37 89
13 38 32
13 39 9
13 40 34
13 41 12
13 42 19
13 43 35
13 44 59
13 45 30
13 46 45
13 47 52
13 48 6
13 49 46
13 50 71
13 51 33
13 52 40
13 53 26
13 54 17
13 55 49
13 56 72
13 57 18
13 58 66
13 59 24
13 60 78
13 61 88
13 62 87
13 63 55
13 64 67
13 65 48
13 66 86
13 67 70
13 68 63
13 69 21
13 70 77
13 71 74
13 72 73
13 73 25
13 74 80
13 75 82
13 76 60
13 77 47
13 78 10
13 79 11
13 80 43
13 81 39
13 82 44
13 83 57
13 84 50
13 85 15
13 86 0
13 87 16
13 88 76
13 89 53
14 1 7
14 2 55
14 3 84
14 4 9
14 5 10
14 6 77
14 7 56
14 8 34
14 9 88
14 10 83
14 11 35
14 12 43
14 13 40
14 14 23
14 15 4
14 16 12
14 17 63
14 18 5
14 19 76
14 20 74
14 21 75
14 22 80
14 23 41
14 24 21
14 25 36
14 26 2
14 27 42
14 28 82
14 29 61
14 30 59
14 31 30
14 32 13
14 33 46
14 34 65
14 35 52
14 36 60
14 37 38
14 38 3
14 39 8
14 40 66
14 41 71
14 42 73
14 43 64
14 44 19
14 45 37
14 46 45
14 47 22
14 48 11
14 49 87
14 50 68
14 51 44
14 52 6
14 53 79
14 54 28
14 55 0
14 56 26
14 57 27
14 58 81
14 59 32
14 60 50
14 61 89
14 62 17
14 63 39
14 64 48
14 65 54
14 66 20
14 67 78
14 68 47
14 69 85
14 70 25
14 71 72
14 72 33
14 73 18
14 74 31
14 75 53
14 76 86
14 77 70
14 78 24
14 79 57
14 80 62
14 81 49
14 82 67
14 83 51
14 84 29
14 85 15
14 86 58
14 87 16
14 88 1
14 89 69
15 1 79
15 2 27
15 3 5
15 4 51
15 5 44
15 6 37
15 7 10
15 8 17
15 9 35
15 10 32
15 11 83
15 12 22
15 13 46
15 14 86
15 15 74
15 16 13
15 17 61
15 18 82
15 19 45
15 20 16
15 21 9
15 22 42
15 23 20
15 24 58
15 25 12
15 26 36
15 27 72
15 28 57
15 29 31
15 30 71
15 31 59
15 32 23
15 33 38
15 34 77
15 35 41
15 36 85
15 37 28
15 38 62
15 39 11
15 40 24
15 41 14
15 42 43
15 43 19
15 44 81
15 45 55
15 46 29
15 47 80
15 48 78
15 49 30
15 50 66
15 51 67
15 52 73
15 53 6
15 54 0
15 55 1
15 56 53
15 57 47
15 58 48
15 59 70
15 60 34
15 61 39
15 62 84
15 63 64
15 64 75
15 65 7
15 66 18
15 67 2
15 68 21
15 69 33
15 70 76
15 71 52
15 72 4
15 73 3
15 74 50
15 75 65
15 76 26
15 77 68
15 78 89
15 79 40
15 80 54
15 81 69
15 82 8
15 83 25
15 84 56
15 85 49
15 86 60
15 87 63
15 88 88
15 89 87
16 1 1
16 2 49
16 3 27
16 4 54
16 5 76
16 6 38
16 7 84
16 8 20
16 9 40
16 10 29
16 11 17
16 12 37
16 13 60
16 14 19
16 15 82
16 16 34
16 17 35
16 18 30
16 19 83
16 20 2
16 21 57
16 22 80
16 23 50
16 24 63
16 25 85
16 26 77
16 27 5
16 28 9
16 29 0
16 30 81
16 31 45
16 32 44
16 33 53
16 34 11
16 35 23
16 36 46
16 37 31
16 38 89
16 39 88
16 40 66
16 41 4
16 42 52
16 43 18
16 44 10
16 45 43
16 46 24
16 47 51
16 48 70
16 49 59
16 50 75
16 51 72
16 52 64
16 53 62
16 54 78
16 55 47
16 56 79
16 57 28
16 58 26
16 59 25
16 60 73
16 61 21
16 62 22
16 63 61
16 64 86
16 65 56
16 66 71
16 67 55
16 68 65
16 69 41
16 70 33
16 71 3
16 72 68
16 73 87
16 74 69
16 75 39
16 76 6
16 77 58
16 78 8
16 79 13
16 80 14
16 81 74
16 82 42
16 83 67
16 84 15
16 85 36
16 86 12
16 87 32
16 88 48
16 89 7
17 1 0
17 2 47
17 3 32
17 4 5
17 5 27
17 6 23
17 7 35
17 8 31
17 9 15
17 10 22
17 11 89
17 12 75
17 13 83
17 14 55
17 15 50
17 16 30
17 17 54
17 18 36
17 19 16
17 20 44
17 21 11
17 22 49
17 23 18
17 24 86
17 25 14
17 26 48
17 27 59
17 28 88
17 29 21
17 30 81
17 31 57
17 32 62
17 33 70
17 34 80
17 35 4
17 36 74
17 37 42
17 38 29
17 39 19
17 40 7
17 41 73
17 42 53
17 43 85
17 44 20
17 45 58
17 46 51
17 47 87
17 48 10
17 49 9
17 50 65
17 51 13
17 52 3
17 53 26
17 54 28
17 55 68
17 56 37
17 57 66
17 58 41
17 59 72
17 60 77
17 61 52
17 62 76
17 63 8
17 64 61
17 65 24
17 66 1
17 67 46
17 68 33
17 69 6
17 70 56
17 71 82
17 72 60
17 73 38
17 74 79
17 75 25
17 76 64
17 77 84
17 78 34
17 79 69
17 80 40
17 81 39
17 82 12
17 83 63
17 84 78
17 85 67
17 86 71
17 87 45
17 88 2
17 89 43
18 1 63
18 2 50
18 3 85
18 4 14
18 5 77
18 6 65
18 7 62
18 8 45
18 9 34
18 10 39
18 11 89
18 12 12
18 13 9
18 14 17
18 15 68
18 16 44
18 17 42
18 18 30
18 19 13
18 20 54
18 21 24
18 22 25
18 23 66
18 24 8
18 25 46
18 26 79
18 27 20
18 28 75
18 29 72
18 30 43
18 31 26
18 32 41
18 33 48
18 34 84
18 35 81
18 36 5
18 37 61
18 38 87
18 39 6
18 40 31
18 41 53
18 42 67
18 43 47
18 44 10
18 45 37
18 46 28
18 47 86
18 48 22
18 49 55
18 50 71
18 51 74
18 52 51
18 53 21
18 54 60
18 55 83
18 56 7
18 57 80
18 58 33
18 59 15
18 60 0
18 61 57
18 62 70
18 63 58
18 64 23
18 65 16
18 66 32
18 67 4
18 68 2
18 69 76
18 70 59
18 71 19
18 72 36
18 73 73
18 74 88
18 75 64
18 76 3
18 77 27
18 78 78
18 79 69
18 80 82
18 81 56
18 82 49
18 83 35
18 84 38
18 85 40
18 86 29
18 87 52
18 88 1
18 89 11
19 1 67
19 2 25
19 3 5
19 4 54
19 5 87
19 6 39
19 7 63
19 8 9
19 9 66
19 10 15
19 11 33
19 12 12
19 13 80
19 14 14
19 15 36
19 16 71
19 17 78
19 18 1
19 19 56
19 20 64
19 21 86
19 22 59
19 23 48
19 24 70
19 25 17
19 26 69
19 27 81
19 28 11
19 29 6
19 30 61
19 31 27
19 32 76
19 33 21
19 34 82
19 35 3
19 36 88
19 37 79
19 38 40
19 39 13
19 40 47
19 41 16
19 42 75
19 43 2
19 44 60
19 45 45
19 46 72
19 47 29
19 48 7
19 49 83
19 50 55
19 51 24
19 52 41
19 53 37
19 54 52
19 55 68
19 56 30
19 57 0
19 58 26
19 59 43
19 60 42
19 61 35
19 62 77
19 63 89
19 64 22
19 65 44
19 66 20
19 67 28
19 68 34
19 69 4
19 70 53
19 71 50
19 72 32
19 73 38
19 74 73
19 75 46
19 76 18
19 77 74
19 78 57
19 79 84
19 80 49
19 81 85
19 82 10
19 83 51
19 84 62
19 85 58
19 86 65
19 87 8
19 88 23
19 89 31
20 1 3
20 2 69
20 3 33
20 4 22
20 5 75
20 6 67
20 7 64
20 8 59
20 9 15
20 10 12
20 11 2
20 12 38
20 13 4
20 14 57
20 15 47
20 16 28
20 17 0
20 18 31
20 19 83
20 20 23
20 21 29
20 22 9
20 23 84
20 24 55
20 25 17
20 26 41
20 27 70
20 28 78
20 29 89
20 30 51
20 31 68
20 32 26
20 33 56
20 34 1
20 35 73
20 36 34
20 37 7
20 38 48
20 39 76
20 40 44
20 41 79
20 42 88
20 43 46
20 44 82
20 45 50
20 46 86
20 47 8
20 48 32
20 49 40
20 50 62
20 51 16
20 52 36
20 53 61
20 54 71
20 55 52
20 56 81
20 57 58
20 58 49
20 59 87
20 60 27
20 61 11
20 62 77
20 63 42
20 64 21
20 65 43
20 66 24
20 67 18
20 68 13
20 69 5
20 70 66
20 71 54
20 72 37
20 73 25
20 74 14
20 75 63
20 76 65
20 77 30
20 78 10
20 79 85
20 80 35
20 81 6
20 82 80
20 83 53
20 84 45
20 85 72
20 86 74
20 87 19
20 88 39
20 89 60
21 1 2
21 2 79
21 3 84
21 4 33
21 5 3
21 6 59
21 7 82
21 8 54
21 9 41
21 10 46
21 11 53
21 12 8
21 13 37
21 14 70
21 15 22
21 16 72
21 17 25
21 18 11
21 19 71
21 20 57
21 21 60
21 22 50
21 23 78
21 24 4
21 25 16
21 26 12
21 27 89
21 28 58
21 29 34
21 30 35
21 31 1
21 32 48
21 33 49
21 34 6
21 35 45
21 36 14
21 37 44
21 38 77
21 39 51
21 40 63
21 41 76
21 42 55
21 43 85
21 44 24
21 45 20
21 46 86
21 47 43
21 48 23
21 49 7
21 50 32
21 51 64
21 52 62
21 53 47
21 54 19
21 55 56
21 56 65
21 57 75
21 58 18
21 59 67
21 60 61
21 61 0
21 62 31
21 63 38
21 64 13
21 65 15
21 66 26
21 67 36
21 68 10
21 69 68
21 70 29
21 71 74
21 72 30
21 73 27
21 74 80
21 75 81
21 76 88
21 77 28
21 78 9
21 79 83
21 80 42
21 81 69
21 82 40
21 83 5
21 84 52
21 85 17
21 86 39
21 87 87
21 88 66
21 89 73
22 1 27
22 2 29
22 3 7
22 4 44
22 5 43
22 6 83
22 7 55
22 8 4
22 9 20
22 10 68
22 11 38
22 12 62
22 13 17
22 14 57
22 15 35
22 16 64
22 17 65
22 18 26
22 19 89
22 20 70
22 21 49
22 22 31
22 23 76
22 24 66
22 25 77
22 26 63
22 27 10
22 28 6
22 29 54
22 30 36
22 31 45
22 32 74
22 33 30
22 34 32
22 35 56
22 36 8
22 37 24
22 38 9
22 39 41
22 40 12
22 41 79
22 42 23
22 43 50
22 44 46
22 45 71
22 46 15
22 47 13
22 48 3
22 49 52
22 50 60
22 51 14
22 52 67
22 53 16
22 54 40
22 55 5
22 56 42
22 57 73
22 58 34
22 59 84
22 60 19
22 61 39
22 62 51
22 63 86
22 64 25
22 65 69
22 66 0
22 67 78
22 68 81
22 69 82
22 70 1
22 71 18
22 72 33
22 73 48
22 74 85
22 75 2
22 76 58
22 77 11
22 78 53
22 79 80
22 80 28
22 81 61
22 82 72
22 83 47
22 84 87
22 85 75
22 86 88
22 87 59
22 88 21
22 89 37
23 1 10
23 2 42
23 3 11
23 4 37
23 5 45
23 6 48
23 7 15
23 8 0
23 9 35
23 10 83
23 11 38
23 12 62
23 13 13
23 14 67
23 15 66
23 16 27
23 17 87
23 18 85
23 19 6
23 20 32
23 21 49
23 22 3
23 23 39
23 24 61
23 25 70
23 26 76
23 27 51
23 28 56
23 29 26
23 30 88
23 31 43
23 32 17
23 33 59
23 34 31
23 35 58
23 36 60
23 37 46
23 38 89
23 39 30
23 40 73
23 41 16
23 42 55
23 43 54
23 44 8
23 45 33
23 46 78
23 47 22
23 48 28
23 49 50
23 50 64
23 51 18
23 52 68
23 53 79
23 54 72
23 55 75
23 56 44
23 57 63
23 58 12
23 59 24
23 60 14
23 61 25
23 62 47
23 63 21
23 64 9
23 65 41
23 66 29
23 67 5
23 68 1
23 69 2
23 70 81
23 71 80
23 72 84
23 73 77
23 74 86
23 75 74
23 76 7
23 77 40
23 78 4
23 79 57
23 80 36
23 81 53
23 82 20
23 83 82
23 84 19
23 85 69
23 86 34
23 87 71
23 88 65
23 89 52
24 1 33
24 2 10
24 3 54
24 4 88
24 5 8
24 6 44
24 7 80
24 8 84
24 9 20
24 10 29
24 11 57
24 12 60
24 13 0
24 14 6
24 15 22
24 16 59
24 17 85
24 18 83
24 19 23
24 20 46
24 21 25
24 22 35
24 23 3
24 24 66
24 25 15
24 26 32
24 27 50
24 28 42
24 29 49
24 30 31
24 31 63
24 32 61
24 33 48
24 34 5
24 35 78
24 36 55
24 37 26
24 38 77
24 39 28
24 40 64
24 41 9
24 42 69
24 43 7
24 44 70
24 45 34
24 46 18
24 47 14
24 48 1
24 49 65
24 50 53
24 51 13
24 52 74
24 53 68
24 54 58
24 55 75
24 56 37
24 57 41
24 58 72
24 59 40
24 60 76
24 61 17
24 62 47
24 63 51
24 64 82
24 65 30
24 66 67
24 67 81
24 68 62
24 69 79
24 70 19
24 71 2
24 72 45
24 73 21
24 74 4
24 75 73
24 76 27
24 77 16
24 78 38
24 79 12
24 80 89
24 81 43
24 82 56
24 83 86
24 84 11
24 85 71
24 86 39
24 87 36
24 88 52
24 89 87
25 1 52
25 2 15
25 3 47
25 4 73
25 5 83
25 6 8
25 7 80
25 8 81
25 9 43
25 10 17
25 11 18
25 12 40
25 13 82
25 14 30
25 15 39
25 16 56
25 17 14
25 18 33
25 19 29
25 20 38
25 21 26
25 22 75
25 23 76
25 24 58
25 25 45
25 26 9
25 27 24
25 28 42
25 29 36
25 30 61
25 31 53
25 32 89
25 33 74
25 34 3
25 35 72
25 36 5
25 37 60
25 38 16
25 39 2
25 40 0
25 41 77
25 42 6
25 43 1
25 44 54
25 45 62
25 46 28
25 47 65
25 48 19
25 49 11
25 50 4
25 51 34
25 52 44
25 53 69
25 54 21
25 55 51
25 56 46
25 57 70
25 58 57
25 59 71
25 60 87
25 61 86
25 62 59
25 63 85
25 64 22
25 65 31
25 66 67
25 67 35
25 68 10
25 69 23
25 70 55
25 71 63
25 72 41
25 73 68
25 74 37
25 75 27
25 76 7
25 77 49
25 78 32
25 79 64
25 80 50
25 81 88
25 82 12
25 83 66
25 84 78
25 85 13
25 86 48
25 87 20
25 88 79
25 89 84
26 1 22
26 2 38
26 3 42
26 4 10
26 5 39
26 6 65
26 7 74
26 8 25
26 9 75
26 10 68
26 11 23
26 12 4
26 13 1
26 14 73
26 15 63
26 16 40
26 17 70
26 18 58
26 19 13
26 20 59
26 21 45
26 22 7
26 23 79
26 24 46
26 25 51
26 26 41
26 27 17
26 28 0
26 29 87
26 30 53
26 31 18
26 32 72
26 33 27
26 34 32
26 35 86
26 36 71
26 37 67
26 38 6
26 39 66
26 40 82
26 41 35
26 42 36
26 43 56
26 44 44
26 45 28
26 46 49
26 47 30
26 48 20
26 49 55
26 50 31
26 51 83
26 52 52
26 53 29
26 54 34
26 55 88
26 56 54
26 57 50
26 58 62
26 59 24
26 60 89
26 61 8
26 62 80
26 63 76
26 64 21
26 65 11
26 66 43
26 67 48
26 68 37
26 69 14
26 70 2
26 71 69
26 72 19
26 73 57
26 74 5
26 75 61
26 76 64
26 77 12
26 78 77
26 79 85
26 80 47
26 81 9
26 82 3
26 83 16
26 84 15
26 85 78
26 86 81
26 87 84
26 88 60
26 89 33
27 1 66
27 2 12
27 3 38
27 4 46
27 5 23
27 6 54
27 7 32
27 8 74
27 9 43
27 10 47
27 11 86
27 12 19
27 13 88
27 14 11
27 15 82
27 16 52
27 17 75
27 18 0
27 19 73
27 20 16
27 21 72
27 22 9
27 23 79
27 24 5
27 25 61
27 26 62
27 27 84
27 28 68
27 29 78
27 30 65
27 31 63
27 32 10
27 33 17
27 34 1
27 35 40
27 36 45
27 37 87
27 38 57
27 39 89
27 40 22
27 41 83
27 42 50
27 43 2
27 44 58
27 45 31
27 46 4
27 47 60
27 48 8
27 49 13
27 50 33
27 51 37
27 52 48
27 53 56
27 54 81
27 55 49
27 56 53
27 57 76
27 58 55
27 59 71
27 60 18
27 61 39
27 62 80
27 63 35
27 64 69
27 65 41
27 66 51
27 67 14
27 68 64
27 69 70
27 70 44
27 71 25
27 72 21
27 73 42
27 74 15
27 75 85
27 76 24
27 77 30
27 78 67
27 79 6
27 80 3
27 81 20
27 82 29
27 83 26
27 84 77
27 85 36
27 86 7
27 87 34
27 88 59
27 89 28
28 1 83
28 2 38
28 3 22
28 4 35
28 5 89
28 6 36
28 7 6
28 8 73
28 9 77
28 10 23
28 11 26
28 12 24
28 13 65
28 14 75
28 15 82
28 16 11
28 17 55
28 18 81
28 19 20
28 20 29
28 21 16
28 22 12
28 23 17
28 24 8
28 25 71
28 26 88
28 27 84
28 28 31
28 29 46
28 30 32
28 31 43
28 32 37
28 33 63
28 34 2
28 35 30
28 36 62
28 37 1
28 38 60
28 39 9
28 40 56
28 41 67
28 42 61
28 43 34
28 44 78
28 45 66
28 46 69
28 47 33
28 48 49
28 49 80
28 50 3
28 51 45
28 52 39
28 53 85
28 54 53
28 55 59
28 56 21
28 57 4
28 58 5
28 59 40
28 60 74
28 61 54
28 62 72
28 63 51
28 64 27
28 65 25
28 66 13
28 67 86
28 68 15
28 69 57
28 70 52
28 71 7
28 72 44
28 73 50
28 74 47
28 75 76
28 76 64
28 77 68
28 78 18
28 79 42
28 80 48
28 81 14
28 82 87
28 83 10
28 84 79
28 85 0
28 86 41
28 87 19
28 88 70
28 89 58
29 1 35
29 2 0
29 3 85
29 4 44
29 5 67
29 6 51
29 7 56
29 8 84
29 9 33
29 10 39
29 11 81
29 12 11
29 13 76
29 14 73
29 15 17
29 16 10
29 17 2
29 18 42
29 19 16
29 20 32
29 21 34
29 22 18
29 23 20
29 24 36
29 25 3
29 26 26
29 27 79
29 28 31
29 29 52
29 30 25
29 31 13
29 32 57
29 33 4
29 34 86
29 35 53
29 36 22
29 37 5
29 38 9
29 39 28
29 40 77
29 41 66
29 42 27
29 43 63
29 44 74
29 45 47
29 46 54
29 47 50
29 48 87
29 49 41
29 50 83
29 51 37
29 52 68
29 53 82
29 54 62
29 55 40
29 56 23
29 57 70
29 58 30
29 59 75
29 60 49
29 61 58
29 62 12
29 63 89
29 64 71
29 65 6
29 66 61
29 67 46
29 68 72
29 69 8
29 70 38
29 71 60
29 72 64
29 73 45
29 74 55
29 75 78
29 76 88
29 77 59
29 78 69
29 79 48
29 80 80
29 81 14
29 82 65
29 83 7
29 84 19
29 85 24
29 86 15
29 87 21
29 88 43
29 89 1
30 1 32
30 2 62
30 3 21
30 4 71
30 5 34
30 6 9
30 7 23
30 8 56
30 9 41
30 10 17
30 11 27
30 12 7
30 13 63
30 14 67
30 15 42
30 16 8
30 17 89
30 18 38
30 19 85
30 20 40
30 21 86
30 22 80
30 23 47
30 24 88
30 25 4
30 26 35
30 27 61
30 28 6
30 29 33
30 30 22
30 31 53
30 32 82
30 33 14
30 34 78
30 35 5
30 36 74
30 37 77
30 38 81
30 39 87
30 40 66
30 41 3
30 42 52
30 43 57
30 44 12
30 45 29
30 46 46
30 47 50
30 48 55
30 49 39
30 50 75
30 51 26
30 52 49
30 53 68
30 54 45
30 55 70
30 56 48
30 57 37
30 58 51
30 59 20
30 60 25
30 61 58
30 62 15
30 63 31
30 64 72
30 65 28
30 66 69
30 67 64
30 68 73
30 69 79
30 70 13
30 71 60
30 72 16
30 73 84
30 74 0
30 75 59
30 76 2
30 77 24
30 78 44
30 79 83
30 80 10
30 81 19
30 82 36
30 83 54
30 84 65
30 85 18
30 86 43
30 87 76
30 88 1
30 89 11
31 1 8
31 2 66
31 3 46
31 4 57
31 5 58
31 6 65
31 7 4
31 8 64
31 9 88
31 10 44
31 11 59
31 12 22
31 13 23
31 14 39
31 15 48
31 16 56
31 17 35
31 18 82
31 19 12
31 20 29
31 21 89
31 22 33
31 23 9
31 24 75
31 25 19
31 26 53
31 27 87
31 28 70
31 29 25
31 30 80
31 31 21
31 32 40
31 33 5
31 34 68
31 35 86
31 36 45
31 37 42
31 38 69
31 39 67
31 40 77
31 41 15
31 42 74
31 43 43
31 44 20
31 45 79
31 46 27
31 47 51
31 48 81
31 49 16
31 50 32
31 51 17
31 52 84
31 53 72
31 54 10
31 55 63
31 56 41
31 57 61
31 58 71
31 59 49
31 60 7
31 61 37
31 62 13
31 63 55
31 64 73
31 65 38
31 66 36
31 67 6
31 68 2
31 69 83
31 70 78
31 71 47
31 72 54
31 73 3
31 74 34
31 75 76
31 76 1
31 77 50
31 78 52
31 79 0
31 80 26
31 81 24
31 82 62
31 83 60
31 84 28
31 85 85
31 86 18
31 87 14
31 88 11
31 89 30
32 1 20
32 2 37
32 3 5
32 4 28
32 5 89
32 6 56
32 7 38
32 8 73
32 9 24
32 10 33
32 11 46
32 12 86
32 13 23
32 14 42
32 15 10
32 16 59
32 17 47
32 18 88
32 19 49
32 20 84
32 21 35
32 22 75
32 23 21
32 24 80
32 25 57
32 26 30
32 27 85
32 28 44
32 29 3
32 30 4
32 31 52
32 32 36
32 33 77
32 34 67
32 35 54
32 36 19
32 37 45
32 38 61
32 39 25
32 40 17
32 41 48
32 42 13
32 43 71
32 44 27
32 45 65
32 46 79
32 47 74
32 48 31
32 49 87
32 50 50
32 51 14
32 52 18
32 53 2
32 54 69
32 55 43
32 56 82
32 57 7
32 58 78
32 59 34
32 60 26
32 61 1
32 62 58
32 63 76
32 64 68
32 65 53
32 66 8
32 67 70
32 68 22
32 69 62
32 70 81
32 71 64
32 72 66
32 73 55
32 74 0
32 75 83
32 76 41
32 77 11
32 78 12
32 79 6
32 80 16
32 81 60
32 82 39
32 83 72
32 84 15
32 85 9
32 86 29
32 87 51
32 88 40
32 89 63
33 1 26
33 2 86
33 3 79
33 4 38
33 5 5
33 6 30
33 7 67
33 8 29
33 9 36
33 10 18
33 11 3
33 12 89
33 13 4
33 14 60
33 15 87
33 16 34
33 17 16
33 18 56
33 19 69
33 20 45
33 21 49
33 22 31
33 23 82
33 24 84
33 25 1
33 26 50
33 27 15
33 28 0
33 29 41
33 30 85
33 31 51
33 32 48
33 33 21
33 34 10
33 35 81
33 36 39
33 37 80
33 38 44
33 39 27
33 40 13
33 41 7
33 42 76
33 43 2
33 44 58
33 45 42
33 46 59
33 47 83
33 48 8
33 49 54
33 50 12
33 51 65
33 52 37
33 53 64
33 54 25
33 55 57
33 56 62
33 57 43
33 58 75
33 59 14
33 60 46
33 61 47
33 62 66
33 63 19
33 64 55
33 65 20
33 66 53
33 67 23
33 68 11
33 69 9
33 70 68
33 71 88
33 72 61
33 73 35
33 74 52
33 75 40
33 76 70
33 77 32
33 78 77
33 79 73
33 80 74
33 81 63
33 82 17
33 83 71
33 84 24
33 85 28
33 86 78
33 87 22
33 88 6
33 89 72
34 1 14
34 2 47
34 3 65
34 4 1
34 5 58
34 6 49
34 7 28
34 8 18
34 9 87
34 10 73
34 11 19
34 12 13
34 13 59
34 14 29
34 15 79
34 16 31
34 17 22
34 18 57
34 19 24
34 20 70
34 21 56
34 22 63
34 23 23
34 24 62
34 25 60
34 26 16
34 27 37
34 28 42
34 29 45
34 30 30
34 31 68
34 32 10
34 33 0
34 34 50
34 35 15
34 36 81
34 37 67
34 38 32
34 39 26
34 40 75
34 41 6
34 42 71
34 43 12
34 44 36
34 45 35
34 46 72
34 47 17
34 48 89
34 49 8
34 50 7
34 51 25
34 52 2
34 53 66
34 54 82
34 55 53
34 56 21
34 57 64
34 58 3
34 59 78
34 60 5
34 61 86
34 62 48
34 63 4
34 64 43
34 65 85
34 66 54
34 67 20
34 68 69
34 69 33
34 70 38
34 71 77
34 72 27
34 73 52
34 74 11
34 75 44
34 76 9
34 77 46
34 78 88
34 79 41
34 80 61
34 81 80
34 82 55
34 83 76
34 84 51
34 85 84
34 86 83
34 87 74
34 88 40
34 89 39
35 1 28
35 2 65
35 3 27
35 4 20
35 5 42
35 6 77
35 7 47
35 8 18
35 9 87
35 10 37
35 11 89
35 12 32
35 13 53
35 14 61
35 15 30
35 16 52
35 17 62
35 18 36
35 19 10
35 20 85
35 21 68
35 22 55
35 23 41
35 24 54
35 25 23
35 26 14
35 27 34
35 28 60
35 29 73
35 30 17
35 31 19
35 32 82
35 33 39
35 34 84
35 35 11
35 36 31
35 37 22
35 38 12
35 39 3
35 40 7
35 41 69
35 42 25
35 43 0
35 44 8
35 45 44
35 46 83
35 47 2
35 48 71
35 49 24
35 50 78
35 51 58
35 52 45
35 53 1
35 54 63
35 55 64
35 56 6
35 57 16
35 58 40
35 59 75
35 60 57
35 61 49
35 62 70
35 63 38
35 64 51
35 65 29
35 66 43
35 67 5
35 68 72
35 69 59
35 70 13
35 71 48
35 72 76
35 73 79
35 74 15
35 75 86
35 76 81
35 77 9
35 78 74
35 79 50
35 80 88
35 81 66
35 82 4
35 83 26
35 84 67
35 85 80
35 86 46
35 87 56
35 88 33
35 89 21
36 1 68
36 2 45
36 3 37
36 4 71
36 5 44
36 6 31
36 7 4
36 8 3
36 9 22
36 10 56
36 11 16
36 12 34
36 13 76
36 14 23
36 15 24
36 16 15
36 17 53
36 18 9
36 19 66
36 20 51
36 21 39
36 22 30
36 23 48
36 24 67
36 25 63
36 26 41
36 27 52
36 28 80
36 29 21
36 30 75
36 31 78
36 32 50
36 33 49
36 34 59
36 35 79
36 36 26
36 37 13
36 38 42
36 39 89
36 40 40
36 41 72
36 42 6
36 43 8
36 44 82
36 45 28
36 46 83
36 47 46
36 48 35
36 49 47
36 50 33
36 51 69
36 52 86
36 53 87
36 54 32
36 55 60
36 56 10
36 57 5
36 58 20
36 59 84
36 60 74
36 61 57
36 62 0
36 63 70
36 64 61
36 65 81
36 66 73
36 67 12
36 68 58
36 69 17
36 70 55
36 71 11
36 72 1
36 73 62
36 74 77
36 75 2
36 76 18
36 77 29
36 78 27
36 79 43
36 80 7
36 81 19
36 82 14
36 83 64
36 84 88
36 85 85
36 86 65
36 87 25
36 88 54
36 89 38
37 1 15
37 2 4
37 3 75
37 4 69
37 5 32
37 6 6
37 7 58
37 8 24
37 9 16
37 10 85
37 11 40
37 12 66
37 13 45
37 14 72
37 15 67
37 16 46
37 17 55
37 18 33
37 19 65
37 20 13
37 21 19
37 22 14
37 23 48
37 24 27
37 25 28
37 26 35
37 27 84
37 28 39
37 29 80
37 30 73
37 31 10
37 32 81
37 33 41
37 34 11
37 35 79
37 36 30
37 37 44
37 38 20
37 39 43
37 40 21
37 41 25
37 42 47
37 43 31
37 44 49
37 45 0
37 46 89
37 47 29
37 48 34
37 49 59
37 50 54
37 51 51
37 52 53
37 53 1
37 54 74
37 55 87
37 56 64
37 57 50
37 58 42
37 59 78
37 60 38
37 61 12
37 62 82
37 63 63
37 64 26
37 65 7
37 66 70
37 67 36
37 68 83
37 69 76
37 70 86
37 71 62
37 72 22
37 73 71
37 74 2
37 75 77
37 76 52
37 77 56
37 78 3
37 79 61
37 80 60
37 81 17
37 82 9
37 83 18
37 84 8
37 85 88
37 86 5
37 87 57
37 88 68
37 89 23
38 1 8
38 2 84
38 3 76
38 4 43
38 5 75
38 6 59
38 7 35
38 8 72
38 9 66
38 10 14
38 11 28
38 12 63
38 13 61
38 14 50
38 15 26
38 16 3
38 17 64
38 18 79
38 19 89
38 20 69
38 21 82
38 22 74
38 23 40
38 24 65
38 25 20
38 26 68
38 27 67
38 28 87
38 29 6
38 30 1
38 31 2
38 32 23
38 33 83
38 34 12
38 35 31
38 36 18
38 37 51
38 38 73
38 39 46
38 40 54
38 41 22
38 42 0
38 43 81
38 44 4
38 45 27
38 46 34
38 47 86
38 48 13
38 49 24
38 50 21
38 51 71
38 52 17
38 53 11
38 54 58
38 55 36
38 56 70
38 57 42
38 58 49
38 59 57
38 60 30
38 61 5
38 62 19
38 63 32
38 64 77
38 65 85
38 66 45
38 67 10
38 68 29
38 69 55
38 70 39
38 71 37
38 72 52
38 73 44
38 74 62
38 75 53
38 76 7
38 77 15
38 78 60
38 79 47
38 80 78
38 81 16
38 82 56
38 83 80
38 84 9
38 85 41
38 86 33
38 87 88
38 88 48
38 89 25
39 1 34
39 2 81
39 3 23
39 4 51
39 5 49
39 6 61
39 7 15
39 8 10
39 9 35
39 10 6
39 11 64
39 12 78
39 13 36
39 14 33
39 15 19
39 16 21
39 17 48
39 18 20
39 19 1
39 20 63
39 21 56
39 22 8
39 23 41
39 24 4
39 25 11
39 26 18
39 27 0
39 28 84
39 29 38
39 30 40
39 31 72
39 32 16
39 33 13
39 34 73
39 35 67
39 36 77
39 37 88
39 38 82
39 39 22
39 40 30
39 41 44
39 42 7
39 43 26
39 44 27
39 45 85
39 46 79
39 47 62
39 48 52
39 49 87
39 50 5
39 51 76
39 52 89
39 53 12
39 54 24
39 55 37
39 56 50
39 57 3
39 58 46
39 59 31
39 60 74
39 61 66
39 62 53
39 63 17
39 64 60
39 65 80
39 66 2
39 67 28
39 68 29
39 69 71
39 70 43
39 71 47
39 72 70
39 73 83
39 74 58
39 75 65
39 76 9
39 77 55
39 78 54
39 79 59
39 80 57
39 81 86
39 82 14
39 83 32
39 84 25
39 85 42
39 86 45
39 87 75
39 88 69
39 89 68
40 1 67
40 2 6
40 3 43
40 4 8
40 5 54
40 6 85
40 7 24
40 8 46
40 9 21
40 10 14
40 11 26
40 12 66
40 13 48
40 14 62
40 15 35
40 16 74
40 17 16
40 18 27
40 19 84
40 20 9
40 21 80
40 22 37
40 23 0
40 24 28
40 25 23
40 26 63
40 27 57
40 28 36
40 29 42
40 30 61
40 31 30
40 32 70
40 33 25
40 34 72
40 35 68
40 36 59
40 37 87
40 38 76
40 39 34
40 40 86
40 41 15
40 42 55
40 43 31
40 44 52
40 45 88
40 46 29
40 47 47
40 48 53
40 49 3
40 50 17
40 51 5
40 52 39
40 53 12
40 54 78
40 55 38
40 56 10
40 57 65
40 58 45
40 59 33
40 60 49
40 61 64
40 62 77
40 63 2
40 64 75
40 65 44
40 66 89
40 67 58
40 68 79
40 69 83
40 70 81
40 71 71
40 72 41
40 73 69
40 74 51
40 75 18
40 76 73
40 77 11
40 78 13
40 79 19
40 80 82
40 81 50
40 82 56
40 83 7
40 84 22
40 85 32
40 86 1
40 87 20
40 88 4
40 89 60
41 1 65
41 2 2
41 3 33
41 4 7
41 5 80
41 6 58
41 7 20
41 8 22
41 9 60
41 10 59
41 11 19
41 12 35
41 13 11
41 14 75
41 15 71
41 16 67
41 17 12
41 18 13
41 19 81
41 20 30
41 21 29
41 22 39
41 23 43
41 24 40
41 25 73
41 26 42
41 27 85
41 28 4
41 29 61
41 30 5
41 31 27
41 32 3
41 33 17
41 34 68
41 35 23
41 36 51
41 37 54
41 38 82
41 39 70
41 40 16
41 41 69
41 42 79
41 43 45
41 44 89
41 45 37
41 46 66
41 47 76
41 48 72
41 49 1
41 50 57
41 51 14
41 52 74
41 53 46
41 54 10
41 55 64
41 56 53
41 57 6
41 58 49
41 59 87
41 60 24
41 61 86
41 62 47
41 63 84
41 64 36
41 65 77
41 66 31
41 67 48
41 68 18
41 69 34
41 70 44
41 71 56
41 72 38
41 73 78
41 74 25
41 75 63
41 76 83
41 77 28
41 78 55
41 79 9
41 80 50
41 81 15
41 82 32
41 83 62
41 84 52
41 85 21
41 86 26
41 87 0
41 88 88
41 89 8
42 1 38
42 2 62
42 3 74
42 4 86
42 5 80
42 6 54
42 7 30
42 8 55
42 9 26
42 10 19
42 11 67
42 12 85
42 13 48
42 14 51
42 15 11
42 16 20
42 17 45
42 18 49
42 19 15
42 20 65
42 21 79
42 22 66
42 23 72
42 24 33
42 25 61
42 26 2
42 27 4
42 28 36
42 29 73
42 30 41
42 31 60
42 32 5
42 33 46
42 34 63
42 35 40
42 36 59
42 37 76
42 38 21
42 39 25
42 40 9
42 41 56
42 42 27
42 43 58
42 44 8
42 45 69
42 46 28
42 47 44
42 48 81
42 49 70
42 50 24
42 51 89
42 52 82
42 53 52
42 54 64
42 55 57
42 56 3
42 57 88
42 58 53
42 59 13
42 60 83
42 61 23
42 62 43
42 63 87
42 64 47
42 65 39
42 66 84
42 67 18
42 68 22
42 69 31
42 70 29
42 71 17
42 72 0
42 73 78
42 74 6
42 75 68
42 76 32
42 77 7
42 78 71
42 79 14
42 80 37
42 81 1
42 82 50
42 83 10
42 84 34
42 85 12
42 86 35
42 87 77
42 88 16
42 89 75
43 1 51
43 2 21
43 3 13
43 4 64
43 5 66
43 6 84
43 7 53
43 8 27
43 9 33
43 10 29
43 11 44
43 12 73
43 13 72
43 14 3
43 15 23
43 16 55
43 17 58
43 18 54
43 19 87
43 20 12
43 21 89
43 22 37
43 23 71
43 24 83
43 25 18
43 26 22
43 27 7
43 28 48
43 29 63
43 30 45
43 31 47
43 32 8
43 33 76
43 34 19
43 35 25
43 36 32
43 37 17
43 38 36
43 39 38
43 40 5
43 41 30
43 42 88
43 43 2
43 44 10
43 45 78
43 46 28
43 47 69
43 48 1
43 49 56
43 50 31
43 51 80
43 52 6
43 53 34
43 54 79
43 55 82
43 56 42
43 57 15
43 58 70
43 59 41
43 60 9
43 61 67
43 62 0
43 63 35
43 64 39
43 65 62
43 66 52
43 67 74
43 68 81
43 69 85
43 70 49
43 71 4
43 72 75
43 73 86
43 74 26
43 75 20
43 76 11
43 77 40
43 78 14
43 79 68
43 80 65
43 81 16
43 82 77
43 83 57
43 84 24
43 85 61
43 86 59
43 87 50
43 88 46
43 89 60
44 1 59
44 2 68
44 3 0
44 4 6
44 5 50
44 6 47
44 7 35
44 8 84
44 9 40
44 10 70
44 11 31
44 12 61
44 13 78
44 14 7
44 15 43
44 16 69
44 17 46
44 18 56
44 19 60
44 20 34
44 21 67
44 22 18
44 23 80
44 24 30
44 25 28
44 26 63
44 27 64
44 28 9
44 29 8
44 30 54
44 31 27
44 32 81
44 33 48
44 34 74
44 35 42
44 36 38
44 37 86
44 38 53
44 39 76
44 40 29
44 41 13
44 42 66
44 43 77
44 44 51
44 45 72
44 46 83
44 47 65
44 48 88
44 49 17
44 50 36
44 51 20
44 52 14
44 53 2
44 54 58
44 55 45
44 56 62
44 57 85
44 58 24
44 59 25
44 60 19
44 61 52
44 62 15
44 63 32
44 64 11
44 65 37
44 66 87
44 67 79
44 68 75
44 69 41
44 70 49
44 71 10
44 72 4
44 73 23
44 74 21
44 75 89
44 76 12
44 77 73
44 78 5
44 79 22
44 80 39
44 81 57
44 82 16
44 83 82
44 84 3
44 85 1
44 86 26
44 87 55
44 88 33
44 89 71
45 1 29
45 2 27
45 3 23
45 4 76
45 5 78
45 6 65
45 7 33
45 8 39
45 9 46
45 10 37
45 11 10
45 12 4
45 13 47
45 14 12
45 15 20
45 16 28
45 17 72
45 18 75
45 19 62
45 20 1
45 21 52
45 22 18
45 23 38
45 24 84
45 25 40
45 26 74
45 27 53
45 28 83
45 29 48
45 30 30
45 31 56
45 32 8
45 33 32
45 34 51
45 35 22
45 36 14
45 37 64
45 38 50
45 39 2
45 40 58
45 41 5
45 42 35
45 43 21
45 44 81
45 45 60
45 46 17
45 47 16
45 48 63
45 49 89
45 50 80
45 51 25
45 52 57
45 53 44
45 54 7
45 55 79
45 56 77
45 57 73
45 58 87
45 59 26
45 60 85
45 61 42
45 62 31
45 63 61
45 64 0
45 65 43
45 66 70
45 67 15
45 68 49
45 69 68
45 70 11
45 71 36
45 72 6
45 73 55
45 74 9
45 75 69
45 76 34
45 77 54
45 78 13
45 79 82
45 80 3
45 81 71
45 82 41
45 83 24
45 84 59
45 85 66
45 86 19
45 87 88
45 88 86
45 89 67
46 1 65
46 2 41
46 3 53
46 4 32
46 5 62
46 6 45
46 7 52
46 8 8
46 9 14
46 10 13
46 11 48
46 12 54
46 13 2
46 14 29
46 15 47
46 16 70
46 17 50
46 18 86
46 19 55
46 20 78
46 21 76
46 22 39
46 23 33
46 24 82
46 25 5
46 26 25
46 27 40
46 28 28
46 29 9
46 30 89
46 31 26
46 32 72
46 33 75
46 34 31
46 35 0
46 36 51
46 37 1
46 38 49
46 39 23
46 40 63
46 41 88
46 42 35
46 43 85
46 44 67
46 45 30
46 46 69
46 47 80
46 48 44
46 49 27
46 50 81
46 51 58
46 52 37
46 53 4
46 54 22
46 55 18
46 56 59
46 57 68
46 58 79
46 59 7
46 60 84
46 61 36
46 62 17
46 63 15
46 64 10
46 65 12
46 66 11
46 67 61
46 68 6
46 69 24
46 70 60
46 71 73
46 72 42
46 73 34
46 74 87
46 75 64
46 76 38
46 77 21
46 78 43
46 79 77
46 80 71
46 81 56
46 82 57
46 83 20
46 84 19
46 85 83
46 86 74
46 87 3
46 88 66
46 89 16
47 1 44
47 2 32
47 3 41
47 4 36
47 5 85
47 6 70
47 7 3
47 8 52
47 9 29
47 10 46
47 11 33
47 12 51
47 13 67
47 14 14
47 15 76
47 16 24
47 17 7
47 18 58
47 19 22
47 20 78
47 21 43
47 22 12
47 23 34
47 24 38
47 25 19
47 26 81
47 27 21
47 28 16
47 29 82
47 30 60
47 31 77
47 32 87
47 33 73
47 34 88
47 35 62
47 36 79
47 37 56
47 38 6
47 39 83
47 40 11
47 41 42
47 42 28
47 43 25
47 44 4
47 45 66
47 46 0
47 47 31
47 48 5
47 49 65
47 50 68
47 51 54
47 52 74
47 53 53
47 54 48
47 55 80
47 56 55
47 57 35
47 58 86
47 59 2
47 60 57
47 61 63
47 62 64
47 63 37
47 64 18
47 65 89
47 66 72
47 67 39
47 68 23
47 69 27
47 70 9
47 71 8
47 72 49
47 73 26
47 74 1
47 75 30
47 76 59
47 77 75
47 78 20
47 79 40
47 80 50
47 81 71
47 82 45
47 83 13
47 84 10
47 85 17
47 86 61
47 87 15
47 88 84
47 89 69
48 1 39
48 2 12
48 3 14
48 4 63
48 5 59
48 6 6
48 7 42
48 8 69
48 9 38
48 10 44
48 11 25
48 12 82
48 13 88
48 14 29
48 15 26
48 16 28
48 17 65
48 18 46
48 19 62
48 20 16
48 21 79
48 22 72
48 23 37
48 24 89
48 25 64
48 26 9
48 27 0
48 28 66
48 29 85
48 30 30
48 31 35
48 32 3
48 33 83
48 34 54
48 35 56
48 36 32
48 37 31
48 38 45
48 39 58
48 40 41
48 41 57
48 42 70
48 43 22
48 44 60
48 45 5
48 46 55
48 47 33
48 48 73
48 49 13
48 50 10
48 51 11
48 52 81
48 53 49
48 54 51
48 55 4
48 56 15
48 57 53
48 58 18
48 59 7
48 60 77
48 61 80
48 62 23
48 63 19
48 64 67
48 65 24
48 66 36
48 67 52
48 68 40
48 69 17
48 70 34
48 71 8
48 72 68
48 73 50
48 74 20
48 75 47
48 76 74
48 77 86
48 78 27
48 79 43
48 80 1
48 81 76
48 82 2
48 83 75
48 84 71
48 85 21
48 86 87
48 87 61
48 88 84
48 89 78
49 1 87
49 2 83
49 3 55
49 4 84
49 5 68
49 6 1
49 7 5
49 8 33
49 9 67
49 10 76
49 11 57
49 12 20
49 13 43
49 14 25
49 15 85
49 16 62
49 17 6
49 18 50
49 19 79
49 20 18
49 21 80
49 22 32
49 23 14
49 24 17
49 25 19
49 26 52
49 27 46
49 28 89
49 29 64
49 30 9
49 31 40
49 32 7
49 33 60
49 34 63
49 35 29
49 36 54
49 37 37
49 38 42
49 39 59
49 40 24
49 41 34
49 42 88
49 43 31
49 44 78
49 45 51
49 46 35
49 47 2
49 48 16
49 49 12
49 50 70
49 51 48
49 52 44
49 53 26
49 54 36
49 55 45
49 56 73
49 57 11
49 58 86
49 59 77
49 60 30
49 61 75
49 62 81
49 63 53
49 64 65
49 65 3
49 66 22
49 67 58
49 68 66
49 69 82
49 70 0
49 71 61
49 72 39
49 73 15
49 74 47
49 75 4
49 76 69
49 77 21
49 78 38
49 79 41
49 80 74
49 81 28
49 82 13
49 83 8
49 84 72
49 85 23
49 86 27
49 87 56
49 88 10
49 89 71
50 1 79
50 2 23
50 3 5
50 4 26
50 5 62
50 6 70
50 7 0
50 8 82
50 9 68
50 10 83
50 11 72
50 12 52
50 13 28
50 14 16
50 15 7
50 16 30
50 17 3
50 18 46
50 19 78
50 20 20
50 21 21
50 22 6
50 23 54
50 24 74
50 25 75
50 26 42
50 27 29
50 28 18
50 29 87
50 30 15
50 31 35
50 32 11
50 33 41
50 34 89
50 35 85
50 36 43
50 37 44
50 38 2
50 39 56
50 40 49
50 41 55
50 42 65
50 43 63
50 44 51
50 45 17
50 46 77
50 47 39
50 48 61
50 49 22
50 50 4
50 51 8
50 52 24
50 53 80
50 54 27
50 55 76
50 56 9
50 57 34
50 58 31
50 59 64
50 60 53
50 61 73
50 62 19
50 63 86
50 64 60
50 65 14
50 66 67
50 67 37
50 68 84
50 69 36
50 70 40
50 71 47
50 72 66
50 73 12
50 74 88
50 75 48
50 76 57
50 77 33
50 78 1
50 79 10
50 80 45
50 81 32
50 82 38
50 83 59
50 84 58
50 85 13
50 86 69
50 87 81
50 88 71
50 89 25
51 1 66
51 2 4
51 3 77
51 4 84
51 5 2
51 6 25
51 7 70
51 8 5
51 9 11
51 10 88
51 11 28
51 12 29
51 13 20
51 14 8
51 15 12
51 16 46
51 17 57
51 18 7
51 19 47
51 20 83
51 21 50
51 22 36
51 23 1
51 24 75
51 25 21
51 26 10
51 27 24
51 28 69
51 29 43
51 30 45
51 31 86
51 32 71
51 33 64
51 34 16
51 35 14
51 36 6
51 37 61
51 38 40
51 39 44
51 40 49
51 41 34
51 42 56
51 43 42
51 44 82
51 45 53
51 46 18
51 47 19
51 48 26
51 49 13
51 50 81
51 51 55
51 52 3
51 53 27
51 54 65
51 55 85
51 56 9
51 57 73
51 58 87
51 59 17
51 60 59
51 61 32
51 62 60
51 63 15
51 64 35
51 65 62
51 66 76
51 67 33
51 68 31
51 69 63
51 70 72
51 71 79
51 72 80
51 73 68
51 74 48
51 75 39
51 76 38
51 77 58
51 78 67
51 79 23
51 80 78
51 81 52
51 82 41
51 83 30
51 84 89
51 85 54
51 86 37
51 87 0
51 88 74
51 89 22
52 1 82
52 2 34
52 3 54
52 4 37
52 5 75
52 6 57
52 7 63
52 8 23
52 9 79
52 10 22
52 11 16
52 12 58
52 13 27
52 14 51
52 15 39
52 16 87
52 17 80
52 18 74
52 19 77
52 20 24
52 21 12
52 22 49
52 23 50
52 24 43
52 25 7
52 26 9
52 27 72
52 28 45
52 29 85
52 30 42
52 31 66
52 32 69
52 33 6
52 34 1
52 35 38
52 36 29
52 37 56
52 38 60
52 39 5
52 40 78
52 41 44
52 42 61
52 43 8
52 44 2
52 45 70
52 46 89
52 47 31
52 48 76
52 49 88
52 50 10
52 51 41
52 52 32
52 53 62
52 54 73
52 55 67
52 56 0
52 57 65
52 58 15
52 59 14
52 60 46
52 61 21
52 62 84
52 63 26
52 64 53
52 65 64
52 66 68
52 67 48
52 68 17
52 69 18
52 70 19
52 71 28
52 72 40
52 73 59
52 74 83
52 75 55
52 76 81
52 77 35
52 78 25
52 79 11
52 80 47
52 81 20
52 82 13
52 83 3
52 84 36
52 85 30
52 86 33
52 87 71
52 88 86
52 89 4
53 1 33
53 2 15
53 3 22
53 4 36
53 5 46
53 6 78
53 7 42
53 8 30
53 9 34
53 10 64
53 11 0
53 12 19
53 13 3
53 14 45
53 15 52
53 16 28
53 17 32
53 18 6
53 19 88
53 20 21
53 21 79
53 22 87
53 23 43
53 24 71
53 25 73
53 26 67
53 27 13
53 28 40
53 29 77
53 30 41
53 31 44
53 32 56
53 33 75
53 34 55
53 35 29
53 36 20
53 37 18
53 38 86
53 39 49
53 40 31
53 41 11
53 42 10
53 43 80
53 44 39
53 45 72
53 46 68
53 47 9
53 48 27
53 49 65
53 50 16
53 51 58
53 52 1
53 53 8
53 54 48
53 55 51
53 56 17
53 57 70
53 58 89
53 59 26
53 60 37
53 61 69
53 62 14
53 63 25
53 64 63
53 65 81
53 66 24
53 67 57
53 68 38
53 69 76
53 70 74
53 71 50
53 72 4
53 73 47
53 74 5
53 75 82
53 76 59
53 77 85
53 78 83
53 79 7
53 80 2
53 81 54
53 82 60
53 83 12
53 84 62
53 85 61
53 86 84
53 87 66
53 88 35
53 89 23
54 1 10
54 2 85
54 3 22
54 4 62
54 5 80
54 6 27
54 7 52
54 8 32
54 9 20
54 10 15
54 11 24
54 12 14
54 13 46
54 14 31
54 15 82
54 16 65
54 17 30
54 18 75
54 19 19
54 20 40
54 21 37
54 22 61
54 23 87
54 24 67
54 25 77
54 26 76
54 27 73
54 28 8
54 29 69
54 30 4
54 31 59
54 32 33
54 33 66
54 34 57
54 35 55
54 36 56
54 37 12
54 38 74
54 39 44
54 40 9
54 41 34
54 42 25
54 43 72
54 44 18
54 45 5
54 46 79
54 47 29
54 48 2
54 49 78
54 50 17
54 51 48
54 52 43
54 53 51
54 54 23
54 55 1
54 56 21
54 57 13
54 58 28
54 59 68
54 60 63
54 61 88
54 62 50
54 63 38
54 64 16
54 65 41
54 66 26
54 67 47
54 68 58
54 69 49
54 70 81
54 71 35
54 72 84
54 73 71
54 74 42
54 75 39
54 76 11
54 77 7
54 78 64
54 79 3
54 80 89
54 81 0
54 82 36
54 83 6
54 84 83
54 85 60
54 86 45
54 87 86
54 88 70
54 89 53
55 1 77
55 2 67
55 3 20
55 4 70
55 5 60
55 6 12
55 7 45
55 8 84
55 9 29
55 10 73
55 11 19
55 12 82
55 13 79
55 14 85
55 15 57
55 16 51
55 17 3
55 18 80
55 19 2
55 20 86
55 21 1
55 22 24
55 23 63
55 24 72
55 25 10
55 26 30
55 27 7
55 28 5
55 29 37
55 30 9
55 31 23
55 32 27
55 33 58
55 34 49
55 35 44
55 36 0
55 37 13
55 38 43
55 39 28
55 40 35
55 41 26
55 42 64
55 43 11
55 44 41
55 45 66
55 46 47
55 47 89
55 48 52
55 49 22
55 50 56
55 51 76
55 52 8
55 53 59
55 54 53
55 55 68
55 56 4
55 57 88
55 58 48
55 59 62
55 60 69
55 61 33
55 62 87
55 63 25
55 64 6
55 65 31
55 66 54
55 67 46
55 68 16
55 69 71
55 70 38
55 71 61
55 72 32
55 73 39
55 74 40
55 75 78
55 76 75
55 77 21
55 78 17
55 79 34
55 80 18
55 81 50
55 82 65
55 83 15
55 84 81
55 85 14
55 86 74
55 87 42
55 88 83
55 89 36
56 1 46
56 2 55
56 3 8
56 4 39
56 5 13
56 6 48
56 7 78
56 8 68
56 9 40
56 10 62
56 11 31
56 12 26
56 13 71
56 14 65
56 15 36
56 16 27
56 17 75
56 18 21
56 19 51
56 20 7
56 21 63
56 22 10
56 23 11
56 24 58
56 25 76
56 26 24
56 27 29
56 28 53
56 29 37
56 30 54
56 31 2
56 32 86
56 33 22
56 34 45
56 35 19
56 36 73
56 37 9
56 38 20
56 39 57
56 40 14
56 41 33
56 42 28
56 43 35
56 44 3
56 45 17
56 46 82
56 47 80
56 48 72
56 49 60
56 50 88
56 51 5
56 52 81
56 53 18
56 54 43
56 55 66
56 56 83
56 57 67
56 58 42
56 59 61
56 60 25
56 61 32
56 62 16
56 63 84
56 64 74
56 65 89
56 66 1
56 67 85
56 68 64
56 69 15
56 70 4
56 71 77
56 72 44
56 73 79
56 74 12
56 75 50
56 76 38
56 77 34
56 78 49
56 79 0
56 80 30
56 81 23
56 82 87
56 83 47
56 84 6
56 85 52
56 86 69
56 87 59
56 88 41
56 89 70
57 1 18
57 2 65
57 3 55
57 4 42
57 5 30
57 6 1
57 7 83
57 8 62
57 9 69
57 10 86
57 11 88
57 12 47
57 13 43
57 14 25
57 15 32
57 16 24
57 17 44
57 18 8
57 19 23
57 20 71
57 21 75
57 22 20
57 23 50
57 24 29
57 25 31
57 26 63
57 27 40
57 28 73
57 29 76
57 30 41
57 31 34
57 32 15
57 33 78
57 34 35
57 35 19
57 36 3
57 37 22
57 38 67
57 39 33
57 40 5
57 41 89
57 42 68
57 43 14
57 44 17
57 45 0
57 46 16
57 47 59
57 48 53
57 49 82
57 50 64
57 51 39
57 52 70
57 53 52
57 54 36
57 55 77
57 56 60
57 57 84
57 58 46
57 59 45
57 60 56
57 61 11
57 62 28
57 63 38
57 64 6
57 65 85
57 66 61
57 67 54
57 68 2
57 69 48
57 70 72
57 71 27
57 72 66
57 73 37
57 74 80
57 75 81
57 76 26
57 77 9
57 78 21
57 79 4
57 80 58
57 81 49
57 82 79
57 83 74
57 84 13
57 85 51
57 86 10
57 87 12
57 88 87
57 89 7
58 1 11
58 2 59
58 3 39
58 4 9
58 5 28
58 6 27
58 7 19
58 8 66
58 9 8
58 10 81
58 11 82
58 12 70
58 13 2
58 14 57
58 15 37
58 16 85
58 17 25
58 18 72
58 19 43
58 20 83
58 21 30
58 22 49
58 23 56
58 24 32
58 25 42
58 26 17
58 27 3
58 28 75
58 29 53
58 30 45
58 31 20
58 32 7
58 33 71
58 34 89
58 35 69
58 36 64
58 37 52
58 38 60
58 39 21
58 40 87
58 41 46
58 42 78
58 43 65
58 44 12
58 45 84
58 46 77
58 47 18
58 48 0
58 49 1
58 50 76
58 51 41
58 52 23
58 53 86
58 54 61
58 55 63
58 56 62
58 57 51
58 58 14
58 59 22
58 60 79
58 61 24
58 62 15
58 63 5
58 64 29
58 65 88
58 66 4
58 67 10
58 68 54
58 69 74
58 70 68
58 71 26
58 72 35
58 73 44
58 74 80
58 75 36
58 76 67
58 77 6
58 78 73
58 79 34
58 80 33
58 81 31
58 82 13
58 83 55
58 84 50
58 85 47
58 86 48
58 87 40
58 88 16
58 89 38
59 1 69
59 2 3
59 3 39
59 4 27
59 5 6
59 6 51
59 7 58
59 8 5
59 9 62
59 10 31
59 11 75
59 12 55
59 13 28
59 14 4
59 15 42
59 16 12
59 17 53
59 18 54
59 19 70
59 20 46
59 21 1
59 22 25
59 23 37
59 24 30
59 25 34
59 26 49
59 27 52
59 28 76
59 29 22
59 30 32
59 31 78
59 32 45
59 33 17
59 34 81
59 35 8
59 36 80
59 37 83
59 38 66
59 39 15
59 40 88
59 41 87
59 42 57
59 43 2
59 44 7
59 45 21
59 46 20
59 47 82
59 48 68
59 49 77
59 50 64
59 51 29
59 52 13
59 53 26
59 54 73
59 55 23
59 56 72
59 57 67
59 58 48
59 59 84
59 60 85
59 61 24
59 62 14
59 63 36
59 64 41
59 65 18
59 66 43
59 67 19
59 68 33
59 69 40
59 70 50
59 71 47
59 72 10
59 73 9
59 74 60
59 75 0
59 76 89
59 77 63
59 78 56
59 79 71
59 80 11
59 81 38
59 82 74
59 83 44
59 84 79
59 85 86
59 86 35
59 87 61
59 88 16
59 89 65
60 1 86
60 2 89
60 3 42
60 4 1
60 5 21
60 6 26
60 7 38
60 8 63
60 9 67
60 10 54
60 11 41
60 12 52
60 13 62
60 14 25
60 15 56
60 16 33
60 17 23
60 18 48
60 19 11
60 20 0
60 21 77
60 22 2
60 23 58
60 24 76
60 25 64
60 26 14
60 27 43
60 28 49
60 29 84
60 30 85
60 31 46
60 32 29
60 33 17
60 34 66
60 35 82
60 36 65
60 37 39
60 38 50
60 39 4
60 40 24
60 41 79
60 42 71
60 43 51
60 44 7
60 45 30
60 46 44
60 47 20
60 48 59
60 49 73
60 50 57
60 51 88
60 52 69
60 53 53
60 54 83
60 55 18
60 56 40
60 57 5
60 58 80
60 59 13
60 60 74
60 61 27
60 62 34
60 63 31
60 64 32
60 65 78
60 66 87
60 67 15
60 68 81
60 69 68
60 70 6
60 71 36
60 72 45
60 73 3
60 74 70
60 75 55
60 76 9
60 77 22
60 78 75
60 79 12
60 80 19
60 81 35
60 82 37
60 83 72
60 84 16
60 85 47
60 86 28
60 87 61
60 88 10
60 89 8
61 1 29
61 2 3
61 3 7
61 4 9
61 5 39
61 6 76
61 7 30
61 8 60
61 9 4
61 10 12
61 11 71
61 12 62
61 13 58
61 14 11
61 15 18
61 16 80
61 17 20
61 18 48
61 19 22
61 20 50
61 21 8
61 22 73
61 23 40
61 24 1
61 25 37
61 26 81
61 27 46
61 28 72
61 29 44
61 30 42
61 31 54
61 32 49
61 33 63
61 34 68
61 35 78
61 36 70
61 37 77
61 38 52
61 39 53
61 40 32
61 41 24
61 42 51
61 43 41
61 44 57
61 45 67
61 46 56
61 47 89
61 48 85
61 49 86
61 50 82
61 51 59
61 52 34
61 53 45
61 54 25
61 55 27
61 56 64
61 57 88
61 58 75
61 59 74
61 60 79
61 61 55
61 62 16
61 63 69
61 64 35
61 65 23
61 66 10
61 67 47
61 68 31
61 69 6
61 70 66
61 71 14
61 72 38
61 73 21
61 74 87
61 75 43
61 76 15
61 77 0
61 78 13
61 79 5
61 80 36
61 81 19
61 82 2
61 83 17
61 84 84
61 85 33
61 86 28
61 87 65
61 88 83
61 89 26
62 1 68
62 2 65
62 3 11
62 4 13
62 5 44
62 6 72
62 7 76
62 8 4
62 9 1
62 10 73
62 11 81
62 12 27
62 13 33
62 14 64
62 15 55
62 16 54
62 17 52
62 18 17
62 19 79
62 20 32
62 21 34
62 22 10
62 23 40
62 24 31
62 25 0
62 26 67
62 27 14
62 28 70
62 29 25
62 30 50
62 31 58
62 32 8
62 33 80
62 34 22
62 35 53
62 36 6
62 37 9
62 38 43
62 39 51
62 40 47
62 41 57
62 42 84
62 43 39
62 44 89
62 45 29
62 46 66
62 47 63
62 48 20
62 49 37
62 50 60
62 51 7
62 52 26
62 53 88
62 54 12
62 55 36
62 56 85
62 57 2
62 58 75
62 59 77
62 60 59
62 61 3
62 62 74
62 63 18
62 64 5
62 65 28
62 66 86
62 67 35
62 68 83
62 69 38
62 70 46
62 71 45
62 72 71
62 73 23
62 74 56
62 75 49
62 76 82
62 77 69
62 78 24
62 79 30
62 80 41
62 81 19
62 82 48
62 83 16
62 84 42
62 85 15
62 86 87
62 87 78
62 88 21
62 89 61
63 1 41
63 2 4
63 3 48
63 4 2
63 5 3
63 6 39
63 7 35
63 8 74
63 9 38
63 10 85
63 11 30
63 12 77
63 13 67
63 14 88
63 15 21
63 16 54
63 17 75
63 18 45
63 19 24
63 20 82
63 21 20
63 22 5
63 23 7
63 24 12
63 25 52
63 26 28
63 27 6
63 28 17
63 29 46
63 30 0
63 31 58
63 32 27
63 33 71
63 34 16
63 35 76
63 36 18
63 37 78
63 38 13
63 39 14
63 40 40
63 41 57
63 42 66
63 43 19
63 44 22
63 45 49
63 46 56
63 47 62
63 48 26
63 49 80
63 50 11
63 51 31
63 52 72
63 53 87
63 54 89
63 55 32
63 56 47
63 57 44
63 58 84
63 59 33
63 60 59
63 61 79
63 62 55
63 63 65
63 64 70
63 65 86
63 66 81
63 67 10
63 68 73
63 69 83
63 70 69
63 71 43
63 72 15
63 73 34
63 74 60
63 75 9
63 76 61
63 77 68
63 78 42
63 79 1
63 80 64
63 81 23
63 82 8
63 83 37
63 84 29
63 85 53
63 86 25
63 87 51
63 88 50
63 89 36
64 1 46
64 2 87
64 3 40
64 4 54
64 5 11
64 6 65
64 7 31
64 8 4
64 9 28
64 10 29
64 11 21
64 12 89
64 13 37
64 14 27
64 15 80
64 16 56
64 17 15
64 18 5
64 19 36
64 20 26
64 21 16
64 22 43
64 23 81
64 24 71
64 25 79
64 26 83
64 27 68
64 28 17
64 29 45
64 30 72
64 31 67
64 32 22
64 33 0
64 34 24
64 35 73
64 36 6
64 37 76
64 38 78
64 39 14
64 40 30
64 41 85
64 42 66
64 43 18
64 44 10
64 45 53
64 46 7
64 47 2
64 48 44
64 49 48
64 50 61
64 51 13
64 52 35
64 53 25
64 54 62
64 55 8
64 56 19
64 57 49
64 58 75
64 59 63
64 60 33
64 61 38
64 62 86
64 63 9
64 64 70
64 65 57
64 66 60
64 67 3
64 68 41
64 69 12
64 70 77
64 71 34
64 72 69
64 73 42
64 74 1
64 75 20
64 76 51
64 77 58
64 78 88
64 79 32
64 80 59
64 81 39
64 82 82
64 83 74
64 84 47
64 85 52
64 86 23
64 87 55
64 88 84
64 89 50
65 1 63
65 2 87
65 3 83
65 4 38
65 5 85
65 6 61
65 7 73
65 8 4
65 9 70
65 10 54
65 11 17
65 12 64
65 13 45
65 14 55
65 15 11
65 16 14
65 17 82
65 18 13
65 19 6
65 20 67
65 21 23
65 22 8
65 23 68
65 24 40
65 25 41
65 26 5
65 27 62
65 28 34
65 29 16
65 30 75
65 31 71
65 32 51
65 33 52
65 34 56
65 35 48
65 36 31
65 37 44
65 38 86
65 39 81
65 40 22
65 41 20
65 42 24
65 43 60
65 44 50
65 45 66
65 46 27
65 47 57
65 48 9
65 49 35
65 50 28
65 51 15
65 52 43
65 53 80
65 54 72
65 55 0
65 56 3
65 57 69
65 58 89
65 59 79
65 60 2
65 61 47
65 62 53
65 63 7
65 64 77
65 65 12
65 66 49
65 67 32
65 68 30
65 69 1
65 70 46
65 71 19
65 72 58
65 73 36
65 74 33
65 75 26
65 76 39
65 77 74
65 78 76
65 79 84
65 80 10
65 81 29
65 82 18
65 83 37
65 84 59
65 85 25
65 86 42
65 87 88
65 88 21
65 89 78
66 1 50
66 2 5
66 3 64
66 4 73
66 5 83
66 6 80
66 7 14
66 8 34
66 9 59
66 10 77
66 11 78
66 12 33
66 13 62
66 14 2
66 15 79
66 16 51
66 17 40
66 18 23
66 19 69
66 20 65
66 21 27
66 22 42
66 23 84
66 24 75
66 25 53
66 26 16
66 27 8
66 28 74
66 29 28
66 30 37
66 31 12
66 32 63
66 33 54
66 34 13
66 35 31
66 36 43
66 37 20
66 38 52
66 39 21
66 40 11
66 41 39
66 42 46
66 43 47
66 44 76
66 45 60
66 46 0
66 47 44
66 48 56
66 49 25
66 50 55
66 51 29
66 52 58
66 53 48
66 54 22
66 55 85
66 56 6
66 57 88
66 58 38
66 59 67
66 60 89
66 61 26
66 62 35
66 63 1
66 64 10
66 65 24
66 66 82
66 67 81
66 68 17
66 69 57
66 70 30
66 71 36
66 72 32
66 73 9
66 74 41
66 75 3
66 76 72
66 77 15
66 78 71
66 79 68
66 80 7
66 81 70
66 82 87
66 83 49
66 84 4
66 85 18
66 86 19
66 87 86
66 88 45
66 89 61
67 1 32
67 2 1
67 3 45
67 4 68
67 5 12
67 6 54
67 7 7
67 8 11
67 9 9
67 10 76
67 11 65
67 12 18
67 13 72
67 14 43
67 15 41
67 16 25
67 17 33
67 18 80
67 19 88
67 20 19
67 21 4
67 22 51
67 23 73
67 24 49
67 25 58
67 26 87
67 27 71
67 28 82
67 29 3
67 30 64
67 31 24
67 32 52
67 33 59
67 34 15
67 35 14
67 36 17
67 37 47
67 38 13
67 39 28
67 40 2
67 41 60
67 42 27
67 43 57
67 44 89
67 45 79
67 46 37
67 47 81
67 48 77
67 49 20
67 50 21
67 51 56
67 52 22
67 53 42
67 54 23
67 55 34
67 56 16
67 57 50
67 58 39
67 59 36
67 60 84
67 61 35
67 62 30
67 63 29
67 64 44
67 65 70
67 66 53
67 67 48
67 68 5
67 69 38
67 70 61
67 71 6
67 72 46
67 73 69
67 74 63
67 75 78
67 76 75
67 77 86
67 78 26
67 79 31
67 80 83
67 81 10
67 82 66
67 83 8
67 84 62
67 85 40
67 86 0
67 87 74
67 88 85
67 89 55
68 1 69
68 2 83
68 3 88
68 4 61
68 5 44
68 6 73
68 7 8
68 8 84
68 9 74
68 10 47
68 11 66
68 12 2
68 13 43
68 14 82
68 15 14
68 16 80
68 17 41
68 18 78
68 19 53
68 20 27
68 21 21
68 22 6
68 23 26
68 24 33
68 25 75
68 26 11
68 27 9
68 28 89
68 29 1
68 30 40
68 31 71
68 32 4
68 33 30
68 34 24
68 35 18
68 36 86
68 37 3
68 38 72
68 39 5
68 40 62
68 41 13
68 42 17
68 43 31
68 44 20
68 45 46
68 46 39
68 47 56
68 48 87
68 49 37
68 50 59
68 51 77
68 52 7
68 53 28
68 54 10
68 55 42
68 56 16
68 57 35
68 58 0
68 59 38
68 60 15
68 61 25
68 62 57
68 63 85
68 64 58
68 65 64
68 66 63
68 67 54
68 68 55
68 69 65
68 70 76
68 71 22
68 72 48
68 73 79
68 74 50
68 75 70
68 76 32
68 77 51
68 78 81
68 79 67
68 80 23
68 81 52
68 82 60
68 83 36
68 84 34
68 85 12
68 86 49
68 87 45
68 88 19
68 89 29
69 1 65
69 2 48
69 3 40
69 4 9
69 5 33
69 6 32
69 7 24
69 8 59
69 9 10
69 10 46
69 11 14
69 12 77
69 13 15
69 14 42
69 15 0
69 16 87
69 17 74
69 18 61
69 19 3
69 20 13
69 21 89
69 22 19
69 23 45
69 24 22
69 25 67
69 26 31
69 27 34
69 28 49
69 29 37
69 30 17
69 31 44
69 32 60
69 33 78
69 34 28
69 35 35
69 36 52
69 37 70
69 38 20
69 39 16
69 40 38
69 41 57
69 42 2
69 43 76
69 44 50
69 45 18
69 46 68
69 47 66
69 48 43
69 49 53
69 50 6
69 51 36
69 52 64
69 53 30
69 54 47
69 55 79
69 56 11
69 57 82
69 58 29
69 59 23
69 60 83
69 61 25
69 62 88
69 63 81
69 64 8
69 65 7
69 66 12
69 67 26
69 68 71
69 69 62
69 70 73
69 71 39
69 72 51
69 73 80
69 74 63
69 75 56
69 76 54
69 77 1
69 78 72
69 79 85
69 80 84
69 81 58
69 82 27
69 83 21
69 84 4
69 85 5
69 86 75
69 87 41
69 88 55
69 89 86
70 1 2
70 2 71
70 3 19
70 4 67
70 5 55
70 6 42
70 7 25
70 8 12
70 9 60
70 10 83
70 11 8
70 12 46
70 13 26
70 14 23
70 15 15
70 16 80
70 17 21
70 18 7
70 19 35
70 20 87
70 21 36
70 22 88
70 23 41
70 24 52
70 25 33
70 26 66
70 27 82
70 28 18
70 29 6
70 30 43
70 31 50
70 32 13
70 33 3
70 34 10
70 35 45
70 36 28
70 37 62
70 38 14
70 39 34
70 40 74
70 41 5
70 42 47
70 43 63
70 44 29
70 45 81
70 46 89
70 47 69
70 48 84
70 49 32
70 50 16
70 51 49
70 52 24
70 53 20
70 54 0
70 55 58
70 56 59
70 57 56
70 58 22
70 59 31
70 60 30
70 61 78
70 62 27
70 63 11
70 64 37
70 65 85
70 66 76
70 67 38
70 68 53
70 69 64
70 70 48
70 71 39
70 72 72
70 73 79
70 74 75
70 75 68
70 76 44
70 77 57
70 78 40
70 79 1
70 80 77
70 81 51
70 82 4
70 83 61
70 84 86
70 85 9
70 86 73
70 87 17
70 88 54
70 89 65
71 1 56
71 2 69
71 3 46
71 4 28
71 5 53
71 6 4
71 7 44
71 8 36
71 9 11
71 10 52
71 11 78
71 12 86
71 13 20
71 14 82
71 15 63
71 16 29
71 17 25
71 18 18
71 19 21
71 20 10
71 21 65
71 22 38
71 23 50
71 24 61
71 25 58
71 26 24
71 27 39
71 28 33
71 29 84
71 30 23
71 31 70
71 32 68
71 33 54
71 34 67
71 35 59
71 36 32
71 37 27
71 38 19
71 39 89
71 40 49
71 41 72
71 42 3
71 43 26
71 44 48
71 45 62
71 46 30
71 47 41
71 48 64
71 49 15
71 50 45
71 51 37
71 52 60
71 53 12
71 54 31
71 55 79
71 56 66
71 57 6
71 58 51
71 59 81
71 60 75
71 61 5
71 62 40
71 63 16
71 64 1
71 65 85
71 66 8
71 67 83
71 68 0
71 69 88
71 70 76
71 71 55
71 72 9
71 73 13
71 74 2
71 75 7
71 76 74
71 77 35
71 78 22
71 79 57
71 80 77
71 81 43
71 82 17
71 83 34
71 84 87
71 85 42
71 86 80
71 87 47
71 88 73
71 89 14
72 1 33
72 2 35
72 3 84
72 4 40
72 5 45
72 6 10
72 7 43
72 8 68
72 9 1
72 10 29
72 11 51
72 12 59
72 13 4
72 14 82
72 15 7
72 16 39
72 17 66
72 18 71
72 19 23
72 20 19
72 21 37
72 22 81
72 23 69
72 24 78
72 25 47
72 26 15
72 27 16
72 28 9
72 29 87
72 30 52
72 31 3
72 32 6
72 33 60
72 34 55
72 35 31
72 36 26
72 37 80
72 38 88
72 39 50
72 40 61
72 41 73
72 42 53
72 43 48
72 44 62
72 45 79
72 46 18
72 47 14
72 48 85
72 49 76
72 50 28
72 51 86
72 52 2
72 53 70
72 54 25
72 55 22
72 56 27
72 57 83
72 58 54
72 59 21
72 60 8
72 61 49
72 62 58
72 63 44
72 64 24
72 65 38
72 66 77
72 67 41
72 68 63
72 69 65
72 70 11
72 71 89
72 72 42
72 73 0
72 74 75
72 75 34
72 76 30
72 77 5
72 78 12
72 79 56
72 80 74
72 81 17
72 82 36
72 83 64
72 84 32
72 85 67
72 86 20
72 87 46
72 88 13
72 89 57
73 1 71
73 2 51
73 3 32
73 4 75
73 5 57
73 6 59
73 7 13
73 8 11
73 9 21
73 10 89
73 11 35
73 12 88
73 13 0
73 14 44
73 15 83
73 16 30
73 17 47
73 18 2
73 19 49
73 20 31
73 21 67
73 22 38
73 23 19
73 24 48
73 25 34
73 26 50
73 27 53
73 28 16
73 29 82
73 30 80
73 31 81
73 32 72
73 33 64
73 34 23
73 35 77
73 36 63
73 37 10
73 38 27
73 39 17
73 40 54
73 41 52
73 42 12
73 43 74
73 44 28
73 45 41
73 46 22
73 47 18
73 48 56
73 49 70
73 50 62
73 51 58
73 52 61
73 53 24
73 54 14
73 55 37
73 56 9
73 57 43
73 58 7
73 59 5
73 60 3
73 61 25
73 62 40
73 63 1
73 64 42
73 65 6
73 66 65
73 67 55
73 68 46
73 69 87
73 70 20
73 71 85
73 72 78
73 73 39
73 74 45
73 75 69
73 76 66
73 77 29
73 78 26
73 79 79
73 80 84
73 81 33
73 82 86
73 83 76
73 84 60
73 85 15
73 86 68
73 87 36
73 88 8
73 89 4
74 1 54
74 2 16
74 3 18
74 4 40
74 5 63
74 6 85
74 7 60
74 8 24
74 9 9
74 10 6
74 11 53
74 12 50
74 13 45
74 14 48
74 15 26
74 16 89
74 17 41
74 18 4
74 19 15
74 20 79
74 21 12
74 22 32
74 23 83
74 24 69
74 25 51
74 26 0
74 27 62
74 28 31
74 29 37
74 30 38
74 31 39
74 32 3
74 33 2
74 34 47
74 35 20
74 36 11
74 37 58
74 38 55
74 39 27
74 40 36
74 41 70
74 42 76
74 43 61
74 44 57
74 45 82
74 46 22
74 47 30
74 48 28
74 49 84
74 50 21
74 51 44
74 52 1
74 53 33
74 54 81
74 55 8
74 56 46
74 57 68
74 58 23
74 59 42
74 60 43
74 61 87
74 62 17
74 63 75
74 64 71
74 65 19
74 66 64
74 67 10
74 68 29
74 69 80
74 70 13
74 71 52
74 72 66
74 73 77
74 74 73
74 75 72
74 76 59
74 77 86
74 78 88
74 79 67
74 80 14
74 81 35
74 82 56
74 83 7
74 84 78
74 85 49
74 86 65
74 87 34
74 88 5
74 89 25
75 1 25
75 2 80
75 3 57
75 4 52
75 5 23
75 6 72
75 7 41
75 8 87
75 9 69
75 10 62
75 11 22
75 12 55
75 13 85
75 14 86
75 15 45
75 16 89
75 17 7
75 18 79
75 19 43
75 20 10
75 21 68
75 22 17
75 23 66
75 24 84
75 25 40
75 26 39
75 27 54
75 28 27
75 29 82
75 30 47
75 31 26
75 32 6
75 33 74
75 34 8
75 35 46
75 36 2
75 37 34
75 38 71
75 39 24
75 40 49
75 41 32
75 42 36
75 43 88
75 44 13
75 45 15
75 46 31
75 47 83
75 48 50
75 49 11
75 50 28
75 51 76
75 52 59
75 53 60
75 54 61
75 55 81
75 56 63
75 57 58
75 58 65
75 59 44
75 60 20
75 61 56
75 62 18
75 63 37
75 64 14
75 65 51
75 66 38
75 67 5
75 68 3
75 69 12
75 70 64
75 71 21
75 72 16
75 73 70
75 74 33
75 75 53
75 76 78
75 77 19
75 78 9
75 79 30
75 80 67
75 81 48
75 82 29
75 83 35
75 84 77
75 85 4
75 86 73
75 87 42
75 88 1
75 89 0
76 1 48
76 2 56
76 3 60
76 4 5
76 5 6
76 6 55
76 7 16
76 8 80
76 9 4
76 10 47
76 11 12
76 12 17
76 13 8
76 14 2
76 15 14
76 16 13
76 17 69
76 18 57
76 19 50
76 20 77
76 21 66
76 22 49
76 23 21
76 24 65
76 25 18
76 26 0
76 27 3
76 28 72
76 29 24
76 30 63
76 31 26
76 32 27
76 33 22
76 34 53
76 35 30
76 36 34
76 37 67
76 38 86
76 39 7
76 40 32
76 41 73
76 42 45
76 43 75
76 44 87
76 45 40
76 46 41
76 47 85
76 48 25
76 49 52
76 50 23
76 51 46
76 52 71
76 53 59
76 54 83
76 55 74
76 56 28
76 57 15
76 58 10
76 59 51
76 60 89
76 61 64
76 62 35
76 63 82
76 64 37
76 65 39
76 66 20
76 67 1
76 68 81
76 69 78
76 70 11
76 71 62
76 72 88
76 73 44
76 74 19
76 75 68
76 76 29
76 77 61
76 78 38
76 79 54
76 80 33
76 81 84
76 82 9
76 83 79
76 84 58
76 85 31
76 86 36
76 87 43
76 88 70
76 89 42
77 1 9
77 2 42
77 3 87
77 4 10
77 5 21
77 6 44
77 7 7
77 8 62
77 9 3
77 10 45
77 11 24
77 12 13
77 13 4
77 14 81
77 15 11
77 16 59
77 17 63
77 18 85
77 19 56
77 20 49
77 21 83
77 22 86
77 23 30
77 24 28
77 25 58
77 26 8
77 27 15
77 28 79
77 29 32
77 30 64
77 31 0
77 32 66
77 33 40
77 34 43
77 35 73
77 36 75
77 37 46
77 38 20
77 39 25
77 40 33
77 41 23
77 42 84
77 43 6
77 44 82
77 45 51
77 46 53
77 47 26
77 48 57
77 49 88
77 50 37
77 51 80
77 52 14
77 53 60
77 54 50
77 55 47
77 56 17
77 57 16
77 58 72
77 59 54
77 60 68
77 61 19
77 62 76
77 63 55
77 64 70
77 65 22
77 66 67
77 67 52
77 68 41
77 69 5
77 70 34
77 71 89
77 72 38
77 73 48
77 74 18
77 75 36
77 76 35
77 77 1
77 78 29
77 79 12
77 80 65
77 81 69
77 82 27
77 83 2
77 84 31
77 85 78
77 86 71
77 87 39
77 88 61
77 89 74
78 1 59
78 2 31
78 3 34
78 4 67
78 5 85
78 6 66
78 7 12
78 8 81
78 9 7
78 10 61
78 11 22
78 12 16
78 13 73
78 14 76
78 15 1
78 16 80
78 17 44
78 18 21
78 19 33
78 20 23
78 21 71
78 22 10
78 23 52
78 24 65
78 25 86
78 26 5
78 27 37
78 28 63
78 29 89
78 30 15
78 31 0
78 32 46
78 33 18
78 34 54
78 35 11
78 36 79
78 37 40
78 38 4
78 39 68
78 40 64
78 41 57
78 42 29
78 43 60
78 44 3
78 45 48
78 46 36
78 47 2
78 48 55
78 49 53
78 50 28
78 51 88
78 52 32
78 53 17
78 54 51
78 55 6
78 56 30
78 57 45
78 58 56
78 59 50
78 60 82
78 61 8
78 62 83
78 63 14
78 64 9
78 65 42
78 66 84
78 67 38
78 68 13
78 69 24
78 70 62
78 71 75
78 72 77
78 73 43
78 74 47
78 75 39
78 76 58
78 77 70
78 78 26
78 79 27
78 80 72
78 81 19
78 82 35
78 83 41
78 84 25
78 85 69
78 86 20
78 87 74
78 88 87
78 89 49
79 1 57
79 2 71
79 3 77
79 4 42
79 5 88
79 6 86
79 7 8
79 8 56
79 9 31
79 10 1
79 11 18
79 12 68
79 13 51
79 14 53
79 15 43
79 16 41
79 17 81
79 18 37
79 19 30
79 20 19
79 21 7
79 22 58
79 23 73
79 24 6
79 25 82
79 26 39
79 27 10
79 28 13
79 29 22
79 30 28
79 31 83
79 32 35
79 33 47
79 34 72
79 35 52
79 36 66
79 37 14
79 38 4
79 39 65
79 40 26
79 41 61
79 42 87
79 43 69
79 44 36
79 45 45
79 46 76
79 47 64
79 48 23
79 49 50
79 50 59
79 51 62
79 52 70
79 53 24
79 54 29
79 55 78
79 56 49
79 57 67
79 58 89
79 59 21
79 60 74
79 61 80
79 62 48
79 63 38
79 64 60
79 65 20
79 66 32
79 67 25
79 68 33
79 69 46
79 70 84
79 71 0
79 72 15
79 73 63
79 74 27
79 75 2
79 76 85
79 77 5
79 78 34
79 79 54
79 80 40
79 81 55
79 82 75
79 83 11
79 84 9
79 85 44
79 86 16
79 87 17
79 88 3
79 89 12
80 1 5
80 2 20
80 3 21
80 4 68
80 5 48
80 6 46
80 7 1
80 8 7
80 9 2
80 10 28
80 11 88
80 12 84
80 13 13
80 14 40
80 15 29
80 16 9
80 17 47
80 18 51
80 19 4
80 20 19
80 21 85
80 22 79
80 23 10
80 24 30
80 25 36
80 26 60
80 27 72
80 28 0
80 29 26
80 30 18
80 31 3
80 32 61
80 33 62
80 34 58
80 35 41
80 36 69
80 37 32
80 38 25
80 39 56
80 40 37
80 41 83
80 42 49
80 43 57
80 44 86
80 45 81
80 46 54
80 47 65
80 48 78
80 49 89
80 50 39
80 51 14
80 52 64
80 53 74
80 54 43
80 55 73
80 56 52
80 57 50
80 58 38
80 59 71
80 60 67
80 61 53
80 62 33
80 63 82
80 64 8
80 65 44
80 66 42
80 67 63
80 68 76
80 69 11
80 70 77
80 71 55
80 72 35
80 73 75
80 74 16
80 75 70
80 76 59
80 77 15
80 78 12
80 79 66
80 80 87
80 81 6
80 82 34
80 83 23
80 84 24
80 85 45
80 86 31
80 87 27
80 88 17
80 89 22
81 1 3
81 2 84
81 3 37
81 4 83
81 5 39
81 6 63
81 7 38
81 8 32
81 9 34
81 10 56
81 11 11
81 12 22
81 13 27
81 14 76
81 15 30
81 16 78
81 17 28
81 18 69
81 19 12
81 20 47
81 21 82
81 22 87
81 23 17
81 24 25
81 25 18
81 26 49
81 27 15
81 28 21
81 29 44
81 30 61
81 31 88
81 32 52
81 33 68
81 34 80
81 35 5
81 36 16
81 37 66
81 38 9
81 39 29
81 40 14
81 41 72
81 42 2
81 43 75
81 44 54
81 45 58
81 46 48
81 47 71
81 48 79
81 49 36
81 50 57
81 51 60
81 52 67
81 53 51
81 54 62
81 55 89
81 56 24
81 57 77
81 58 26
81 59 73
81 60 46
81 61 33
81 62 64
81 63 35
81 64 1
81 65 50
81 66 42
81 67 59
81 68 55
81 69 40
81 70 23
81 71 74
81 72 13
81 73 53
81 74 41
81 75 0
81 76 43
81 77 8
81 78 70
81 79 31
81 80 6
81 81 85
81 82 4
81 83 45
81 84 65
81 85 20
81 86 19
81 87 7
81 88 10
81 89 86
82 1 1
82 2 48
82 3 63
82 4 7
82 5 59
82 6 0
82 7 12
82 8 66
82 9 76
82 10 16
82 11 5
82 12 30
82 13 74
82 14 70
82 15 13
82 16 25
82 17 38
82 18 65
82 19 23
82 20 47
82 21 83
82 22 35
82 23 60
82 24 28
82 25 41
82 26 22
82 27 34
82 28 72
82 29 11
82 30 73
82 31 24
82 32 14
82 33 54
82 34 45
82 35 89
82 36 56
82 37 44
82 38 46
82 39 75
82 40 64
82 41 52
82 42 69
82 43 29
82 44 84
82 45 58
82 46 62
82 47 61
82 48 20
82 49 51
82 50 81
82 51 50
82 52 78
82 53 39
82 54 15
82 55 17
82 56 80
82 57 4
82 58 27
82 59 19
82 60 57
82 61 49
82 62 10
82 63 8
82 64 43
82 65 26
82 66 32
82 67 87
82 68 53
82 69 37
82 70 33
82 71 68
82 72 31
82 73 55
82 74 79
82 75 86
82 76 85
82 77 6
82 78 42
82 79 2
82 80 3
82 81 18
82 82 71
82 83 77
82 84 21
82 85 36
82 86 88
82 87 40
82 88 9
82 89 67
83 1 78
83 2 26
83 3 75
83 4 63
83 5 45
83 6 72
83 7 79
83 8 29
83 9 30
83 10 86
83 11 74
83 12 28
83 13 17
83 14 65
83 15 44
83 16 71
83 17 8
83 18 51
83 19 3
83 20 31
83 21 43
83 22 13
83 23 6
83 24 32
83 25 36
83 26 22
83 27 64
83 28 50
83 29 73
83 30 12
83 31 57
83 32 16
83 33 35
83 34 82
83 35 68
83 36 19
83 37 27
83 38 23
83 39 24
83 40 10
83 41 21
83 42 52
83 43 70
83 44 84
83 45 59
83 46 58
83 47 14
83 48 54
83 49 15
83 50 20
83 51 40
83 52 53
83 53 60
83 54 4
83 55 62
83 56 81
83 57 87
83 58 47
83 59 88
83 60 39
83 61 2
83 62 66
83 63 7
83 64 42
83 65 61
83 66 89
83 67 69
83 68 76
83 69 67
83 70 77
83 71 5
83 72 11
83 73 41
83 74 49
83 75 34
83 76 0
83 77 25
83 78 37
83 79 80
83 80 85
83 81 33
83 82 48
83 83 18
83 84 1
83 85 9
83 86 38
83 87 46
83 88 55
83 89 56
84 1 12
84 2 23
84 3 77
84 4 81
84 5 3
84 6 15
84 7 72
84 8 75
84 9 79
84 10 32
84 11 43
84 12 20
84 13 28
84 14 2
84 15 7
84 16 74
84 17 87
84 18 33
84 19 24
84 20 44
84 21 17
84 22 78
84 23 57
84 24 29
84 25 6
84 26 59
84 27 30
84 28 38
84 29 89
84 30 69
84 31 1
84 32 55
84 33 5
84 34 56
84 35 9
84 36 82
84 37 25
84 38 16
84 39 19
84 40 68
84 41 37
84 42 71
84 43 8
84 44 62
84 45 35
84 46 4
84 47 85
84 48 80
84 49 76
84 50 45
84 51 14
84 52 52
84 53 42
84 54 70
84 55 39
84 56 40
84 57 61
84 58 83
84 59 41
84 60 13
84 61 64
84 62 63
84 63 67
84 64 65
84 65 53
84 66 26
84 67 66
84 68 86
84 69 31
84 70 46
84 71 36
84 72 21
84 73 49
84 74 0
84 75 73
84 76 47
84 77 50
84 78 18
84 79 58
84 80 48
84 81 11
84 82 60
84 83 27
84 84 88
84 85 22
84 86 51
84 87 34
84 88 10
84 89 54
85 1 33
85 2 50
85 3 9
85 4 82
85 5 88
85 6 52
85 7 3
85 8 58
85 9 32
85 10 60
85 11 89
85 12 43
85 13 7
85 14 48
85 15 79
85 16 68
85 17 23
85 18 24
85 19 65
85 20 67
85 21 12
85 22 16
85 23 11
85 24 76
85 25 20
85 26 54
85 27 34
85 28 17
85 29 8
85 30 73
85 31 30
85 32 77
85 33 86
85 34 39
85 35 41
85 36 49
85 37 14
85 38 15
85 39 74
85 40 13
85 41 61
85 42 26
85 43 45
85 44 36
85 45 57
85 46 21
85 47 66
85 48 83
85 49 37
85 50 40
85 51 42
85 52 71
85 53 59
85 54 80
85 55 75
85 56 47
85 57 1
85 58 19
85 59 25
85 60 6
85 61 18
85 62 81
85 63 28
85 64 38
85 65 53
85 66 72
85 67 51
85 68 10
85 69 35
85 70 2
85 71 5
85 72 44
85 73 55
85 74 78
85 75 22
85 76 70
85 77 56
85 78 27
85 79 69
85 80 4
85 81 29
85 82 0
85 83 31
85 84 64
85 85 63
85 86 46
85 87 84
85 88 62
85 89 87
86 1 66
86 2 15
86 3 47
86 4 60
86 5 22
86 6 16
86 7 73
86 8 20
86 9 0
86 10 42
86 11 62
86 12 49
86 13 78
86 14 45
86 15 83
86 16 26
86 17 37
86 18 2
86 19 48
86 20 50
86 21 23
86 22 69
86 23 12
86 24 76
86 25 35
86 26 61
86 27 55
86 28 84
86 29 72
86 30 87
86 31 80
86 32 9
86 33 64
86 34 82
86 35 21
86 36 70
86 37 8
86 38 13
86 39 41
86 40 53
86 41 32
86 42 89
86 43 88
86 44 24
86 45 77
86 46 28
86 47 3
86 48 6
86 49 46
86 50 38
86 51 58
86 52 30
86 53 67
86 54 52
86 55 40
86 56 17
86 57 11
86 58 54
86 59 18
86 60 81
86 61 36
86 62 59
86 63 51
86 64 39
86 65 79
86 66 57
86 67 4
86 68 56
86 69 43
86 70 31
86 71 75
86 72 27
86 73 14
86 74 19
86 75 5
86 76 33
86 77 63
86 78 29
86 79 1
86 80 34
86 81 65
86 82 68
86 83 71
86 84 44
86 85 25
86 86 85
86 87 7
86 88 10
86 89 74
87 1 12
87 2 23
87 3 47
87 4 38
87 5 2
87 6 63
87 7 25
87 8 9
87 9 18
87 10 50
87 11 37
87 12 75
87 13 10
87 14 28
87 15 76
87 16 54
87 17 80
87 18 55
87 19 44
87 20 46
87 21 48
87 22 69
87 23 78
87 24 24
87 25 11
87 26 68
87 27 29
87 28 85
87 29 86
87 30 53
87 31 66
87 32 60
87 33 13
87 34 82
87 35 31
87 36 88
87 37 14
87 38 64
87 39 65
87 40 71
87 41 33
87 42 3
87 43 34
87 44 67
87 45 20
87 46 26
87 47 16
87 48 83
87 49 72
87 50 17
87 51 19
87 52 30
87 53 1
87 54 7
87 55 73
87 56 51
87 57 6
87 58 52
87 59 49
87 60 59
87 61 62
87 62 40
87 63 57
87 64 39
87 65 32
87 66 42
87 67 89
87 68 79
87 69 56
87 70 45
87 71 58
87 72 5
87 73 70
87 74 4
87 75 43
87 76 21
87 77 36
87 78 22
87 79 35
87 80 15
87 81 0
87 82 74
87 83 77
87 84 27
87 85 81
87 86 61
87 87 41
87 88 84
87 89 8
88 1 18
88 2 12
88 3 75
88 4 86
88 5 31
88 6 27
88 7 7
88 8 74
88 9 2
88 10 87
88 11 70
88 12 62
88 13 20
88 14 10
88 15 80
88 16 36
88 17 38
88 18 69
88 19 61
88 20 56
88 21 89
88 22 49
88 23 40
88 24 45
88 25 4
88 26 34
88 27 50
88 28 73
88 29 17
88 30 16
88 31 71
88 32 19
88 33 60
88 34 77
88 35 65
88 36 44
88 37 26
88 38 24
88 39 41
88 40 85
88 41 58
88 42 33
88 43 67
88 44 52
88 45 9
88 46 47
88 47 28
88 48 43
88 49 64
88 50 21
88 51 39
88 52 54
88 53 55
88 54 68
88 55 84
88 56 22
88 57 57
88 58 79
88 59 72
88 60 23
88 61 48
88 62 46
88 63 11
88 64 0
88 65 5
88 66 83
88 67 59
88 68 81
88 69 8
88 70 32
88 71 13
88 72 63
88 73 25
88 74 1
88 75 76
88 76 37
88 77 78
88 78 53
88 79 51
88 80 15
88 81 3
88 82 14
88 83 30
88 84 35
88 85 66
88 86 6
88 87 42
88 88 29
88 89 82
89 1 54
89 2 24
89 3 70
89 4 61
89 5 79
89 6 46
89 7 83
89 8 27
89 9 78
89 10 64
89 11 9
89 12 55
89 13 23
89 14 1
89 15 66
89 16 41
89 17 2
89 18 80
89 19 39
89 20 63
89 21 0
89 22 25
89 23 84
89 24 88
89 25 74
89 26 57
89 27 52
89 28 35
89 29 26
89 30 76
89 31 13
89 32 53
89 33 8
89 34 71
89 35 45
89 36 30
89 37 5
89 38 31
89 39 3
89 40 69
89 41 29
89 42 15
89 43 86
89 44 11
89 45 7
89 46 58
89 47 47
89 48 65
89 49 36
89 50 42
89 51 85
89 52 51
89 53 48
89 54 72
89 55 59
89 56 20
89 57 16
89 58 67
89 59 34
89 60 21
89 61 87
89 62 6
89 63 40
89 64 44
89 65 10
89 66 56
89 67 49
89 68 22
89 69 14
89 70 60
89 71 82
89 72 37
89 73 28
89 74 38
89 75 75
89 76 62
89 77 77
89 78 12
89 79 68
89 80 32
89 81 4
89 82 19
89 83 18
89 84 50
89 85 43
89 86 17
89 87 33
89 88 73
89 89 81