0 1 8
0 2 49
0 3 52
0 4 38
0 5 15
0 6 39
0 7 47
0 8 7
0 9 42
0 10 35
0 11 18
0 12 61
0 13 5
0 14 54
0 15 14
0 16 48
0 17 19
0 18 3
0 19 43
0 20 53
0 21 12
0 22 20
0 23 40
0 24 13
0 25 36
0 26 26
0 27 60
0 28 6
0 29 29
0 30 11
0 31 4
0 32 2
0 33 27
0 34 58
0 35 57
0 36 64
0 37 56
0 38 51
0 39 41
0 40 63
0 41 1
0 42 25
0 43 23
0 44 22
0 45 16
0 46 28
0 47 44
0 48 37
0 49 32
0 50 62
0 51 10
0 52 45
0 53 34
0 54 59
0 55 17
0 56 21
0 57 50
0 58 30
0 59 31
0 60 9
0 61 55
0 62 33
0 63 24
0 64 46
1 1 57
1 2 52
1 3 29
1 4 64
1 5 7
1 6 46
1 7 25
1 8 62
1 9 12
1 10 42
1 11 23
1 12 59
1 13 5
1 14 28
1 15 40
1 16 47
1 17 11
1 18 36
1 19 51
1 20 58
1 21 14
1 22 26
1 23 53
1 24 32
1 25 63
1 26 0
1 27 44
1 28 54
1 29 35
1 30 16
1 31 13
1 32 38
1 33 20
1 34 10
1 35 30
1 36 50
1 37 18
1 38 2
1 39 55
1 40 6
1 41 34
1 42 37
1 43 31
1 44 22
1 45 21
1 46 3
1 47 27
1 48 48
1 49 8
1 50 33
1 51 45
1 52 9
1 53 15
1 54 4
1 55 41
1 56 60
1 57 17
1 58 19
1 59 39
1 60 61
1 61 24
1 62 43
1 63 49
1 64 56
2 1 13
2 2 57
2 3 58
2 4 53
2 5 3
2 6 20
2 7 54
2 8 35
2 9 49
2 10 31
2 11 50
2 12 29
2 13 39
2 14 41
2 15 16
2 16 63
2 17 8
2 18 6
2 19 52
2 20 27
2 21 44
2 22 48
2 23 18
2 24 5
2 25 38
2 26 59
2 27 37
2 28 64
2 29 40
2 30 45
2 31 51
2 32 28
2 33 21
2 34 19
2 35 11
2 36 14
2 37 17
2 38 10
2 39 46
2 40 22
2 41 23
2 42 60
2 43 1
2 44 55
2 45 32
2 46 62
2 47 26
2 48 33
2 49 25
2 50 34
2 51 15
2 52 43
2 53 24
2 54 56
2 55 12
2 56 0
2 57 42
2 58 30
2 59 7
2 60 9
2 61 61
2 62 4
2 63 36
2 64 47
3 1 54
3 2 16
3 3 58
3 4 27
3 5 36
3 6 62
3 7 30
3 8 43
3 9 6
3 10 57
3 11 11
3 12 5
3 13 23
3 14 39
3 15 20
3 16 12
3 17 1
3 18 2
3 19 7
3 20 4
3 21 10
3 22 60
3 23 55
3 24 63
3 25 42
3 26 24
3 27 47
3 28 52
3 29 48
3 30 35
3 31 59
3 32 45
3 33 25
3 34 51
3 35 9
3 36 33
3 37 37
3 38 49
3 39 29
3 40 15
3 41 8
3 42 14
3 43 56
3 44 28
3 45 34
3 46 64
3 47 18
3 48 13
3 49 46
3 50 21
3 51 41
3 52 32
3 53 0
3 54 61
3 55 40
3 56 38
3 57 19
3 58 17
3 59 22
3 60 53
3 61 44
3 62 31
3 63 26
3 64 50
4 1 18
4 2 61
4 3 24
4 4 15
4 5 64
4 6 16
4 7 63
4 8 6
4 9 30
4 10 58
4 11 59
4 12 48
4 13 56
4 14 36
4 15 33
4 16 11
4 17 0
4 18 51
4 19 23
4 20 26
4 21 46
4 22 21
4 23 49
4 24 28
4 25 60
4 26 31
4 27 54
4 28 22
4 29 5
4 30 13
4 31 27
4 32 9
4 33 35
4 34 55
4 35 57
4 36 2
4 37 17
4 38 1
4 39 62
4 40 43
4 41 41
4 42 12
4 43 7
4 44 32
4 45 10
4 46 40
4 47 39
4 48 14
4 49 3
4 50 44
4 51 47
4 52 45
4 53 8
4 54 20
4 55 19
4 56 34
4 57 52
4 58 37
4 59 53
4 60 38
4 61 29
4 62 25
4 63 50
4 64 42
5 1 39
5 2 1
5 3 15
5 4 33
5 5 53
5 6 13
5 7 45
5 8 35
5 9 24
5 10 57
5 11 48
5 12 19
5 13 56
5 14 36
5 15 6
5 16 11
5 17 22
5 18 43
5 19 44
5 20 23
5 21 37
5 22 27
5 23 64
5 24 52
5 25 25
5 26 28
5 27 16
5 28 14
5 29 62
5 30 58
5 31 30
5 32 60
5 33 38
5 34 47
5 35 40
5 36 8
5 37 46
5 38 61
5 39 20
5 40 4
5 41 50
5 42 51
5 43 2
5 44 32
5 45 26
5 46 34
5 47 59
5 48 29
5 49 9
5 50 31
5 51 63
5 52 55
5 53 21
5 54 41
5 55 49
5 56 0
5 57 54
5 58 18
5 59 17
5 60 10
5 61 42
5 62 3
5 63 12
5 64 7
6 1 23
6 2 29
6 3 17
6 4 31
6 5 42
6 6 12
6 7 26
6 8 35
6 9 48
6 10 43
6 11 7
6 12 33
6 13 36
6 14 32
6 15 56
6 16 63
6 17 4
6 18 51
6 19 38
6 20 14
6 21 2
6 22 46
6 23 19
6 24 62
6 25 64
6 26 16
6 27 59
6 28 27
6 29 10
6 30 18
6 31 30
6 32 40
6 33 49
6 34 53
6 35 25
6 36 11
6 37 1
6 38 44
6 39 21
6 40 52
6 41 13
6 42 34
6 43 54
6 44 9
6 45 41
6 46 61
6 47 28
6 48 55
6 49 20
6 50 24
6 51 39
6 52 47
6 53 3
6 54 58
6 55 22
6 56 50
6 57 37
6 58 57
6 59 45
6 60 15
6 61 8
6 62 0
6 63 5
6 64 60
7 1 9
7 2 35
7 3 17
7 4 30
7 5 63
7 6 27
7 7 42
7 8 38
7 9 58
7 10 41
7 11 22
7 12 62
7 13 51
7 14 4
7 15 55
7 16 34
7 17 1
7 18 20
7 19 8
7 20 37
7 21 46
7 22 23
7 23 12
7 24 45
7 25 61
7 26 43
7 27 48
7 28 47
7 29 24
7 30 25
7 31 44
7 32 10
7 33 50
7 34 5
7 35 16
7 36 39
7 37 36
7 38 31
7 39 56
7 40 53
7 41 3
7 42 13
7 43 11
7 44 54
7 45 32
7 46 52
7 47 57
7 48 49
7 49 15
7 50 6
7 51 21
7 52 60
7 53 18
7 54 14
7 55 64
7 56 33
7 57 26
7 58 29
7 59 59
7 60 40
7 61 2
7 62 0
7 63 19
7 64 28
8 1 3
8 2 54
8 3 25
8 4 52
8 5 12
8 6 64
8 7 38
8 8 6
8 9 31
8 10 23
8 11 27
8 12 13
8 13 32
8 14 35
8 15 45
8 16 18
8 17 30
8 18 39
8 19 57
8 20 0
8 21 14
8 22 16
8 23 56
8 24 24
8 25 50
8 26 21
8 27 5
8 28 20
8 29 44
8 30 59
8 31 17
8 32 15
8 33 37
8 34 10
8 35 60
8 36 36
8 37 9
8 38 49
8 39 33
8 40 26
8 41 58
8 42 63
8 43 1
8 44 29
8 45 61
8 46 4
8 47 48
8 48 62
8 49 19
8 50 43
8 51 22
8 52 11
8 53 40
8 54 28
8 55 2
8 56 46
8 57 47
8 58 41
8 59 42
8 60 34
8 61 55
8 62 7
8 63 53
8 64 51
9 1 32
9 2 53
9 3 34
9 4 43
9 5 19
9 6 38
9 7 4
9 8 54
9 9 56
9 10 7
9 11 40
9 12 10
9 13 33
9 14 24
9 15 52
9 16 21
9 17 13
9 18 42
9 19 51
9 20 15
9 21 0
9 22 1
9 23 8
9 24 16
9 25 25
9 26 31
9 27 36
9 28 58
9 29 60
9 30 55
9 31 47
9 32 17
9 33 5
9 34 12
9 35 20
9 36 29
9 37 49
9 38 44
9 39 46
9 40 57
9 41 30
9 42 37
9 43 22
9 44 2
9 45 62
9 46 50
9 47 18
9 48 48
9 49 61
9 50 28
9 51 11
9 52 63
9 53 27
9 54 39
9 55 26
9 56 59
9 57 23
9 58 14
9 59 41
9 60 64
9 61 45
9 62 3
9 63 6
9 64 35
10 1 50
10 2 55
10 3 17
10 4 9
10 5 54
10 6 57
10 7 20
10 8 52
10 9 37
10 10 63
10 11 8
10 12 4
10 13 32
10 14 61
10 15 44
10 16 2
10 17 56
10 18 45
10 19 25
10 20 48
10 21 33
10 22 35
10 23 53
10 24 51
10 25 27
10 26 14
10 27 7
10 28 43
10 29 1
10 30 18
10 31 3
10 32 62
10 33 11
10 34 42
10 35 23
10 36 40
10 37 59
10 38 64
10 39 29
10 40 6
10 41 47
10 42 12
10 43 16
10 44 41
10 45 13
10 46 31
10 47 30
10 48 21
10 49 5
10 50 49
10 51 34
10 52 24
10 53 38
10 54 26
10 55 46
10 56 39
10 57 28
10 58 0
10 59 60
10 60 58
10 61 19
10 62 36
10 63 15
10 64 22
11 1 21
11 2 1
11 3 45
11 4 59
11 5 52
11 6 60
11 7 2
11 8 13
11 9 61
11 10 53
11 11 12
11 12 57
11 13 36
11 14 30
11 15 38
11 16 22
11 17 4
11 18 3
11 19 43
11 20 23
11 21 9
11 22 15
11 23 42
11 24 50
11 25 39
11 26 33
11 27 58
11 28 32
11 29 25
11 30 5
11 31 18
11 32 54
11 33 37
11 34 24
11 35 8
11 36 27
11 37 47
11 38 14
11 39 41
11 40 64
11 41 44
11 42 63
11 43 49
11 44 62
11 45 16
11 46 31
11 47 55
11 48 17
11 49 10
11 50 6
11 51 35
11 52 0
11 53 19
11 54 20
11 55 28
11 56 40
11 57 26
11 58 46
11 59 51
11 60 48
11 61 29
11 62 56
11 63 7
11 64 34
12 1 22
12 2 30
12 3 54
12 4 29
12 5 9
12 6 46
12 7 61
12 8 48
12 9 35
12 10 39
12 11 52
12 12 14
12 13 55
12 14 17
12 15 47
12 16 1
12 17 60
12 18 21
12 19 27
12 20 18
12 21 15
12 22 20
12 23 3
12 24 44
12 25 43
12 26 32
12 27 19
12 28 7
12 29 51
12 30 11
12 31 2
12 32 33
12 33 45
12 34 24
12 35 26
12 36 49
12 37 58
12 38 41
12 39 64
12 40 56
12 41 4
12 42 5
12 43 63
12 44 6
12 45 10
12 46 25
12 47 31
12 48 38
12 49 13
12 50 62
12 51 37
12 52 50
12 53 16
12 54 57
12 55 0
12 56 59
12 57 53
12 58 34
12 59 23
12 60 36
12 61 42
12 62 8
12 63 40
12 64 28
13 1 49
13 2 55
13 3 42
13 4 3
13 5 47
13 6 53
13 7 2
13 8 30
13 9 36
13 10 5
13 11 61
13 12 7
13 13 32
13 14 14
13 15 41
13 16 46
13 17 39
13 18 40
13 19 37
13 20 50
13 21 62
13 22 4
13 23 45
13 24 17
13 25 22
13 26 29
13 27 63
13 28 26
13 29 60
13 30 57
13 31 8
13 32 21
13 33 6
13 34 58
13 35 16
13 36 15
13 37 28
13 38 35
13 39 19
13 40 20
13 41 33
13 42 25
13 43 44
13 44 52
13 45 54
13 46 0
13 47 9
13 48 23
13 49 1
13 50 43
13 51 24
13 52 34
13 53 48
13 54 59
13 55 31
13 56 56
13 57 18
13 58 27
13 59 11
13 60 51
13 61 64
13 62 38
13 63 10
13 64 12
14 1 43
14 2 12
14 3 36
14 4 51
14 5 54
14 6 20
14 7 63
14 8 10
14 9 6
14 10 3
14 11 50
14 12 37
14 13 24
14 14 15
14 15 48
14 16 19
14 17 49
14 18 13
14 19 53
14 20 40
14 21 62
14 22 61
14 23 22
14 24 52
14 25 57
14 26 16
14 27 59
14 28 58
14 29 60
14 30 46
14 31 21
14 32 34
14 33 1
14 34 30
14 35 41
14 36 7
14 37 4
14 38 11
14 39 27
14 40 9
14 41 47
14 42 56
14 43 18
14 44 45
14 45 39
14 46 44
14 47 2
14 48 23
14 49 32
14 50 35
14 51 17
14 52 26
14 53 29
14 54 38
14 55 28
14 56 25
14 57 5
14 58 0
14 59 64
14 60 55
14 61 33
14 62 31
14 63 42
14 64 8
15 1 58
15 2 21
15 3 5
15 4 56
15 5 10
15 6 27
15 7 7
15 8 54
15 9 24
15 10 30
15 11 45
15 12 59
15 13 3
15 14 13
15 15 38
15 16 29
15 17 39
15 18 8
15 19 35
15 20 47
15 21 49
15 22 1
15 23 46
15 24 14
15 25 60
15 26 2
15 27 41
15 28 43
15 29 48
15 30 17
15 31 50
15 32 63
15 33 53
15 34 37
15 35 9
15 36 20
15 37 11
15 38 19
15 39 62
15 40 51
15 41 16
15 42 61
15 43 52
15 44 44
15 45 22
15 46 55
15 47 26
15 48 57
15 49 4
15 50 64
15 51 25
15 52 34
15 53 42
15 54 33
15 55 28
15 56 0
15 57 18
15 58 32
15 59 36
15 60 31
15 61 40
15 62 23
15 63 12
15 64 6
16 1 63
16 2 23
16 3 34
16 4 0
16 5 42
16 6 53
16 7 60
16 8 24
16 9 55
16 10 64
16 11 58
16 12 7
16 13 47
16 14 57
16 15 17
16 16 8
16 17 45
16 18 62
16 19 35
16 20 36
16 21 59
16 22 28
16 23 31
16 24 11
16 25 3
16 26 38
16 27 25
16 28 56
16 29 1
16 30 13
16 31 50
16 32 21
16 33 32
16 34 15
16 35 51
16 36 54
16 37 4
16 38 22
16 39 19
16 40 48
16 41 43
16 42 49
16 43 14
16 44 33
16 45 9
16 46 44
16 47 40
16 48 39
16 49 27
16 50 12
16 51 10
16 52 2
16 53 61
16 54 6
16 55 29
16 56 26
16 57 46
16 58 5
16 59 37
16 60 52
16 61 18
16 62 41
16 63 20
16 64 30
17 1 49
17 2 35
17 3 9
17 4 19
17 5 51
17 6 33
17 7 58
17 8 3
17 9 31
17 10 21
17 11 60
17 12 23
17 13 52
17 14 61
17 15 2
17 16 59
17 17 63
17 18 42
17 19 41
17 20 50
17 21 45
17 22 0
17 23 26
17 24 39
17 25 40
17 26 37
17 27 5
17 28 12
17 29 29
17 30 6
17 31 15
17 32 43
17 33 8
17 34 55
17 35 20
17 36 53
17 37 25
17 38 27
17 39 14
17 40 47
17 41 57
17 42 64
17 43 1
17 44 32
17 45 44
17 46 46
17 47 24
17 48 18
17 49 34
17 50 11
17 51 22
17 52 62
17 53 10
17 54 13
17 55 56
17 56 54
17 57 16
17 58 28
17 59 36
17 60 48
17 61 4
17 62 38
17 63 7
17 64 30
18 1 16
18 2 4
18 3 24
18 4 22
18 5 5
18 6 35
18 7 37
18 8 8
18 9 21
18 10 63
18 11 50
18 12 60
18 13 54
18 14 58
18 15 43
18 16 10
18 17 55
18 18 7
18 19 27
18 20 41
18 21 46
18 22 26
18 23 59
18 24 48
18 25 15
18 26 9
18 27 32
18 28 33
18 29 56
18 30 0
18 31 1
18 32 29
18 33 28
18 34 49
18 35 53
18 36 12
18 37 13
18 38 2
18 39 61
18 40 47
18 41 3
18 42 17
18 43 20
18 44 38
18 45 34
18 46 57
18 47 36
18 48 51
18 49 39
18 50 19
18 51 23
18 52 64
18 53 11
18 54 40
18 55 25
18 56 31
18 57 6
18 58 42
18 59 30
18 60 62
18 61 44
18 62 52
18 63 45
18 64 14
19 1 46
19 2 13
19 3 31
19 4 12
19 5 54
19 6 59
19 7 38
19 8 37
19 9 3
19 10 42
19 11 36
19 12 18
19 13 5
19 14 10
19 15 23
19 16 43
19 17 50
19 18 26
19 19 29
19 20 40
19 21 32
19 22 16
19 23 24
19 24 63
19 25 21
19 26 58
19 27 62
19 28 27
19 29 14
19 30 51
19 31 17
19 32 9
19 33 56
19 34 44
19 35 53
19 36 48
19 37 60
19 38 8
19 39 20
19 40 33
19 41 11
19 42 55
19 43 57
19 44 61
19 45 45
19 46 25
19 47 6
19 48 0
19 49 30
19 50 47
19 51 1
19 52 7
19 53 2
19 54 41
19 55 64
19 56 28
19 57 39
19 58 15
19 59 34
19 60 22
19 61 49
19 62 52
19 63 4
19 64 35
20 1 47
20 2 58
20 3 6
20 4 10
20 5 30
20 6 32
20 7 11
20 8 18
20 9 56
20 10 50
20 11 33
20 12 13
20 13 14
20 14 19
20 15 42
20 16 25
20 17 49
20 18 9
20 19 4
20 20 64
20 21 15
20 22 35
20 23 3
20 24 23
20 25 61
20 26 44
20 27 12
20 28 38
20 29 7
20 30 39
20 31 29
20 32 46
20 33 1
20 34 5
20 35 27
20 36 21
20 37 24
20 38 63
20 39 51
20 40 40
20 41 17
20 42 22
20 43 26
20 44 43
20 45 8
20 46 45
20 47 62
20 48 0
20 49 52
20 50 48
20 51 60
20 52 57
20 53 34
20 54 2
20 55 54
20 56 37
20 57 53
20 58 28
20 59 31
20 60 36
20 61 16
20 62 41
20 63 59
20 64 55
21 1 28
21 2 41
21 3 26
21 4 36
21 5 63
21 6 42
21 7 18
21 8 59
21 9 30
21 10 47
21 11 20
21 12 33
21 13 6
21 14 14
21 15 16
21 16 62
21 17 43
21 18 0
21 19 2
21 20 25
21 21 45
21 22 57
21 23 17
21 24 9
21 25 44
21 26 23
21 27 61
21 28 10
21 29 1
21 30 34
21 31 50
21 32 39
21 33 24
21 34 52
21 35 4
21 36 60
21 37 19
21 38 48
21 39 49
21 40 37
21 41 54
21 42 8
21 43 32
21 44 56
21 45 11
21 46 27
21 47 35
21 48 5
21 49 12
21 50 51
21 51 13
21 52 31
21 53 40
21 54 55
21 55 58
21 56 53
21 57 46
21 58 3
21 59 38
21 60 29
21 61 15
21 62 64
21 63 22
21 64 7
22 1 1
22 2 47
22 3 42
22 4 53
22 5 55
22 6 0
22 7 26
22 8 51
22 9 27
22 10 5
22 11 18
22 12 41
22 13 16
22 14 3
22 15 40
22 16 63
22 17 17
22 18 20
22 19 30
22 20 59
22 21 62
22 22 2
22 23 23
22 24 33
22 25 12
22 26 56
22 27 21
22 28 10
22 29 37
22 30 49
22 31 44
22 32 57
22 33 48
22 34 32
22 35 8
22 36 24
22 37 19
22 38 43
22 39 13
22 40 39
22 41 34
22 42 38
22 43 61
22 44 64
22 45 7
22 46 28
22 47 35
22 48 31
22 49 46
22 50 52
22 51 9
22 52 25
22 53 54
22 54 6
22 55 11
22 56 4
22 57 60
22 58 50
22 59 29
22 60 14
22 61 36
22 62 58
22 63 45
22 64 15
23 1 36
23 2 48
23 3 54
23 4 44
23 5 59
23 6 38
23 7 32
23 8 53
23 9 18
23 10 56
23 11 6
23 12 7
23 13 22
23 14 30
23 15 61
23 16 5
23 17 15
23 18 4
23 19 20
23 20 8
23 21 19
23 22 21
23 23 14
23 24 49
23 25 27
23 26 50
23 27 63
23 28 29
23 29 3
23 30 13
23 31 52
23 32 45
23 33 60
23 34 37
23 35 62
23 36 0
23 37 40
23 38 39
23 39 17
23 40 9
23 41 10
23 42 55
23 43 42
23 44 41
23 45 16
23 46 25
23 47 1
23 48 11
23 49 34
23 50 35
23 51 57
23 52 46
23 53 26
23 54 28
23 55 33
23 56 24
23 57 58
23 58 64
23 59 12
23 60 47
23 61 51
23 62 43
23 63 2
23 64 31
24 1 47
24 2 11
24 3 28
24 4 57
24 5 53
24 6 41
24 7 51
24 8 45
24 9 56
24 10 46
24 11 54
24 12 31
24 13 6
24 14 20
24 15 2
24 16 48
24 17 34
24 18 36
24 19 44
24 20 4
24 21 30
24 22 58
24 23 5
24 24 27
24 25 52
24 26 13
24 27 42
24 28 49
24 29 21
24 30 62
24 31 26
24 32 50
24 33 32
24 34 25
24 35 35
24 36 29
24 37 39
24 38 17
24 39 60
24 40 19
24 41 22
24 42 0
24 43 40
24 44 18
24 45 9
24 46 63
24 47 64
24 48 10
24 49 7
24 50 33
24 51 23
24 52 8
24 53 15
24 54 55
24 55 3
24 56 61
24 57 16
24 58 12
24 59 37
24 60 43
24 61 38
24 62 59
24 63 1
24 64 14
25 1 46
25 2 9
25 3 31
25 4 7
25 5 10
25 6 16
25 7 34
25 8 60
25 9 61
25 10 43
25 11 48
25 12 57
25 13 54
25 14 55
25 15 49
25 16 13
25 17 41
25 18 47
25 19 19
25 20 22
25 21 33
25 22 20
25 23 35
25 24 11
25 25 18
25 26 26
25 27 52
25 28 44
25 29 32
25 30 6
25 31 63
25 32 24
25 33 5
25 34 29
25 35 14
25 36 21
25 37 62
25 38 38
25 39 4
25 40 40
25 41 12
25 42 51
25 43 36
25 44 23
25 45 27
25 46 64
25 47 0
25 48 3
25 49 42
25 50 53
25 51 39
25 52 30
25 53 50
25 54 59
25 55 56
25 56 17
25 57 15
25 58 28
25 59 58
25 60 45
25 61 37
25 62 1
25 63 8
25 64 2
26 1 2
26 2 43
26 3 6
26 4 53
26 5 8
26 6 50
26 7 35
26 8 15
26 9 57
26 10 48
26 11 23
26 12 41
26 13 55
26 14 32
26 15 4
26 16 16
26 17 11
26 18 46
26 19 36
26 20 18
26 21 54
26 22 31
26 23 33
26 24 56
26 25 21
26 26 0
26 27 42
26 28 25
26 29 61
26 30 14
26 31 60
26 32 9
26 33 28
26 34 59
26 35 3
26 36 34
26 37 51
26 38 38
26 39 62
26 40 13
26 41 5
26 42 44
26 43 29
26 44 17
26 45 30
26 46 12
26 47 49
26 48 24
26 49 10
26 50 45
26 51 52
26 52 19
26 53 39
26 54 1
26 55 37
26 56 63
26 57 58
26 58 20
26 59 27
26 60 47
26 61 7
26 62 22
26 63 64
26 64 40
27 1 12
27 2 31
27 3 38
27 4 19
27 5 32
27 6 46
27 7 11
27 8 39
27 9 8
27 10 22
27 11 59
27 12 4
27 13 3
27 14 14
27 15 41
27 16 37
27 17 52
27 18 7
27 19 6
27 20 64
27 21 16
27 22 18
27 23 62
27 24 2
27 25 43
27 26 23
27 27 58
27 28 50
27 29 60
27 30 49
27 31 20
27 32 56
27 33 34
27 34 44
27 35 40
27 36 25
27 37 29
27 38 5
27 39 47
27 40 42
27 41 33
27 42 45
27 43 63
27 44 1
27 45 57
27 46 21
27 47 26
27 48 9
27 49 17
27 50 48
27 51 35
27 52 13
27 53 10
27 54 54
27 55 51
27 56 55
27 57 30
27 58 24
27 59 53
27 60 15
27 61 28
27 62 36
27 63 61
27 64 0
28 1 61
28 2 31
28 3 36
28 4 6
28 5 25
28 6 59
28 7 2
28 8 58
28 9 22
28 10 32
28 11 35
28 12 4
28 13 39
28 14 26
28 15 27
28 16 64
28 17 50
28 18 63
28 19 40
28 20 48
28 21 55
28 22 20
28 23 15
28 24 37
28 25 23
28 26 34
28 27 56
28 28 38
28 29 57
28 30 54
28 31 3
28 32 29
28 33 17
28 34 49
28 35 14
28 36 11
28 37 41
28 38 7
28 39 53
28 40 43
28 41 16
28 42 47
28 43 0
28 44 24
28 45 21
28 46 46
28 47 13
28 48 60
28 49 30
28 50 62
28 51 1
28 52 8
28 53 42
28 54 51
28 55 19
28 56 44
28 57 33
28 58 5
28 59 10
28 60 18
28 61 52
28 62 12
28 63 45
28 64 9
29 1 4
29 2 9
29 3 42
29 4 11
29 5 45
29 6 3
29 7 41
29 8 16
29 9 37
29 10 10
29 11 64
29 12 60
29 13 7
29 14 19
29 15 61
29 16 23
29 17 30
29 18 52
29 19 6
29 20 46
29 21 36
29 22 24
29 23 18
29 24 0
29 25 15
29 26 62
29 27 34
29 28 5
29 29 44
29 30 54
29 31 20
29 32 28
29 33 26
29 34 13
29 35 27
29 36 14
29 37 12
29 38 1
29 39 40
29 40 22
29 41 58
29 42 39
29 43 53
29 44 32
29 45 35
29 46 17
29 47 21
29 48 50
29 49 8
29 50 2
29 51 47
29 52 55
29 53 31
29 54 51
29 55 49
29 56 59
29 57 25
29 58 33
29 59 56
29 60 43
29 61 63
29 62 57
29 63 38
29 64 48
30 1 63
30 2 50
30 3 20
30 4 18
30 5 43
30 6 0
30 7 42
30 8 40
30 9 47
30 10 31
30 11 23
30 12 62
30 13 48
30 14 12
30 15 45
30 16 57
30 17 35
30 18 64
30 19 2
30 20 16
30 21 25
30 22 9
30 23 8
30 24 7
30 25 6
30 26 32
30 27 14
30 28 22
30 29 21
30 30 61
30 31 34
30 32 1
30 33 46
30 34 41
30 35 27
30 36 37
30 37 26
30 38 17
30 39 60
30 40 52
30 41 13
30 42 4
30 43 54
30 44 49
30 45 44
30 46 28
30 47 3
30 48 19
30 49 11
30 50 53
30 51 10
30 52 59
30 53 15
30 54 55
30 55 5
30 56 58
30 57 33
30 58 24
30 59 39
30 60 51
30 61 36
30 62 38
30 63 56
30 64 29
31 1 59
31 2 48
31 3 24
31 4 52
31 5 17
31 6 9
31 7 42
31 8 27
31 9 10
31 10 64
31 11 0
31 12 4
31 13 1
31 14 12
31 15 47
31 16 5
31 17 34
31 18 19
31 19 7
31 20 50
31 21 32
31 22 39
31 23 37
31 24 63
31 25 15
31 26 20
31 27 13
31 28 28
31 29 25
31 30 8
31 31 6
31 32 43
31 33 3
31 34 57
31 35 18
31 36 36
31 37 23
31 38 55
31 39 26
31 40 38
31 41 51
31 42 46
31 43 56
31 44 41
31 45 33
31 46 44
31 47 49
31 48 22
31 49 58
31 50 14
31 51 11
31 52 54
31 53 30
31 54 21
31 55 45
31 56 16
31 57 53
31 58 61
31 59 40
31 60 2
31 61 60
31 62 29
31 63 35
31 64 62
32 1 34
32 2 51
32 3 19
32 4 37
32 5 57
32 6 23
32 7 18
32 8 46
32 9 25
32 10 63
32 11 48
32 12 59
32 13 16
32 14 38
32 15 41
32 16 14
32 17 11
32 18 3
32 19 29
32 20 28
32 21 22
32 22 40
32 23 62
32 24 13
32 25 50
32 26 20
32 27 5
32 28 56
32 29 8
32 30 42
32 31 1
32 32 64
32 33 24
32 34 58
32 35 15
32 36 35
32 37 30
32 38 60
32 39 47
32 40 2
32 41 17
32 42 45
32 43 49
32 44 6
32 45 53
32 46 26
32 47 12
32 48 31
32 49 0
32 50 7
32 51 55
32 52 27
32 53 36
32 54 9
32 55 4
32 56 52
32 57 33
32 58 39
32 59 21
32 60 54
32 61 10
32 62 61
32 63 44
32 64 43
33 1 31
33 2 55
33 3 40
33 4 5
33 5 0
33 6 22
33 7 11
33 8 57
33 9 50
33 10 51
33 11 3
33 12 12
33 13 24
33 14 44
33 15 42
33 16 35
33 17 59
33 18 9
33 19 63
33 20 54
33 21 10
33 22 27
33 23 26
33 24 32
33 25 60
33 26 28
33 27 14
33 28 36
33 29 15
33 30 46
33 31 37
33 32 62
33 33 58
33 34 7
33 35 56
33 36 52
33 37 45
33 38 41
33 39 4
33 40 30
33 41 29
33 42 47
33 43 39
33 44 2
33 45 34
33 46 48
33 47 25
33 48 19
33 49 18
33 50 61
33 51 38
33 52 49
33 53 1
33 54 64
33 55 6
33 56 17
33 57 8
33 58 20
33 59 43
33 60 16
33 61 21
33 62 53
33 63 23
33 64 13
34 1 44
34 2 9
34 3 52
34 4 21
34 5 43
34 6 64
34 7 32
34 8 27
34 9 49
34 10 58
34 11 16
34 12 62
34 13 25
34 14 63
34 15 17
34 16 2
34 17 15
34 18 1
34 19 23
34 20 53
34 21 60
34 22 36
34 23 51
34 24 61
34 25 31
34 26 7
34 27 14
34 28 8
34 29 22
34 30 57
34 31 24
34 32 47
34 33 4
34 34 30
34 35 59
34 36 3
34 37 35
34 38 42
34 39 55
34 40 41
34 41 37
34 42 50
34 43 5
34 44 6
34 45 26
34 46 13
34 47 33
34 48 38
34 49 40
34 50 45
34 51 46
34 52 10
34 53 29
34 54 19
34 55 11
34 56 12
34 57 18
34 58 20
34 59 28
34 60 48
34 61 56
34 62 39
34 63 54
34 64 0
35 1 9
35 2 45
35 3 44
35 4 13
35 5 39
35 6 25
35 7 31
35 8 11
35 9 10
35 10 60
35 11 27
35 12 34
35 13 8
35 14 21
35 15 48
35 16 15
35 17 1
35 18 38
35 19 19
35 20 3
35 21 32
35 22 17
35 23 18
35 24 12
35 25 63
35 26 46
35 27 5
35 28 47
35 29 30
35 30 40
35 31 26
35 32 57
35 33 14
35 34 37
35 35 23
35 36 20
35 37 4
35 38 41
35 39 52
35 40 43
35 41 59
35 42 55
35 43 28
35 44 50
35 45 22
35 46 49
35 47 29
35 48 53
35 49 58
35 50 0
35 51 56
35 52 62
35 53 6
35 54 24
35 55 33
35 56 2
35 57 61
35 58 36
35 59 7
35 60 16
35 61 51
35 62 54
35 63 42
35 64 64
36 1 21
36 2 53
36 3 1
36 4 39
36 5 55
36 6 35
36 7 6
36 8 44
36 9 59
36 10 28
36 11 50
36 12 11
36 13 57
36 14 43
36 15 42
36 16 7
36 17 17
36 18 12
36 19 41
36 20 51
36 21 24
36 22 4
36 23 19
36 24 10
36 25 45
36 26 9
36 27 48
36 28 23
36 29 58
36 30 22
36 31 37
36 32 49
36 33 25
36 34 18
36 35 30
36 36 5
36 37 26
36 38 29
36 39 61
36 40 64
36 41 32
36 42 3
36 43 47
36 44 46
36 45 52
36 46 63
36 47 16
36 48 56
36 49 2
36 50 0
36 51 15
36 52 14
36 53 38
36 54 13
36 55 40
36 56 34
36 57 8
36 58 60
36 59 27
36 60 54
36 61 31
36 62 20
36 63 62
36 64 33
37 1 47
37 2 5
37 3 15
37 4 10
37 5 23
37 6 34
37 7 44
37 8 33
37 9 28
37 10 16
37 11 38
37 12 48
37 13 64
37 14 40
37 15 32
37 16 55
37 17 59
37 18 13
37 19 20
37 20 54
37 21 46
37 22 25
37 23 19
37 24 43
37 25 63
37 26 45
37 27 62
37 28 39
37 29 42
37 30 11
37 31 49
37 32 36
37 33 1
37 34 4
37 35 30
37 36 0
37 37 8
37 38 58
37 39 22
37 40 18
37 41 41
37 42 7
37 43 2
37 44 9
37 45 27
37 46 35
37 47 21
37 48 57
37 49 56
37 50 26
37 51 14
37 52 31
37 53 17
37 54 52
37 55 51
37 56 53
37 57 12
37 58 24
37 59 6
37 60 29
37 61 50
37 62 3
37 63 60
37 64 61
38 1 10
38 2 27
38 3 61
38 4 30
38 5 17
38 6 62
38 7 39
38 8 57
38 9 32
38 10 48
38 11 5
38 12 21
38 13 3
38 14 64
38 15 43
38 16 44
38 17 11
38 18 52
38 19 47
38 20 41
38 21 1
38 22 8
38 23 33
38 24 46
38 25 12
38 26 31
38 27 59
38 28 6
38 29 58
38 30 34
38 31 19
38 32 49
38 33 2
38 34 18
38 35 23
38 36 54
38 37 26
38 38 7
38 39 37
38 40 4
38 41 53
38 42 28
38 43 16
38 44 14
38 45 22
38 46 0
38 47 55
38 48 20
38 49 36
38 50 40
38 51 15
38 52 45
38 53 56
38 54 29
38 55 13
38 56 25
38 57 35
38 58 63
38 59 9
38 60 24
38 61 42
38 62 50
38 63 51
38 64 60
39 1 28
39 2 57
39 3 27
39 4 61
39 5 51
39 6 53
39 7 0
39 8 47
39 9 21
39 10 36
39 11 64
39 12 42
39 13 5
39 14 9
39 15 2
39 16 10
39 17 14
39 18 23
39 19 40
39 20 7
39 21 22
39 22 52
39 23 41
39 24 18
39 25 62
39 26 33
39 27 38
39 28 49
39 29 3
39 30 12
39 31 35
39 32 48
39 33 34
39 34 31
39 35 26
39 36 50
39 37 37
39 38 43
39 39 8
39 40 56
39 41 29
39 42 16
39 43 54
39 44 11
39 45 19
39 46 15
39 47 60
39 48 13
39 49 17
39 50 55
39 51 24
39 52 45
39 53 32
39 54 63
39 55 1
39 56 46
39 57 59
39 58 20
39 59 25
39 60 6
39 61 58
39 62 4
39 63 30
39 64 44
40 1 41
40 2 55
40 3 22
40 4 37
40 5 18
40 6 48
40 7 23
40 8 27
40 9 51
40 10 59
40 11 38
40 12 31
40 13 5
40 14 60
40 15 14
40 16 56
40 17 13
40 18 1
40 19 20
40 20 19
40 21 17
40 22 11
40 23 39
40 24 28
40 25 64
40 26 15
40 27 33
40 28 26
40 29 62
40 30 4
40 31 16
40 32 49
40 33 6
40 34 58
40 35 54
40 36 10
40 37 44
40 38 12
40 39 30
40 40 0
40 41 61
40 42 21
40 43 35
40 44 42
40 45 43
40 46 47
40 47 8
40 48 36
40 49 24
40 50 25
40 51 45
40 52 53
40 53 9
40 54 52
40 55 2
40 56 29
40 57 50
40 58 3
40 59 34
40 60 46
40 61 57
40 62 7
40 63 63
40 64 32
41 1 58
41 2 1
41 3 30
41 4 38
41 5 51
41 6 15
41 7 16
41 8 20
41 9 7
41 10 55
41 11 57
41 12 62
41 13 23
41 14 5
41 15 60
41 16 64
41 17 50
41 18 33
41 19 63
41 20 19
41 21 31
41 22 8
41 23 34
41 24 52
41 25 36
41 26 2
41 27 21
41 28 45
41 29 44
41 30 43
41 31 39
41 32 56
41 33 61
41 34 47
41 35 6
41 36 18
41 37 12
41 38 29
41 39 59
41 40 22
41 41 49
41 42 54
41 43 17
41 44 48
41 45 28
41 46 25
41 47 11
41 48 4
41 49 0
41 50 46
41 51 42
41 52 32
41 53 40
41 54 26
41 55 24
41 56 35
41 57 27
41 58 14
41 59 37
41 60 3
41 61 53
41 62 13
41 63 10
41 64 9
42 1 51
42 2 23
42 3 37
42 4 31
42 5 9
42 6 40
42 7 35
42 8 60
42 9 20
42 10 5
42 11 14
42 12 25
42 13 21
42 14 30
42 15 16
42 16 54
42 17 53
42 18 19
42 19 11
42 20 38
42 21 10
42 22 33
42 23 48
42 24 57
42 25 0
42 26 34
42 27 8
42 28 36
42 29 18
42 30 2
42 31 1
42 32 3
42 33 27
42 34 56
42 35 15
42 36 7
42 37 47
42 38 4
42 39 46
42 40 17
42 41 64
42 42 39
42 43 43
42 44 13
42 45 22
42 46 58
42 47 55
42 48 24
42 49 52
42 50 61
42 51 50
42 52 12
42 53 59
42 54 44
42 55 49
42 56 41
42 57 29
42 58 28
42 59 63
42 60 6
42 61 26
42 62 32
42 63 62
42 64 45
43 1 45
43 2 60
43 3 58
43 4 36
43 5 5
43 6 29
43 7 8
43 8 56
43 9 28
43 10 7
43 11 50
43 12 25
43 13 33
43 14 32
43 15 52
43 16 61
43 17 21
43 18 18
43 19 2
43 20 63
43 21 35
43 22 41
43 23 20
43 24 54
43 25 44
43 26 49
43 27 19
43 28 16
43 29 1
43 30 17
43 31 34
43 32 42
43 33 24
43 34 39
43 35 48
43 36 57
43 37 22
43 38 23
43 39 62
43 40 46
43 41 37
43 42 40
43 43 10
43 44 9
43 45 13
43 46 38
43 47 12
43 48 55
43 49 6
43 50 14
43 51 26
43 52 15
43 53 31
43 54 0
43 55 11
43 56 64
43 57 47
43 58 3
43 59 59
43 60 51
43 61 53
43 62 30
43 63 4
43 64 27
44 1 13
44 2 36
44 3 54
44 4 17
44 5 24
44 6 9
44 7 47
44 8 46
44 9 2
44 10 57
44 11 12
44 12 5
44 13 50
44 14 31
44 15 48
44 16 39
44 17 30
44 18 27
44 19 58
44 20 55
44 21 40
44 22 64
44 23 15
44 24 14
44 25 8
44 26 19
44 27 45
44 28 0
44 29 34
44 30 6
44 31 22
44 32 7
44 33 25
44 34 63
44 35 20
44 36 37
44 37 21
44 38 53
44 39 1
44 40 32
44 41 28
44 42 26
44 43 33
44 44 10
44 45 11
44 46 35
44 47 23
44 48 43
44 49 4
44 50 18
44 51 59
44 52 62
44 53 49
44 54 16
44 55 3
44 56 56
44 57 29
44 58 41
44 59 38
44 60 60
44 61 42
44 62 61
44 63 52
44 64 51
45 1 34
45 2 53
45 3 16
45 4 1
45 5 17
45 6 10
45 7 22
45 8 44
45 9 52
45 10 59
45 11 4
45 12 39
45 13 14
45 14 12
45 15 51
45 16 27
45 17 42
45 18 9
45 19 46
45 20 43
45 21 19
45 22 47
45 23 54
45 24 8
45 25 7
45 26 25
45 27 32
45 28 28
45 29 2
45 30 18
45 31 24
45 32 37
45 33 63
45 34 23
45 35 5
45 36 0
45 37 49
45 38 31
45 39 55
45 40 30
45 41 13
45 42 33
45 43 41
45 44 62
45 45 40
45 46 26
45 47 60
45 48 64
45 49 11
45 50 20
45 51 35
45 52 6
45 53 38
45 54 36
45 55 21
45 56 57
45 57 29
45 58 48
45 59 15
45 60 61
45 61 58
45 62 50
45 63 3
45 64 56
46 1 34
46 2 42
46 3 30
46 4 22
46 5 52
46 6 50
46 7 38
46 8 10
46 9 23
46 10 64
46 11 8
46 12 1
46 13 11
46 14 62
46 15 12
46 16 15
46 17 33
46 18 26
46 19 55
46 20 14
46 21 19
46 22 56
46 23 5
46 24 44
46 25 0
46 26 45
46 27 51
46 28 18
46 29 35
46 30 36
46 31 25
46 32 43
46 33 57
46 34 61
46 35 7
46 36 63
46 37 3
46 38 60
46 39 27
46 40 48
46 41 39
46 42 24
46 43 20
46 44 54
46 45 41
46 46 47
46 47 29
46 48 28
46 49 9
46 50 32
46 51 6
46 52 2
46 53 49
46 54 37
46 55 16
46 56 53
46 57 17
46 58 59
46 59 13
46 60 31
46 61 58
46 62 40
46 63 21
46 64 4
47 1 60
47 2 58
47 3 61
47 4 42
47 5 13
47 6 33
47 7 25
47 8 29
47 9 8
47 10 4
47 11 1
47 12 49
47 13 32
47 14 54
47 15 17
47 16 27
47 17 24
47 18 37
47 19 59
47 20 45
47 21 43
47 22 30
47 23 52
47 24 31
47 25 18
47 26 55
47 27 10
47 28 12
47 29 44
47 30 40
47 31 2
47 32 21
47 33 56
47 34 50
47 35 41
47 36 20
47 37 64
47 38 34
47 39 48
47 40 28
47 41 6
47 42 38
47 43 14
47 44 16
47 45 15
47 46 63
47 47 62
47 48 39
47 49 9
47 50 19
47 51 26
47 52 57
47 53 35
47 54 23
47 55 7
47 56 11
47 57 53
47 58 5
47 59 3
47 60 22
47 61 36
47 62 0
47 63 51
47 64 46
48 1 47
48 2 10
48 3 64
48 4 49
48 5 25
48 6 22
48 7 35
48 8 6
48 9 61
48 10 12
48 11 58
48 12 32
48 13 24
48 14 34
48 15 2
48 16 26
48 17 23
48 18 19
48 19 21
48 20 41
48 21 8
48 22 17
48 23 63
48 24 1
48 25 43
48 26 55
48 27 38
48 28 57
48 29 52
48 30 31
48 31 14
48 32 56
48 33 0
48 34 37
48 35 59
48 36 40
48 37 42
48 38 28
48 39 4
48 40 27
48 41 9
48 42 29
48 43 36
48 44 7
48 45 30
48 46 18
48 47 51
48 48 50
48 49 54
48 50 62
48 51 15
48 52 46
48 53 16
48 54 44
48 55 45
48 56 11
48 57 39
48 58 20
48 59 3
48 60 53
48 61 60
48 62 5
48 63 13
48 64 33
49 1 31
49 2 37
49 3 40
49 4 50
49 5 13
49 6 33
49 7 39
49 8 23
49 9 57
49 10 42
49 11 20
49 12 52
49 13 45
49 14 0
49 15 25
49 16 38
49 17 51
49 18 62
49 19 18
49 20 24
49 21 60
49 22 36
49 23 10
49 24 6
49 25 12
49 26 15
49 27 30
49 28 11
49 29 22
49 30 55
49 31 43
49 32 54
49 33 47
49 34 17
49 35 27
49 36 29
49 37 21
49 38 53
49 39 64
49 40 58
49 41 46
49 42 8
49 43 26
49 44 1
49 45 56
49 46 5
49 47 4
49 48 34
49 49 41
49 50 44
49 51 7
49 52 14
49 53 35
49 54 63
49 55 9
49 56 16
49 57 61
49 58 3
49 59 59
49 60 48
49 61 28
49 62 19
49 63 32
49 64 2
50 1 61
50 2 23
50 3 19
50 4 11
50 5 29
50 6 49
50 7 32
50 8 15
50 9 51
50 10 42
50 11 39
50 12 40
50 13 26
50 14 12
50 15 57
50 16 16
50 17 17
50 18 7
50 19 55
50 20 62
50 21 54
50 22 27
50 23 9
50 24 60
50 25 1
50 26 44
50 27 64
50 28 47
50 29 53
50 30 63
50 31 43
50 32 38
50 33 13
50 34 22
50 35 28
50 36 10
50 37 21
50 38 36
50 39 18
50 40 35
50 41 34
50 42 58
50 43 59
50 44 37
50 45 0
50 46 4
50 47 33
50 48 30
50 49 45
50 50 5
50 51 6
50 52 25
50 53 31
50 54 3
50 55 20
50 56 48
50 57 52
50 58 14
50 59 56
50 60 24
50 61 41
50 62 2
50 63 8
50 64 46
51 1 32
51 2 63
51 3 43
51 4 40
51 5 7
51 6 18
51 7 57
51 8 10
51 9 6
51 10 19
51 11 36
51 12 38
51 13 16
51 14 62
51 15 24
51 16 29
51 17 17
51 18 23
51 19 35
51 20 56
51 21 4
51 22 47
51 23 30
51 24 22
51 25 53
51 26 48
51 27 42
51 28 12
51 29 9
51 30 54
51 31 31
51 32 20
51 33 59
51 34 11
51 35 5
51 36 49
51 37 44
51 38 26
51 39 0
51 40 21
51 41 1
51 42 52
51 43 60
51 44 37
51 45 46
51 46 64
51 47 15
51 48 50
51 49 39
51 50 25
51 51 45
51 52 61
51 53 58
51 54 34
51 55 3
51 56 8
51 57 28
51 58 2
51 59 14
51 60 41
51 61 55
51 62 33
51 63 27
51 64 13
52 1 19
52 2 17
52 3 16
52 4 0
52 5 7
52 6 10
52 7 47
52 8 41
52 9 40
52 10 44
52 11 25
52 12 39
52 13 60
52 14 15
52 15 37
52 16 54
52 17 58
52 18 46
52 19 9
52 20 13
52 21 53
52 22 48
52 23 51
52 24 5
52 25 59
52 26 42
52 27 49
52 28 50
52 29 3
52 30 64
52 31 8
52 32 26
52 33 27
52 34 14
52 35 18
52 36 35
52 37 22
52 38 6
52 39 1
52 40 23
52 41 62
52 42 31
52 43 45
52 44 4
52 45 33
52 46 12
52 47 32
52 48 30
52 49 24
52 50 38
52 51 2
52 52 21
52 53 20
52 54 11
52 55 28
52 56 29
52 57 43
52 58 34
52 59 55
52 60 63
52 61 57
52 62 56
52 63 61
52 64 36
53 1 27
53 2 32
53 3 33
53 4 57
53 5 15
53 6 29
53 7 17
53 8 42
53 9 60
53 10 50
53 11 6
53 12 52
53 13 54
53 14 2
53 15 43
53 16 1
53 17 10
53 18 37
53 19 14
53 20 16
53 21 51
53 22 49
53 23 46
53 24 47
53 25 35
53 26 9
53 27 36
53 28 30
53 29 63
53 30 13
53 31 18
53 32 0
53 33 38
53 34 4
53 35 19
53 36 12
53 37 39
53 38 59
53 39 40
53 40 41
53 41 28
53 42 58
53 43 44
53 44 55
53 45 31
53 46 22
53 47 48
53 48 20
53 49 21
53 50 24
53 51 5
53 52 8
53 53 11
53 54 26
53 55 25
53 56 62
53 57 45
53 58 56
53 59 7
53 60 64
53 61 34
53 62 23
53 63 61
53 64 3
54 1 3
54 2 23
54 3 60
54 4 15
54 5 21
54 6 41
54 7 27
54 8 2
54 9 61
54 10 35
54 11 31
54 12 42
54 13 47
54 14 18
54 15 9
54 16 0
54 17 49
54 18 11
54 19 43
54 20 12
54 21 39
54 22 44
54 23 52
54 24 19
54 25 20
54 26 38
54 27 7
54 28 26
54 29 8
54 30 22
54 31 33
54 32 62
54 33 63
54 34 58
54 35 53
54 36 25
54 37 40
54 38 29
54 39 48
54 40 10
54 41 16
54 42 34
54 43 64
54 44 30
54 45 6
54 46 24
54 47 50
54 48 45
54 49 14
54 50 59
54 51 5
54 52 1
54 53 57
54 54 36
54 55 56
54 56 13
54 57 17
54 58 51
54 59 28
54 60 32
54 61 37
54 62 46
54 63 4
54 64 55
55 1 19
55 2 56
55 3 63
55 4 54
55 5 24
55 6 0
55 7 3
55 8 35
55 9 12
55 10 61
55 11 9
55 12 5
55 13 14
55 14 39
55 15 49
55 16 25
55 17 16
55 18 29
55 19 34
55 20 59
55 21 6
55 22 41
55 23 42
55 24 53
55 25 37
55 26 45
55 27 60
55 28 1
55 29 23
55 30 40
55 31 4
55 32 47
55 33 31
55 34 10
55 35 8
55 36 11
55 37 22
55 38 36
55 39 44
55 40 38
55 41 33
55 42 15
55 43 17
55 44 51
55 45 43
55 46 30
55 47 46
55 48 57
55 49 32
55 50 27
55 51 2
55 52 50
55 53 18
55 54 13
55 55 28
55 56 20
55 57 62
55 58 21
55 59 64
55 60 58
55 61 48
55 62 52
55 63 26
55 64 7
56 1 11
56 2 62
56 3 50
56 4 51
56 5 12
56 6 8
56 7 48
56 8 46
56 9 1
56 10 60
56 11 52
56 12 28
56 13 30
56 14 23
56 15 44
56 16 24
56 17 20
56 18 27
56 19 0
56 20 37
56 21 55
56 22 29
56 23 25
56 24 15
56 25 21
56 26 53
56 27 61
56 28 40
56 29 34
56 30 57
56 31 64
56 32 9
56 33 42
56 34 19
56 35 36
56 36 6
56 37 16
56 38 58
56 39 63
56 40 4
56 41 54
56 42 49
56 43 18
56 44 14
56 45 2
56 46 47
56 47 38
56 48 26
56 49 32
56 50 41
56 51 43
56 52 45
56 53 17
56 54 39
56 55 7
56 56 3
56 57 5
56 58 10
56 59 33
56 60 31
56 61 22
56 62 13
56 63 59
56 64 35
57 1 45
57 2 54
57 3 37
57 4 41
57 5 55
57 6 4
57 7 44
57 8 22
57 9 49
57 10 47
57 11 14
57 12 53
57 13 63
57 14 46
57 15 10
57 16 43
57 17 5
57 18 27
57 19 32
57 20 31
57 21 9
57 22 24
57 23 13
57 24 16
57 25 30
57 26 3
57 27 59
57 28 62
57 29 2
57 30 35
57 31 21
57 32 12
57 33 39
57 34 1
57 35 52
57 36 15
57 37 29
57 38 8
57 39 51
57 40 33
57 41 42
57 42 60
57 43 7
57 44 26
57 45 6
57 46 61
57 47 50
57 48 11
57 49 23
57 50 18
57 51 17
57 52 48
57 53 19
57 54 64
57 55 38
57 56 25
57 57 36
57 58 58
57 59 40
57 60 56
57 61 20
57 62 0
57 63 28
57 64 34
58 1 60
58 2 28
58 3 55
58 4 13
58 5 39
58 6 5
58 7 6
58 8 57
58 9 63
58 10 16
58 11 26
58 12 53
58 13 10
58 14 33
58 15 11
58 16 9
58 17 51
58 18 44
58 19 36
58 20 8
58 21 22
58 22 38
58 23 2
58 24 52
58 25 4
58 26 20
58 27 23
58 28 42
58 29 62
58 30 41
58 31 59
58 32 7
58 33 45
58 34 31
58 35 49
58 36 54
58 37 19
58 38 64
58 39 21
58 40 35
58 41 46
58 42 0
58 43 17
58 44 32
58 45 48
58 46 47
58 47 61
58 48 27
58 49 43
58 50 56
58 51 37
58 52 14
58 53 12
58 54 1
58 55 30
58 56 29
58 57 15
58 58 25
58 59 50
58 60 18
58 61 34
58 62 24
58 63 40
58 64 3
59 1 12
59 2 54
59 3 27
59 4 36
59 5 17
59 6 39
59 7 11
59 8 49
59 9 16
59 10 9
59 11 44
59 12 40
59 13 63
59 14 41
59 15 38
59 16 48
59 17 53
59 18 45
59 19 35
59 20 2
59 21 51
59 22 26
59 23 18
59 24 42
59 25 28
59 26 31
59 27 24
59 28 61
59 29 14
59 30 15
59 31 3
59 32 7
59 33 34
59 34 55
59 35 8
59 36 64
59 37 46
59 38 29
59 39 25
59 40 33
59 41 43
59 42 10
59 43 19
59 44 60
59 45 1
59 46 6
59 47 37
59 48 4
59 49 21
59 50 0
59 51 32
59 52 52
59 53 50
59 54 47
59 55 30
59 56 58
59 57 23
59 58 22
59 59 5
59 60 20
59 61 56
59 62 57
59 63 13
59 64 62
60 1 8
60 2 19
60 3 21
60 4 44
60 5 3
60 6 24
60 7 50
60 8 54
60 9 0
60 10 5
60 11 28
60 12 22
60 13 27
60 14 31
60 15 36
60 16 61
60 17 57
60 18 51
60 19 59
60 20 11
60 21 10
60 22 12
60 23 1
60 24 9
60 25 15
60 26 46
60 27 14
60 28 53
60 29 42
60 30 2
60 31 62
60 32 49
60 33 26
60 34 6
60 35 48
60 36 7
60 37 25
60 38 58
60 39 37
60 40 20
60 41 63
60 42 43
60 43 56
60 44 13
60 45 29
60 46 39
60 47 41
60 48 18
60 49 55
60 50 30
60 51 64
60 52 34
60 53 35
60 54 32
60 55 23
60 56 33
60 57 45
60 58 16
60 59 40
60 60 52
60 61 4
60 62 38
60 63 17
60 64 47
61 1 39
61 2 43
61 3 55
61 4 36
61 5 18
61 6 21
61 7 27
61 8 19
61 9 20
61 10 5
61 11 23
61 12 3
61 13 40
61 14 44
61 15 46
61 16 1
61 17 14
61 18 30
61 19 11
61 20 50
61 21 22
61 22 64
61 23 57
61 24 12
61 25 58
61 26 59
61 27 8
61 28 53
61 29 52
61 30 26
61 31 4
61 32 34
61 33 29
61 34 7
61 35 25
61 36 9
61 37 10
61 38 51
61 39 48
61 40 37
61 41 2
61 42 56
61 43 6
61 44 42
61 45 17
61 46 49
61 47 31
61 48 28
61 49 35
61 50 54
61 51 63
61 52 24
61 53 38
61 54 15
61 55 47
61 56 0
61 57 45
61 58 13
61 59 16
61 60 62
61 61 60
61 62 33
61 63 32
61 64 41
62 1 26
62 2 22
62 3 57
62 4 31
62 5 13
62 6 7
62 7 20
62 8 1
62 9 51
62 10 41
62 11 36
62 12 64
62 13 21
62 14 14
62 15 45
62 16 55
62 17 4
62 18 34
62 19 58
62 20 39
62 21 54
62 22 19
62 23 49
62 24 60
62 25 30
62 26 47
62 27 24
62 28 48
62 29 59
62 30 0
62 31 18
62 32 12
62 33 40
62 34 32
62 35 37
62 36 46
62 37 43
62 38 35
62 39 17
62 40 44
62 41 25
62 42 16
62 43 3
62 44 2
62 45 23
62 46 50
62 47 15
62 48 56
62 49 10
62 50 29
62 51 61
62 52 8
62 53 9
62 54 5
62 55 11
62 56 27
62 57 63
62 58 42
62 59 6
62 60 52
62 61 38
62 62 33
62 63 53
62 64 28
63 1 14
63 2 18
63 3 47
63 4 36
63 5 20
63 6 60
63 7 46
63 8 19
63 9 33
63 10 5
63 11 27
63 12 30
63 13 54
63 14 28
63 15 29
63 16 22
63 17 43
63 18 3
63 19 24
63 20 37
63 21 10
63 22 7
63 23 0
63 24 49
63 25 16
63 26 62
63 27 61
63 28 15
63 29 55
63 30 25
63 31 4
63 32 38
63 33 13
63 34 17
63 35 59
63 36 32
63 37 52
63 38 42
63 39 57
63 40 11
63 41 34
63 42 12
63 43 21
63 44 58
63 45 31
63 46 9
63 47 50
63 48 2
63 49 48
63 50 6
63 51 53
63 52 51
63 53 26
63 54 41
63 55 1
63 56 39
63 57 35
63 58 40
63 59 44
63 60 45
63 61 64
63 62 23
63 63 8
63 64 56
64 1 23
64 2 30
64 3 47
64 4 8
64 5 6
64 6 58
64 7 0
64 8 63
64 9 53
64 10 12
64 11 9
64 12 61
64 13 21
64 14 55
64 15 14
64 16 59
64 17 39
64 18 50
64 19 56
64 20 54
64 21 33
64 22 44
64 23 60
64 24 3
64 25 37
64 26 5
64 27 17
64 28 43
64 29 31
64 30 2
64 31 48
64 32 16
64 33 35
64 34 11
64 35 4
64 36 40
64 37 62
64 38 52
64 39 13
64 40 34
64 41 45
64 42 51
64 43 22
64 44 42
64 45 27
64 46 20
64 47 15
64 48 28
64 49 32
64 50 24
64 51 38
64 52 29
64 53 7
64 54 49
64 55 18
64 56 25
64 57 57
64 58 10
64 59 36
64 60 26
64 61 1
64 62 46
64 63 19
64 64 41