0 2
1 2
2 42
3 2
4 42
5 2
6 55
7 2
8 2
9 39
10 11
11 11
12 42
13 42
14 42
15 10
16 56
17 27
18 42
19 12
20 37
21 6
22 59
23 58
24 0
25 59
26 8
27 36
28 37
29 5
30 37
31 36
32 58
33 23
34 36
35 36
36 0
37 39
38 37
39 37
40 39
41 57
42 23
43 64
44 0
45 12
46 37
47 37
48 60
49 57
50 36
51 36
52 36
53 10
54 36
55 37
56 36
57 36
58 36
59 36
60 36
61 36
62 36
63 36
64 36
65 36
66 31
67 57
68 56
69 56
70 57
71 56
72 63
73 57
74 61
75 56
76 61
77 63
78 56
79 56
80 61
81 64
82 61
83 61
84 61
85 56
86 56
87 56
88 56
89 56
90 56
91 60
92 60
93 60
94 60
95 60
96 44
97 60
98 44
99 61
100 63
101 60
102 60
103 60
104 60
105 61
106 34
107 34
108 34
109 56
110 34
111 37
112 45
113 34
114 34
115 34
116 38
117 34
118 34
119 55
120 34
121 37
122 34
123 34
124 34
125 62
126 13
127 34
128 34
129 34
130 33
131 34
132 34
133 10
134 32
135 32
136 34
137 11
138 22
139 34
140 34
141 34
142 34
143 49
144 33
145 46
146 43
147 43
148 42
149 43
150 43
151 43
152 60
153 43
154 64
155 43
156 43
157 63
158 45
159 43
160 43
161 43
162 43
163 10
164 60
165 2
166 2
167 45
168 2
169 2
170 2
171 2
172 44
173 2
174 57
175 2
176 2
177 2
178 2
179 19
180 37
181 2
182 2
183 2
184 14
185 14
186 47
187 14
188 14
189 13
190 27
191 14
192 14
193 14
194 14
195 15
196 14
197 14
198 14
199 14
200 14
201 14
202 6
203 27
204 14
205 31
206 14
207 14
208 14
209 10
210 11
211 10
212 8
213 27
214 14
215 14
216 14
217 13
218 14
219 7
220 43
221 14
222 18
223 0
224 13
225 12
226 0
227 0
228 5
229 12
230 6
231 50
232 50
233 50
234 50
235 50
236 50
237 50
238 57
239 64
240 57
241 57
242 57
243 57
244 57
245 64
246 57
247 56
248 57
249 57
250 57
251 57
252 56
253 57
254 57
255 57
256 64
257 63
258 63
259 63
260 63
261 63
262 63
263 63
264 63
265 63
266 63
267 63
268 63
269 63
270 64
271 63
272 63
273 63
274 63
275 63
276 63
277 64
278 63
279 58
280 63
281 63
282 63
283 63
284 63
285 17
286 63
287 63
288 63
289 63
290 63
291 63
292 63
293 63
294 63
295 63
296 25
297 63
298 63
299 63
300 64
301 63
302 57
303 57
304 57
305 59
306 57
307 57
308 56
309 57
310 59
311 57
312 59
313 39
314 59
315 57
316 48
317 57
318 48
319 48
320 48
321 57
322 57
323 57
324 57
325 57
326 57
327 60
328 57
329 45
330 60
331 33
332 59
333 15
334 59
335 57
336 59
337 59
338 59
339 57
340 59
341 62
342 15
343 15
344 48
345 59
346 57
347 5
348 31
349 5
350 5
351 31
352 5
353 5
354 16
355 5
356 5
357 5
358 18
359 31
360 31
361 6
362 17
363 8
364 31
365 31
366 31
367 17
368 30
369 30
370 8
371 20
372 31
373 29
374 11
375 33
376 61
377 61
378 64
379 61
380 61
381 61
382 10
383 5
384 10
385 10
386 5
387 5
388 11
389 10
390 11
391 11
392 14
393 9
394 4
395 11
396 9
397 11
398 9
399 11
400 9
401 11
402 9
403 11
404 5
405 5
406 5
407 5
408 11
409 5
410 43
411 5
412 5
413 5
414 29
415 29
416 29
417 29
418 29
419 13
420 29
421 29
422 29
423 13
424 29
425 29
426 13
427 29
428 2
429 29
430 29
431 43
432 43
433 44
434 43
435 43
436 43
437 43
438 43
439 43
440 43
441 43
442 43
443 43
444 20
445 20
446 20
447 20
448 20
449 20
450 20
451 20
452 20
453 20
454 20
455 20
456 21
457 20
458 20
459 20
460 21
461 20
462 20
463 20
464 20
465 21
466 20
467 20
468 20
469 21
470 20
471 20
472 20
473 20
474 20
475 20
476 20
477 21
478 46
479 46
480 46
481 46
482 46
483 46
484 46
485 16
486 45
487 58
488 41
489 56
490 57
491 45
492 57
493 28
494 57
495 64
496 57
497 57
498 9
499 59
500 58
501 57
502 57
503 57
504 42
505 61
506 57
507 56
508 56
509 5
510 5
511 57
512 49
513 56
514 56
515 18
516 60
517 33
518 59
519 60
520 60
521 64
522 60
523 60
524 60
525 64
526 64
527 60
528 64
529 60
530 60
531 37
532 64
533 60
534 60
535 60
536 64
537 60
538 64
539 55
540 64
541 64
542 60
543 60
544 60
545 60
546 64
547 60
548 60
549 62
550 62
551 60
552 62
553 49
554 62
555 60
556 62
557 62
558 62
559 62
560 60
561 62
562 62
563 11
564 39
565 10
566 45
567 11
568 11
569 11
570 9
571 11
572 49
573 35
574 11
575 11
576 10
577 9
578 11
579 11
580 11
581 13
582 13
583 13
584 13
585 13
586 13
587 13
588 37
589 37
590 37
591 37
592 52
593 52
594 61
595 61
596 61
597 61
598 61
599 64
600 61
601 46
602 61
603 61
604 64
605 64
606 62
607 64
608 62
609 64
610 62
611 64
612 62
613 64
614 64
615 46
616 35
617 64
618 62
619 6
620 6
621 6
622 6
623 7
624 6
625 6
626 9
627 6
628 58
629 6
630 6
631 33
632 33
633 42
634 33
635 33
636 39
637 39
638 39
639 39
640 38
641 39
642 39
643 39
644 39
645 36
646 38
647 38
648 38
649 38
650 8
651 38
652 38
653 38
654 38
655 38
656 1
657 30
658 42
659 42
660 30
661 30
662 30
663 37
664 37
665 41
666 38
667 57
668 64
669 38
670 57
671 38
672 62
673 57
674 54
675 41
676 0
677 18
678 23
679 7
680 0
681 0
682 0
683 0
684 0
685 0
686 31
687 0
688 0
689 5
690 0
691 5
692 0
693 43
694 43
695 43
696 43
697 7
698 43
699 43
700 8
701 8
702 43
703 13
704 51
705 43
706 43
707 43
708 25
709 25
710 25
711 25
712 25
713 24
714 25
715 25
716 25
717 25
718 24
719 22
720 24
721 24
722 24
723 22
724 63
725 63
726 60
727 60
728 57
729 59
730 59
731 59
732 59
733 34
734 4
735 59
736 59
737 28
738 59
739 59
740 59
741 29
742 46
743 59
744 59
745 59
746 42
747 42
748 42
749 42
750 42
751 42
752 42
753 42
754 42
755 42
756 42
757 42
758 42
759 42
760 42
761 42
762 50
763 24
764 48
765 24
766 50
767 50
768 50
769 50
770 48
771 50
772 48
773 48
774 50
775 50
776 31
777 7
778 7
779 16
780 31
781 7
782 7
783 42
784 42
785 13
786 42
787 42
788 29
789 42
790 42
791 42
792 17
793 60
794 64
795 4
796 17
797 30
798 30
799 30
800 30
801 30
802 30
803 30
804 30
805 30
806 0
807 0
808 0
809 1
810 18
811 0
812 6
813 6
814 17
815 6
816 17
817 36
818 36
819 36
820 36
821 36
822 36
823 8
824 36
825 36
826 36
827 36
828 2
829 2
830 2
831 2
832 60
833 60
834 45
835 45
836 45
837 45
838 45
839 45
840 33
841 45
842 45
843 45
844 3
845 3
846 3
847 45
848 45
849 45
850 45
851 45
852 45
853 11
854 49
855 49
856 49
857 49
858 49
859 42
860 64
861 56
862 56
863 56
864 50
865 50
866 49
867 50
868 48
869 49
870 50
871 50
872 50
873 50
874 48
875 49
876 49
877 62
878 62
879 62
880 62
881 62
882 62
883 62
884 17
885 13
886 60
887 13
888 14
889 14
890 14
891 43
892 14
893 1
894 1
895 14
896 43
897 0
898 0
899 1
900 3
901 0
902 1
903 0
904 0
905 1
906 0
907 0
908 3
909 1
910 8
911 11
912 8
913 8
914 1
915 11
916 8
917 10
918 8
919 8
920 8
921 8
922 8
923 8
924 8
925 11
926 11
927 49
928 46
929 51
930 10
931 40
932 10
933 10
934 49
935 9
936 10
937 10
938 10
939 49
940 33
941 10
942 41
943 9
944 28
945 28
946 29
947 28
948 30
949 28
950 28
951 28
952 28
953 26
954 29
955 29
956 29
957 29
958 29
959 26
960 26
961 26
962 24
963 26
964 26
965 26
966 26
967 26
968 17
969 26
970 26
971 26
972 26
973 45
974 26
975 19
976 58
977 25
978 58
979 34
980 34
981 34
982 34
983 34
984 41
985 34
986 4
987 34
988 34
989 34
990 34
991 34
992 34
993 4
994 4
995 4
996 4
997 4
998 4
999 4
1000 4
1001 4
1002 4
1003 4
1004 2
1005 4
1006 4
1007 4
1008 2
1009 4
1010 4
1011 18
1012 4
1013 4
1014 17
1015 17
1016 18
1017 35
1018 17
1019 17
1020 17
1021 23
1022 16
1023 28
1024 17
1025 17
1026 17
1027 36
1028 36
1029 36
1030 36
1031 36
1032 36
1033 36
1034 42
1035 42
1036 42
1037 42
1038 42
1039 42
1040 42
1041 52
1042 4
1043 4
1044 4
1045 15
1046 21
1047 4
1048 38
1049 38
1050 38
1051 46
1052 46
1053 46
1054 41
1055 46
1056 46
1057 46
1058 46
1059 46
1060 47
1061 27
1062 46
1063 46
1064 38
1065 44
1066 46
1067 54
1068 46
1069 46
1070 44
1071 44
1072 44
1073 44
1074 54
1075 54
1076 16
1077 17
1078 54
1079 54
1080 54
1081 16
1082 54
1083 54
1084 54
1085 54
1086 39
1087 39
1088 52
1089 52
1090 52
1091 52
1092 52
1093 52
1094 52
1095 52
1096 27
1097 52
1098 52
1099 53
1100 56
1101 56
1102 27
1103 27
1104 27
1105 27
1106 27
1107 27
1108 27
1109 27
1110 27
1111 27
1112 27
1113 27
1114 27
1115 27
1116 27
1117 25
1118 27
1119 27
1120 47
1121 27
1122 26
1123 39
1124 39
1125 39
1126 39
1127 39
1128 39
1129 49
1130 39
1131 39
1132 39
1133 32
1134 32
1135 32
1136 32
1137 32
1138 32
1139 32
1140 32
1141 32
1142 32
1143 32
1144 32
1145 32
1146 32
1147 32
1148 32
1149 32
1150 32
1151 32
1152 32
1153 41
1154 32
1155 32
1156 21
1157 21
1158 21
1159 16
1160 21
1161 21
1162 21
1163 21
1164 21
1165 11
1166 11
1167 14
1168 21
1169 21
1170 21
1171 21
1172 21
1173 21
1174 21
1175 21
1176 21
1177 58
1178 36
1179 36
1180 36
1181 36
1182 36
1183 36
1184 36
1185 36
1186 26
1187 26
1188 26
1189 26
1190 26
1191 26
1192 25
1193 25
1194 25
1195 25
1196 25
1197 25
1198 25
1199 25
1200 25
1201 25
1202 25
1203 18
1204 18
1205 18
1206 18
1207 18
1208 23
1209 18
1210 18
1211 18
1212 18
1213 18
1214 18
1215 18
1216 18
1217 47
1218 47
1219 47
1220 47
1221 47
1222 47
1223 44
1224 47
1225 47
1226 47
1227 47
1228 47
1229 45
1230 45
1231 45
1232 28
1233 45
1234 45
1235 45
1236 13
1237 13
1238 7
1239 7
1240 7
1241 7
1242 7
1243 7
1244 7
1245 7
1246 7
1247 7
1248 7
1249 7
1250 7
1251 7
1252 7
1253 7
1254 7
1255 7
1256 7
1257 7
1258 7
1259 7
1260 7
1261 7
1262 7
1263 7
1264 7
1265 7
1266 7
1267 7
1268 7
1269 7
1270 7
1271 7
1272 7
1273 7
1274 7
1275 7
1276 7
1277 7
1278 7
1279 43
1280 43
1281 43
1282 22
1283 22
1284 22
1285 22
1286 22
1287 5
1288 30
1289 30
1290 5
1291 31
1292 5
1293 5
1294 5
1295 5
1296 5
1297 5
1298 47
1299 47
1300 47
1301 47
1302 47
1303 47
1304 47
1305 47
1306 47
1307 47
1308 47
1309 47
1310 47
1311 3
1312 47
1313 47
1314 47
1315 47
1316 47
1317 3
1318 47
1319 47
1320 47
1321 47
1322 47
1323 47
1324 50
1325 50
1326 50
1327 16
1328 16
1329 16
1330 50
1331 50
1332 44
1333 44
1334 60
1335 44
1336 44
1337 47
1338 44
1339 44
1340 44
1341 49
1342 28
1343 52
1344 49
1345 45
1346 37
1347 45
1348 45
1349 45
1350 45
1351 37
1352 45
1353 44
1354 39
1355 39
1356 39
1357 38
1358 38
1359 39
1360 39
1361 58
1362 39
1363 39
1364 39
1365 58
1366 39
1367 15
1368 32
1369 32
1370 16
1371 32
1372 16
1373 5
1374 5
1375 9
1376 9
1377 5
1378 9
1379 9
1380 5
1381 45
1382 18
1383 18
1384 18
1385 18
1386 18
1387 18
1388 18
1389 18
1390 41
1391 18
1392 18
1393 18
1394 6
1395 18
1396 64
1397 17
1398 17
1399 17
1400 17
1401 17
1402 17
1403 64
1404 45
1405 45
1406 45
1407 46
1408 46
1409 46
1410 46
1411 46
1412 46
1413 46
1414 46
1415 2
1416 2
1417 2
1418 2
1419 2
1420 2
1421 2
1422 25
1423 19
1424 25
1425 19
1426 19
1427 19
1428 19
1429 19
1430 19
1431 19
1432 46
1433 46
1434 46
1435 46
1436 46
1437 46
1438 46
1439 31
1440 27
1441 31
1442 27
1443 22
1444 17
1445 19
1446 54
1447 17
1448 20
1449 30
1450 30
1451 30
1452 30
1453 30
1454 19
1455 30
1456 30
1457 30
1458 30
1459 30
1460 20
1461 21
1462 21
1463 20
1464 22
1465 20
1466 20
1467 20
1468 21
1469 21
1470 21
1471 20
1472 21
1473 21
1474 15
1475 15
1476 15
1477 15
1478 3
1479 15
1480 15
1481 15
1482 15
1483 14
1484 13
1485 15
1486 15
1487 15
1488 15
1489 31
1490 31
1491 35
1492 35
1493 35
1494 35
1495 35
1496 35
1497 35
1498 58
1499 35
1500 33
1501 35
1502 41
1503 33
1504 34
1505 35
1506 35
1507 35
1508 58
1509 29
1510 34
1511 18
1512 18
1513 28
1514 18
1515 12
1516 12
1517 12
1518 12
1519 12
1520 12
1521 12
1522 12
1523 8
1524 13
1525 49
1526 48
1527 62
1528 49
1529 49
1530 48
1531 49
1532 49
1533 52
1534 48
1535 49
1536 49
1537 50
1538 48
1539 49
1540 49
1541 48
1542 49
1543 49
1544 49
1545 48
1546 49
1547 50
1548 48
1549 49
1550 48
1551 49
1552 49
1553 49
1554 49
1555 49
1556 49
1557 4
1558 33
1559 39
1560 33
1561 33
1562 62
1563 25
1564 25
1565 24
1566 24
1567 25
1568 40
1569 46
1570 46
1571 46
1572 35
1573 35
1574 35
1575 35
1576 14
1577 9
1578 9
1579 9
1580 9
1581 9
1582 9
1583 10
1584 10
1585 10
1586 10
1587 1
1588 1
1589 1
1590 1
1591 1
1592 15
1593 8
1594 8
1595 8
1596 9
1597 8
1598 37
1599 1
1600 1
1601 1
1602 1
1603 1
1604 1
1605 1
1606 1
1607 1
1608 1
1609 1
1610 1
1611 3
1612 1
1613 1
1614 1
1615 1
1616 1
1617 1
1618 11
1619 11
1620 47
1621 47
1622 8
1623 36
1624 36
1625 36
1626 36
1627 31
1628 31
1629 31
1630 31
1631 31
1632 31
1633 0
1634 0
1635 12
1636 12
1637 12
1638 12
1639 12
1640 12
1641 12
1642 12
1643 39
1644 39
1645 39
1646 39
1647 39
1648 39
1649 39
1650 39
1651 39
1652 44
1653 37
1654 37
1655 37
1656 37
1657 37
1658 37
1659 37
1660 37
1661 11
1662 11
1663 11
1664 11
1665 11
1666 4
1667 4
1668 41
1669 4
1670 4
1671 4
1672 4
1673 4
1674 6
1675 6
1676 58
1677 8
1678 8
1679 6
1680 6
1681 6
1682 6
1683 8
1684 8
1685 11
1686 37
1687 37
1688 42
1689 52
1690 5
1691 5
1692 27
1693 5
1694 28
1695 12
1696 19
1697 31
1698 37
1699 37
1700 64
1701 9
1702 9
1703 10
1704 10
1705 44
1706 26
1707 44
1708 44
1709 44
1710 42
1711 16
1712 33
1713 33
1714 33
1715 33
1716 15
1717 15
1718 14
1719 14
1720 14
1721 14
1722 14
1723 14
1724 14
1725 14
1726 14
1727 37
1728 45
1729 34
1730 48
1731 48
1732 48
1733 48
1734 48
1735 48
1736 48
1737 48
1738 48
1739 48
1740 48
1741 48
1742 48
1743 48
1744 48
1745 55
1746 55
1747 55
1748 55
1749 42
1750 55
1751 55
1752 55
1753 55
1754 55
1755 55
1756 44
1757 46
1758 44
1759 3
1760 51
1761 44
1762 44
1763 40
1764 44
1765 44
1766 15
1767 15
1768 27
1769 6
1770 49
1771 46
1772 17
1773 49
1774 17
1775 17
1776 17
1777 14
1778 12
1779 12
1780 35
1781 35
1782 35
1783 44
1784 35
1785 35
1786 35
1787 35
1788 35
1789 35
1790 35
1791 35
1792 35
1793 50
1794 50
1795 50
1796 50
1797 50
1798 50
1799 50
1800 49
1801 50
1802 50
1803 49
1804 49
1805 49
1806 49
1807 49
1808 47
1809 9
1810 5
1811 5
1812 5
1813 53
1814 5
1815 9
1816 9
1817 9
1818 9
1819 40
1820 40
1821 40
1822 40
1823 40
1824 40
1825 40
1826 6
1827 6
1828 6
1829 6
1830 48
1831 49
1832 49
1833 48
1834 49
1835 49
1836 49
1837 39
1838 39
1839 19
1840 19
1841 16
1842 19
1843 19
1844 19
1845 19
1846 16
1847 19
1848 19
1849 19
1850 60
1851 22
1852 60
1853 60
1854 51
1855 22
1856 54
1857 26
1858 54
1859 31
1860 26
1861 26
1862 26
1863 26
1864 27
1865 27
1866 26
1867 31
1868 26
1869 26
1870 26
1871 38
1872 38
1873 38
1874 38
1875 38
1876 38
1877 38
1878 38
1879 38
1880 38
1881 38
1882 38
1883 38
1884 38
1885 38
1886 38
1887 38
1888 38
1889 38
1890 38
1891 38
1892 38
1893 38
1894 38
1895 38
1896 38
1897 38
1898 38
1899 38
1900 38
1901 38
1902 38
1903 38
1904 38
1905 4
1906 10
1907 25
1908 25
1909 31
1910 25
1911 25
1912 11
1913 33
1914 33
1915 33
1916 9
1917 41
1918 40
1919 40
1920 41
1921 41
1922 41
1923 41
1924 49
1925 49
1926 53
1927 53
1928 45
1929 45
1930 20
1931 21
1932 59
1933 59
1934 21
1935 59
1936 58
1937 58
1938 62
1939 62
1940 62
1941 62
1942 62
1943 62
1944 15
1945 15
1946 15
1947 51
1948 15
1949 17
1950 8
1951 8
1952 8
1953 8
1954 8
1955 8
1956 8
1957 8
1958 8
1959 22
1960 3
1961 3
1962 3
1963 3
1964 3
1965 3
1966 3
1967 3
1968 3
1969 3
1970 3
1971 3
1972 3
1973 3
1974 3
1975 3
1976 3
1977 3
1978 3
1979 3
1980 0
1981 3
1982 3
1983 37
1984 52
1985 52
1986 9
1987 9
1988 34
1989 34
1990 35
1991 8
1992 35
1993 34
1994 11
1995 11
1996 11
1997 11
1998 45
1999 45
2000 45
2001 45
2002 49
2003 50
2004 50
2005 59
2006 13
2007 13
2008 13
2009 13
2010 51
2011 13
2012 13
2013 13
2014 13
2015 13
2016 13
2017 18
2018 18
2019 18
2020 18
2021 18
2022 30
2023 30
2024 30
2025 30
2026 30
2027 48
2028 48
2029 48
2030 9
2031 8
2032 9
2033 9
2034 2
2035 46
2036 46
2037 46
2038 18
2039 42
2040 42
2041 49
2042 14
2043 14
2044 14
2045 14
2046 14
2047 12
2048 12
2049 12
2050 12
2051 2
2052 12
2053 12
2054 28
2055 12
2056 12
2057 12
2058 12
2059 5
2060 5
2061 47
2062 47
2063 47
2064 47
2065 47
2066 31
2067 40
2068 31
2069 31
2070 25
2071 7
2072 31
2073 31
2074 24
2075 27
2076 27
2077 26
2078 27
2079 27
2080 27
2081 27
2082 15
2083 15
2084 15
2085 15
2086 15
2087 15
2088 37
2089 62
2090 37
2091 37
2092 37
2093 31
2094 31
2095 31
2096 17
2097 17
2098 17
2099 17
2100 17
2101 17
2102 17
2103 36
2104 36
2105 39
2106 58
2107 58
2108 58
2109 43
2110 43
2111 43
2112 43
2113 16
2114 7
2115 16
2116 5
2117 38
2118 12
2119 38
2120 38
2121 38
2122 38
2123 38
2124 40
2125 40
2126 42
2127 40
2128 40
2129 40
2130 40
2131 44
2132 44
2133 44
2134 34
2135 34
2136 34
2137 34
2138 20
2139 20
2140 2
2141 19
2142 25
2143 10
2144 10
2145 10
2146 10
2147 63
2148 20
2149 59
2150 59
2151 2
2152 59
2153 59
2154 55
2155 55
2156 55
2157 55
2158 55
2159 55
2160 62
2161 35
2162 7
2163 48
2164 48
2165 48
2166 48
2167 48
2168 48
2169 48
2170 62
2171 48
2172 32
2173 17
2174 50
2175 51
2176 3
2177 3
2178 3
2179 3
2180 3
2181 3
2182 3
2183 14
2184 14
2185 21
2186 21
2187 21
2188 64
2189 26
2190 64
2191 29
2192 58
2193 58
2194 29
2195 26
2196 29
2197 19
2198 57
2199 56
2200 20
2201 20
2202 58
2203 17
2204 12
2205 28
2206 51
2207 39
2208 39
2209 16
2210 31
2211 54
2212 54
2213 39
2214 44
2215 44
2216 44
2217 44
2218 52
2219 52
2220 52
2221 38
2222 6
2223 6
2224 6
2225 6
2226 44
2227 24
2228 24
2229 24
2230 24
2231 24
2232 24
2233 28
2234 28
2235 24
2236 24
2237 24
2238 24
2239 35
2240 24
2241 24
2242 24
2243 24
2244 6
2245 58
2246 58
2247 58
2248 58
2249 58
2250 34
2251 5
2252 7
2253 5
2254 7
2255 5
2256 5
2257 4
2258 10
2259 5
2260 10
2261 10
2262 5
2263 61
2264 3
2265 3
2266 2
2267 3
2268 3
2269 3
2270 3
2271 8
2272 8
2273 8
2274 8
2275 8
2276 8
2277 8
2278 8
2279 14
2280 14
2281 14
2282 40
2283 14
2284 16
2285 16
2286 16
2287 27
2288 58
2289 58
2290 58
2291 58
2292 58
2293 58
2294 43
2295 9
2296 9
2297 9
2298 9
2299 9
2300 9
2301 40
2302 40
2303 40
2304 40
2305 40
2306 40
2307 40
2308 40
2309 40
2310 40
2311 40
2312 15
2313 15
2314 15
2315 10
2316 10
2317 10
2318 10
2319 13
2320 13
2321 13
2322 13
2323 13
2324 13
2325 13
2326 17
2327 19
2328 26
2329 19
2330 55
2331 2
2332 2
2333 2
2334 2
2335 2
2336 2
2337 0
2338 18
2339 14
2340 7
2341 7
2342 7
2343 6
2344 58
2345 9
2346 9
2347 9
2348 9
2349 9
2350 9
2351 9
2352 9
2353 9
2354 14
2355 2
2356 2
2357 2
2358 2
2359 2
2360 2
2361 16
2362 4
2363 4
2364 16
2365 18
2366 16
2367 16
2368 16
2369 16
2370 16
2371 16
2372 16
2373 16
2374 17
2375 54
2376 16
2377 54
2378 54
2379 54
2380 54
2381 24
2382 24
2383 24
2384 24
2385 24
2386 62
2387 62
2388 62
2389 62
2390 41
2391 41
2392 41
2393 41
2394 41
2395 41
2396 41
2397 41
2398 41
2399 41
2400 41
2401 41
2402 41
2403 41
2404 41
2405 41
2406 41
2407 41
2408 54
2409 54
2410 56
2411 54
2412 54
2413 16
2414 56
2415 4
2416 9
2417 40
2418 40
2419 40
2420 40
2421 40
2422 40
2423 40
2424 54
2425 56
2426 50
2427 49
2428 52
2429 52
2430 52
2431 42
2432 42
2433 42
2434 48
2435 62
2436 62
2437 63
2438 62
2439 59
2440 62
2441 62
2442 62
2443 62
2444 62
2445 54
2446 62
2447 62
2448 62
2449 63
2450 63
2451 54
2452 59
2453 63
2454 62
2455 62
2456 63
2457 48
2458 50
2459 19
2460 19
2461 19
2462 19
2463 19
2464 19
2465 19
2466 16
2467 19
2468 19
2469 28
2470 28
2471 28
2472 54
2473 43
2474 43
2475 55
2476 19
2477 19
2478 19
2479 19
2480 41
2481 41
2482 41
2483 41
2484 41
2485 41
2486 41
2487 41
2488 41
2489 19
2490 41
2491 41
2492 41
2493 32
2494 41
2495 41
2496 41
2497 41
2498 45
2499 45
2500 64
2501 64
2502 62
2503 62
2504 62
2505 62
2506 62
2507 10
2508 10
2509 10
2510 10
2511 10
2512 10
2513 10
2514 8
2515 8
2516 50
2517 51
2518 27
2519 59
2520 30
2521 30
2522 30
2523 5
2524 9
2525 33
2526 33
2527 22
2528 22
2529 33
2530 33
2531 22
2532 17
2533 17
2534 31
2535 31
2536 31
2537 31
2538 31
2539 31
2540 31
2541 31
2542 31
2543 31
2544 31
2545 31
2546 31
2547 31
2548 31
2549 31
2550 31
2551 31
2552 31
2553 60
2554 60
2555 9
2556 39
2557 1
2558 10
2559 1
2560 1
2561 1
2562 1
2563 1
2564 57
2565 57
2566 57
2567 57
2568 57
2569 52
2570 52
2571 52
2572 52
2573 52
2574 52
2575 52
2576 64
2577 52
2578 52
2579 52
2580 24
2581 24
2582 32
2583 15
2584 15
2585 51
2586 15
2587 35
2588 35
2589 35
2590 35
2591 35
2592 35
2593 35
2594 35
2595 35
2596 46
2597 27
2598 27
2599 34
2600 34
2601 34
2602 38
2603 38
2604 22
2605 45
2606 45
2607 45
2608 45
2609 45
2610 45
2611 33
2612 12
2613 12
2614 12
2615 12
2616 12
2617 30
2618 30
2619 30
2620 30
2621 30
2622 30
2623 10
2624 22
2625 22
2626 56
2627 56
2628 56
2629 56
2630 56
2631 56
2632 56
2633 56
2634 56
2635 56
2636 51
2637 62
2638 51
2639 61
2640 6
2641 33
2642 29
2643 33
2644 29
2645 55
2646 27
2647 20
2648 27
2649 27
2650 55
2651 13
2652 55
2653 11
2654 11
2655 40
2656 24
2657 24
2658 24
2659 24
2660 24
2661 24
2662 24
2663 24
2664 24
2665 24
2666 0
2667 24
2668 24
2669 24
2670 24
2671 35
2672 34
2673 35
2674 35
2675 35
2676 35
2677 30
2678 30
2679 62
2680 10
2681 10
2682 10
2683 10
2684 10
2685 53
2686 53
2687 53
2688 53
2689 53
2690 53
2691 53
2692 53
2693 53
2694 52
2695 52
2696 52
2697 52
2698 52
2699 52
2700 52
2701 52
2702 52
2703 52
2704 4
2705 4
2706 4
2707 4
2708 4
2709 4
2710 4
2711 13
2712 13
2713 13
2714 13
2715 13
2716 13
2717 13
2718 45
2719 45
2720 45
2721 29
2722 26
2723 26
2724 26
2725 26
2726 26
2727 26
2728 31
2729 26
2730 31
2731 31
2732 31
2733 26
2734 31
2735 26
2736 26
2737 27
2738 27
2739 27
2740 27
2741 27
2742 27
2743 27
2744 27
2745 55
2746 16
2747 59
2748 13
2749 13
2750 13
2751 13
2752 13
2753 13
2754 13
2755 13
2756 3
2757 27
2758 27
2759 29
2760 29
2761 29
2762 29
2763 29
2764 31
2765 14
2766 26
2767 42
2768 42
2769 50
2770 60
2771 50
2772 51
2773 54
2774 60
2775 51
2776 33
2777 63
2778 63
2779 63
2780 63
2781 51
2782 51
2783 47
2784 12
2785 10
2786 28
2787 28
2788 3
2789 3
2790 3
2791 3
2792 3
2793 46
2794 43
2795 48
2796 48
2797 48
2798 48
2799 48
2800 48
2801 61
2802 61
2803 61
2804 61
2805 61
2806 33
2807 12
2808 51
2809 21
2810 21
2811 21
2812 21
2813 25
2814 25
2815 25
2816 25
2817 25
2818 25
2819 25
2820 17
2821 42
2822 42
2823 64
2824 27
2825 27
2826 27
2827 25
2828 25
2829 43
2830 43
2831 43
2832 43
2833 43
2834 43
2835 43
2836 43
2837 36
2838 10
2839 36
2840 52
2841 52
2842 52
2843 50
2844 50
2845 32
2846 32
2847 57
2848 35
2849 19
2850 19
2851 19
2852 19
2853 46
2854 46
2855 46
2856 46
2857 46
2858 46
2859 46
2860 10
2861 10
2862 10
2863 21
2864 58
2865 58
2866 58
2867 58
2868 18
2869 6
2870 6
2871 6
2872 6
2873 6
2874 6
2875 6
2876 6
2877 6
2878 6
2879 3
2880 6
2881 16
2882 6
2883 6
2884 1
2885 49
2886 12
2887 26
2888 26
2889 44
2890 44
2891 44
2892 44
2893 44
2894 44
2895 44
2896 44
2897 41
2898 41
2899 64
2900 56
2901 64
2902 64
2903 23
2904 23
2905 23
2906 23
2907 14
2908 29
2909 29
2910 29
2911 29
2912 1
2913 1
2914 33
2915 33
2916 0
2917 0
2918 11
2919 23
2920 56
2921 37
2922 64
2923 23
2924 16
2925 23
2926 64
2927 64
2928 56
2929 56
2930 56
2931 56
2932 32
2933 32
2934 56
2935 17
2936 17
2937 17
2938 17
2939 17
2940 17
2941 17
2942 17
2943 17
2944 17
2945 24
2946 17
2947 17
2948 17
2949 17
2950 44
2951 44
2952 2
2953 51
2954 51
2955 51
2956 53
2957 51
2958 51
2959 51
2960 51
2961 51
2962 51
2963 3
2964 3
2965 3
2966 54
2967 54
2968 54
2969 54
2970 54
2971 56
2972 56
2973 56
2974 56
2975 56
2976 56
2977 56
2978 56
2979 56
2980 1
2981 1
2982 1
2983 1
2984 1
2985 1
2986 1
2987 1
2988 2
2989 2
2990 43
2991 43
2992 43
2993 43
2994 0
2995 0
2996 0
2997 0
2998 5
2999 4
3000 4
3001 4
3002 4
3003 4
3004 20
3005 20
3006 58
3007 58
3008 58
3009 58
3010 58
3011 7
3012 20
3013 20
3014 20
3015 20
3016 20
3017 20
3018 20
3019 20
3020 15
3021 15
3022 15
3023 15
3024 15
3025 15
3026 15
3027 15
3028 15
3029 15
3030 63
3031 42
3032 42
3033 42
3034 24
3035 24
3036 21
3037 21
3038 21
3039 21
3040 21
3041 7
3042 21
3043 21
3044 21
3045 21
3046 21
3047 34
3048 34
3049 34
3050 10
3051 10
3052 10
3053 10
3054 37
3055 37
3056 37
3057 37
3058 37
3059 37
3060 37
3061 35
3062 36
3063 0
3064 0
3065 0
3066 16
3067 16
3068 26
3069 26
3070 26
3071 45
3072 52
3073 52
3074 52
3075 52
3076 52
3077 61
3078 61
3079 61
3080 61
3081 61
3082 0
3083 0
3084 6
3085 34
3086 33
3087 34
3088 33
3089 30
3090 28
3091 17
3092 17
3093 17
3094 29
3095 35
3096 35
3097 35
3098 40
3099 26
3100 39
3101 39
3102 25
3103 12
3104 62
3105 30
3106 30
3107 40
3108 40
3109 4
3110 4
3111 4
3112 54
3113 54
3114 54
3115 54
3116 48
3117 48
3118 48
3119 21
3120 21
3121 16
3122 21
3123 21
3124 48
3125 48
3126 48
3127 48
3128 10
3129 44
3130 44
3131 40
3132 40
3133 27
3134 50
3135 50
3136 50
3137 50
3138 50
3139 49
3140 50
3141 48
3142 48
3143 29
3144 29
3145 29
3146 8
3147 29
3148 29
3149 29
3150 29
3151 8
3152 29
3153 34
3154 47
3155 47
3156 14
3157 14
3158 55
3159 35
3160 35
3161 35
3162 35
3163 8
3164 26
3165 26
3166 26
3167 26
3168 26
3169 19
3170 53
3171 53
3172 53
3173 21
3174 21
3175 2
3176 2
3177 22
3178 22
3179 22
3180 43
3181 58
3182 44
3183 55
3184 55
3185 55
3186 55
3187 55
3188 55
3189 55
3190 40
3191 40
3192 40
3193 58
3194 58
3195 37
3196 37
3197 37
3198 37
3199 37
3200 18
3201 18
3202 44
3203 44
3204 51
3205 51
3206 51
3207 51
3208 51
3209 2
3210 2
3211 2
3212 28
3213 28
3214 28
3215 28
3216 4
3217 4
3218 4
3219 4
3220 4
3221 29
3222 29
3223 29
3224 29
3225 29
3226 29
3227 29
3228 29
3229 29
3230 45
3231 45
3232 45
3233 39
3234 16
3235 35
3236 16
3237 16
3238 18
3239 16
3240 16
3241 16
3242 18
3243 18
3244 37
3245 15
3246 15
3247 15
3248 25
3249 15
3250 29
3251 28
3252 28
3253 28
3254 28
3255 28
3256 28
3257 28
3258 28
3259 28
3260 28
3261 28
3262 28
3263 28
3264 28
3265 19
3266 18
3267 54
3268 47
3269 18
3270 54
3271 54
3272 54
3273 26
3274 1
3275 1
3276 1
3277 1
3278 1
3279 1
3280 1
3281 1
3282 18
3283 18
3284 22
3285 18
3286 18
3287 18
3288 18
3289 18
3290 18
3291 44
3292 50
3293 50
3294 50
3295 50
3296 59
3297 59
3298 59
3299 59
3300 59
3301 59
3302 12
3303 12
3304 12
3305 12
3306 12
3307 12
3308 12
3309 12
3310 12
3311 12
3312 12
3313 12
3314 12
3315 12
3316 12
3317 12
3318 12
3319 12
3320 12
3321 45
3322 49
3323 49
3324 26
3325 64
3326 64
3327 64
3328 64
3329 64
3330 64
3331 64
3332 6
3333 9
3334 64
3335 9
3336 64
3337 6
3338 32
3339 64
3340 32
3341 64
3342 46
3343 23
3344 23
3345 23
3346 23
3347 23
3348 23
3349 23
3350 23
3351 23
3352 23
3353 23
3354 23
3355 23
3356 23
3357 39
3358 60
3359 32
3360 32
3361 32
3362 32
3363 32
3364 33
3365 33
3366 33
3367 33
3368 33
3369 33
3370 33
3371 33
3372 33
3373 33
3374 56
3375 56
3376 8
3377 22
3378 22
3379 22
3380 22
3381 22
3382 22
3383 22
3384 22
3385 22
3386 6
3387 6
3388 6
3389 31
3390 31
3391 25
3392 25
3393 25
3394 25
3395 25
3396 25
3397 61
3398 61
3399 61
3400 61
3401 61
3402 61
3403 61
3404 61
3405 61
3406 61
3407 61
3408 61
3409 61
3410 51
3411 39
3412 39
3413 16
3414 16
3415 25
3416 25
3417 25
3418 25
3419 25
3420 14
3421 14
3422 5
3423 5
3424 0
3425 0
3426 0
3427 9
3428 9
3429 9
3430 28
3431 24
3432 24
3433 24
3434 59
3435 59
3436 40
3437 63
3438 64
3439 63
3440 2
3441 64
3442 64
3443 60
3444 60
3445 60
3446 60
3447 8
3448 34
3449 34
3450 34
3451 32
3452 39
3453 39
3454 39
3455 23
3456 23
3457 23
3458 23
3459 23
3460 23
3461 23
3462 23
3463 23
3464 23
3465 23
3466 23
3467 23
3468 23
3469 23
3470 23
3471 23
3472 23
3473 23
3474 23
3475 23
3476 23
3477 23
3478 23
3479 23
3480 23
3481 23
3482 23
3483 23
3484 23
3485 23
3486 42
3487 42
3488 42
3489 5
3490 5
3491 51
3492 51
3493 51
3494 51
3495 19
3496 19
3497 19
3498 19
3499 14
3500 33
3501 24
3502 24
3503 24
3504 49
3505 24
3506 24
3507 24
3508 24
3509 0
3510 0
3511 0
3512 3
3513 0
3514 0
3515 0
3516 0
3517 55
3518 55
3519 55
3520 55
3521 55
3522 55
3523 55
3524 55
3525 55
3526 55
3527 55
3528 55
3529 55
3530 55
3531 55
3532 55
3533 55
3534 55
3535 55
3536 55
3537 55
3538 55
3539 55
3540 33
3541 33
3542 33
3543 32
3544 7
3545 7
3546 7
3547 7
3548 63
3549 63
3550 51
3551 25
3552 25
3553 25
3554 5
3555 5
3556 5
3557 25
3558 25
3559 44
3560 20
3561 20
3562 20
3563 20
3564 63
3565 63
3566 63
3567 63
3568 63
3569 26
3570 26
3571 26
3572 9
3573 35
3574 35
3575 28
3576 28
3577 28
3578 28
3579 28
3580 28
3581 28
3582 28
3583 28
3584 28
3585 28
3586 28
3587 3
3588 62
3589 28
3590 64
3591 13
3592 34
3593 33
3594 57
3595 57
3596 44
3597 52
3598 54
3599 54
3600 54
3601 56
3602 56
3603 25
3604 25
3605 33
3606 33
3607 33
3608 33
3609 33
3610 26
3611 9
3612 9
3613 37
3614 37
3615 37
3616 37
3617 41
3618 41
3619 18
3620 18
3621 40
3622 40
3623 40
3624 15
3625 15
3626 15
3627 15
3628 15
3629 15
3630 22
3631 22
3632 22
3633 22
3634 22
3635 22
3636 22
3637 22
3638 40
3639 40
3640 4
3641 4
3642 4
3643 0
3644 0
3645 0
3646 58
3647 0
3648 58
3649 58
3650 58
3651 58
3652 58
3653 28
3654 28
3655 28
3656 49
3657 16
3658 53
3659 53
3660 53
3661 53
3662 53
3663 53
3664 53
3665 53
3666 53
3667 53
3668 53
3669 53
3670 53
3671 53
3672 53
3673 53
3674 53
3675 53
3676 53
3677 53
3678 53
3679 53
3680 53
3681 53
3682 53
3683 53
3684 53
3685 53
3686 53
3687 53
3688 53
3689 53
3690 53
3691 53
3692 52
3693 52
3694 52
3695 0
3696 18
3697 41
3698 55
3699 55
3700 55
3701 55
3702 50
3703 41
3704 51
3705 51
3706 51
3707 52
3708 44
3709 44
3710 19
3711 19
3712 19
3713 16
3714 16
3715 16
3716 16
3717 16
3718 16
3719 16
3720 4
3721 37
3722 37
3723 37
3724 37
3725 3
3726 19
3727 19
3728 19
3729 43
3730 3
3731 3
3732 28
3733 52
3734 16
3735 16
3736 16
3737 16
3738 55
3739 21
3740 21
3741 21
3742 21
3743 21
3744 32
3745 32
3746 32
3747 32
3748 32
3749 32
3750 32
3751 32
3752 32
3753 32
3754 32
3755 32
3756 40
3757 40
3758 51
3759 51
3760 51
3761 51
3762 27
3763 4
3764 4
3765 56
3766 56
3767 56
3768 54
3769 54
3770 54
3771 54
3772 9
3773 1
3774 1
3775 22
3776 22
3777 22
3778 22
3779 22
3780 16
3781 64
3782 51
3783 51
3784 47
3785 47
3786 47
3787 47
3788 47
3789 30
3790 30
3791 30
3792 37
3793 37
3794 28
3795 28
3796 28
3797 0
3798 0
3799 0
3800 54
3801 54
3802 54
3803 19
3804 23
3805 23
3806 13
3807 3
3808 1
3809 33
3810 33
3811 33
3812 33
3813 33
3814 33
3815 2
3816 19
3817 26
3818 6
3819 60
3820 60
3821 60
3822 60
3823 60
3824 60
3825 60
3826 60
3827 19
3828 19
3829 41
3830 41
3831 53
3832 53
3833 24
3834 15
3835 15
3836 3
3837 41
3838 41
3839 16
3840 53
3841 53
3842 53
3843 53
3844 53
3845 51
3846 40
3847 40
3848 40
3849 35
3850 41
3851 41
3852 16
3853 19
3854 44
3855 36
3856 47
3857 47
3858 47
3859 6
3860 6
3861 6
3862 6
3863 34
3864 34
3865 34
3866 20
3867 22
3868 22
3869 22
3870 22
3871 22
3872 22
3873 7
3874 51
3875 51
3876 51
3877 51
3878 51
3879 51
3880 51
3881 51
3882 51
3883 51
3884 59
3885 22
3886 22
3887 22
3888 22
3889 22
3890 36
3891 17
3892 17
3893 28
3894 58
3895 58
3896 5
3897 58
3898 5
3899 27
3900 29
3901 29
3902 29
3903 29
3904 29
3905 29
3906 29
3907 29
3908 32
3909 32
3910 32
3911 32
3912 52
3913 52
3914 13
3915 13
3916 30
3917 30
3918 30
3919 30
3920 30
3921 30
3922 30
3923 30
3924 30
3925 27
3926 27
3927 27
3928 46
3929 46
3930 46
3931 46
3932 46
3933 26
3934 30
3935 30
3936 30
3937 13
3938 13
3939 13
3940 13
3941 6
3942 6
3943 6
3944 40
3945 21
3946 8
3947 54
3948 54
3949 54
3950 34
3951 59
3952 0
3953 39
3954 45
3955 22
3956 11
3957 11
3958 11
3959 11
3960 11
3961 36
3962 36
3963 47
3964 16
3965 31
3966 48
3967 25
3968 53
3969 53
3970 53
3971 53
3972 59
3973 59
3974 59
3975 59
3976 59
3977 59
3978 59
3979 59
3980 59
3981 59
3982 59
3983 59
3984 59
3985 59
3986 59
3987 43
3988 44
3989 44
3990 44
3991 8
3992 33
3993 33
3994 33
3995 39
3996 57
3997 57
3998 6
3999 6
4000 6
4001 32
4002 32
4003 32
4004 35
4005 54
4006 54
4007 58
4008 58
4009 58
4010 58
4011 58
4012 11
4013 64
4014 45
4015 8
4016 12
4017 52
4018 25
4019 11
4020 11
4021 11
4022 57
4023 50
4024 50
4025 50
4026 8
4027 49
4028 47
4029 47
4030 47
4031 22
4032 22
4033 22
4034 42
4035 11
4036 11
4037 54
4038 54
4039 40
4040 40
4041 40
4042 40
4043 40
4044 37
4045 37
4046 0
4047 0
4048 12
4049 8
4050 8
4051 20
4052 47
4053 1
4054 1
4055 2
4056 2
4057 2
4058 54
4059 11
4060 11
4061 11
4062 41
4063 23
4064 23
4065 11
4066 30
4067 16
4068 30
4069 15
4070 61
4071 61
4072 61
4073 61
4074 61
4075 61
4076 61
4077 61
4078 61
4079 61
4080 61
4081 61
4082 61
4083 61
4084 61
4085 14
4086 14
4087 32
4088 32
4089 24
4090 3
4091 3
4092 44
4093 44
4094 44
4095 43
4096 36
4097 36
4098 36
4099 20
4100 19
4101 19
4102 8
4103 27
4104 27
4105 36
4106 36
4107 36
4108 58
4109 52
4110 54
4111 54
4112 54
4113 5
4114 19
4115 45
4116 15
4117 15
4118 49
4119 51
4120 51
4121 51
4122 51
4123 51
4124 51
4125 51
4126 51
4127 20
4128 20
4129 23
4130 23
4131 23
4132 23
4133 35
4134 35
4135 14
4136 28
4137 58
4138 19
4139 20
4140 20
4141 11
4142 11
4143 11
4144 60
4145 53
4146 53
4147 53
4148 39
4149 39
4150 7
4151 30
4152 36
4153 13
4154 27
4155 17
4156 46
4157 1
