0 1 14
0 2 59
0 3 2
0 4 13
0 5 35
0 6 32
0 7 16
0 8 58
0 9 51
0 10 64
0 11 33
0 12 22
0 13 46
0 14 43
0 15 19
0 16 21
0 17 1
0 18 38
0 19 67
0 20 5
0 21 17
0 22 27
0 23 50
0 24 52
0 25 65
0 26 7
0 27 49
0 28 47
0 29 45
0 30 20
0 31 40
0 32 42
0 33 69
0 34 15
0 35 8
0 36 57
0 37 29
0 38 44
0 39 56
0 40 12
0 41 63
0 42 54
0 43 34
0 44 9
0 45 24
0 46 53
0 47 3
0 48 37
0 49 31
0 50 26
0 51 4
0 52 6
0 53 39
0 54 11
0 55 62
0 56 48
0 57 55
0 58 25
0 59 61
0 60 41
0 61 28
0 62 30
0 63 68
0 64 23
0 65 18
0 66 66
0 67 60
0 68 36
0 69 10
1 1 8
1 2 6
1 3 53
1 4 22
1 5 57
1 6 55
1 7 67
1 8 37
1 9 19
1 10 51
1 11 60
1 12 38
1 13 45
1 14 65
1 15 68
1 16 49
1 17 62
1 18 31
1 19 7
1 20 34
1 21 36
1 22 63
1 23 3
1 24 56
1 25 69
1 26 30
1 27 66
1 28 15
1 29 21
1 30 0
1 31 27
1 32 12
1 33 40
1 34 14
1 35 28
1 36 39
1 37 20
1 38 61
1 39 4
1 40 11
1 41 41
1 42 50
1 43 13
1 44 54
1 45 42
1 46 33
1 47 2
1 48 43
1 49 23
1 50 35
1 51 58
1 52 5
1 53 29
1 54 47
1 55 32
1 56 46
1 57 52
1 58 64
1 59 18
1 60 59
1 61 48
1 62 24
1 63 25
1 64 17
1 65 9
1 66 16
1 67 10
1 68 44
1 69 26
2 1 58
2 2 22
2 3 68
2 4 4
2 5 57
2 6 16
2 7 52
2 8 67
2 9 7
2 10 24
2 11 30
2 12 63
2 13 11
2 14 37
2 15 42
2 16 15
2 17 32
2 18 29
2 19 61
2 20 19
2 21 44
2 22 21
2 23 26
2 24 66
2 25 1
2 26 59
2 27 69
2 28 13
2 29 36
2 30 41
2 31 9
2 32 33
2 33 65
2 34 48
2 35 54
2 36 62
2 37 23
2 38 40
2 39 38
2 40 49
2 41 28
2 42 43
2 43 10
2 44 20
2 45 6
2 46 47
2 47 25
2 48 50
2 49 12
2 50 60
2 51 46
2 52 5
2 53 56
2 54 64
2 55 55
2 56 18
2 57 3
2 58 34
2 59 45
2 60 51
2 61 35
2 62 27
2 63 0
2 64 14
2 65 17
2 66 39
2 67 53
2 68 31
2 69 8
3 1 21
3 2 31
3 3 41
3 4 36
3 5 6
3 6 69
3 7 63
3 8 49
3 9 10
3 10 20
3 11 58
3 12 66
3 13 60
3 14 13
3 15 28
3 16 23
3 17 22
3 18 37
3 19 25
3 20 51
3 21 64
3 22 4
3 23 59
3 24 42
3 25 16
3 26 40
3 27 55
3 28 18
3 29 46
3 30 2
3 31 7
3 32 12
3 33 9
3 34 32
3 35 65
3 36 47
3 37 17
3 38 26
3 39 53
3 40 1
3 41 5
3 42 24
3 43 54
3 44 56
3 45 35
3 46 29
3 47 34
3 48 11
3 49 15
3 50 27
3 51 44
3 52 67
3 53 8
3 54 61
3 55 57
3 56 14
3 57 30
3 58 19
3 59 62
3 60 33
3 61 68
3 62 0
3 63 43
3 64 38
3 65 52
3 66 39
3 67 45
3 68 48
3 69 50
4 1 46
4 2 53
4 3 52
4 4 20
4 5 11
4 6 33
4 7 39
4 8 42
4 9 8
4 10 19
4 11 27
4 12 49
4 13 55
4 14 22
4 15 21
4 16 51
4 17 35
4 18 38
4 19 17
4 20 2
4 21 69
4 22 41
4 23 12
4 24 59
4 25 3
4 26 60
4 27 6
4 28 25
4 29 13
4 30 0
4 31 5
4 32 9
4 33 65
4 34 43
4 35 7
4 36 50
4 37 47
4 38 30
4 39 28
4 40 63
4 41 68
4 42 32
4 43 31
4 44 67
4 45 64
4 46 26
4 47 45
4 48 1
4 49 23
4 50 34
4 51 10
4 52 36
4 53 57
4 54 61
4 55 15
4 56 62
4 57 14
4 58 16
4 59 40
4 60 44
4 61 18
4 62 56
4 63 37
4 64 58
4 65 66
4 66 24
4 67 29
4 68 48
4 69 54
5 1 24
5 2 63
5 3 66
5 4 25
5 5 23
5 6 18
5 7 49
5 8 33
5 9 42
5 10 30
5 11 55
5 12 39
5 13 10
5 14 48
5 15 35
5 16 38
5 17 54
5 18 61
5 19 17
5 20 2
5 21 13
5 22 46
5 23 21
5 24 50
5 25 16
5 26 4
5 27 64
5 28 27
5 29 37
5 30 51
5 31 20
5 32 19
5 33 1
5 34 7
5 35 9
5 36 68
5 37 31
5 38 58
5 39 40
5 40 28
5 41 15
5 42 57
5 43 52
5 44 45
5 45 3
5 46 69
5 47 14
5 48 26
5 49 8
5 50 0
5 51 29
5 52 59
5 53 43
5 54 11
5 55 6
5 56 67
5 57 60
5 58 56
5 59 47
5 60 41
5 61 62
5 62 22
5 63 65
5 64 32
5 65 34
5 66 36
5 67 12
5 68 44
5 69 53
6 1 33
6 2 7
6 3 67
6 4 8
6 5 37
6 6 11
6 7 38
6 8 44
6 9 4
6 10 35
6 11 63
6 12 5
6 13 68
6 14 56
6 15 42
6 16 10
6 17 13
6 18 17
6 19 49
6 20 21
6 21 54
6 22 41
6 23 64
6 24 57
6 25 65
6 26 24
6 27 29
6 28 32
6 29 53
6 30 23
6 31 18
6 32 27
6 33 28
6 34 58
6 35 20
6 36 59
6 37 3
6 38 19
6 39 14
6 40 47
6 41 69
6 42 66
6 43 43
6 44 60
6 45 0
6 46 26
6 47 45
6 48 55
6 49 15
6 50 1
6 51 62
6 52 46
6 53 22
6 54 9
6 55 40
6 56 51
6 57 36
6 58 39
6 59 2
6 60 31
6 61 61
6 62 25
6 63 50
6 64 16
6 65 52
6 66 48
6 67 34
6 68 12
6 69 30
7 1 20
7 2 53
7 3 41
7 4 19
7 5 36
7 6 63
7 7 64
7 8 34
7 9 29
7 10 17
7 11 66
7 12 35
7 13 50
7 14 69
7 15 52
7 16 42
7 17 30
7 18 43
7 19 28
7 20 32
7 21 56
7 22 16
7 23 31
7 24 37
7 25 60
7 26 13
7 27 14
7 28 23
7 29 45
7 30 57
7 31 25
7 32 9
7 33 47
7 34 18
7 35 61
7 36 62
7 37 12
7 38 59
7 39 24
7 40 15
7 41 22
7 42 8
7 43 6
7 44 3
7 45 68
7 46 11
7 47 58
7 48 39
7 49 38
7 50 40
7 51 49
7 52 4
7 53 44
7 54 48
7 55 26
7 56 21
7 57 67
7 58 0
7 59 55
7 60 1
7 61 54
7 62 33
7 63 65
7 64 2
7 65 46
7 66 10
7 67 27
7 68 51
7 69 5
8 1 60
8 2 50
8 3 12
8 4 62
8 5 53
8 6 41
8 7 45
8 8 11
8 9 9
8 10 1
8 11 39
8 12 20
8 13 43
8 14 38
8 15 26
8 16 40
8 17 47
8 18 10
8 19 5
8 20 64
8 21 56
8 22 48
8 23 28
8 24 17
8 25 19
8 26 58
8 27 13
8 28 32
8 29 23
8 30 61
8 31 67
8 32 31
8 33 0
8 34 16
8 35 52
8 36 54
8 37 66
8 38 42
8 39 46
8 40 18
8 41 25
8 42 63
8 43 68
8 44 15
8 45 3
8 46 49
8 47 30
8 48 29
8 49 37
8 50 22
8 51 59
8 52 4
8 53 7
8 54 57
8 55 35
8 56 14
8 57 24
8 58 34
8 59 51
8 60 69
8 61 55
8 62 27
8 63 65
8 64 44
8 65 36
8 66 6
8 67 21
8 68 33
8 69 2
9 1 44
9 2 18
9 3 62
9 4 30
9 5 67
9 6 6
9 7 40
9 8 54
9 9 10
9 10 49
9 11 60
9 12 58
9 13 35
9 14 36
9 15 55
9 16 68
9 17 37
9 18 4
9 19 0
9 20 22
9 21 11
9 22 52
9 23 12
9 24 33
9 25 5
9 26 2
9 27 16
9 28 45
9 29 14
9 30 3
9 31 25
9 32 51
9 33 46
9 34 13
9 35 47
9 36 32
9 37 20
9 38 42
9 39 17
9 40 1
9 41 59
9 42 66
9 43 34
9 44 19
9 45 26
9 46 61
9 47 28
9 48 63
9 49 24
9 50 8
9 51 64
9 52 48
9 53 7
9 54 57
9 55 15
9 56 56
9 57 39
9 58 43
9 59 65
9 60 21
9 61 53
9 62 69
9 63 50
9 64 29
9 65 23
9 66 27
9 67 41
9 68 38
9 69 31
10 1 23
10 2 60
10 3 7
10 4 41
10 5 54
10 6 66
10 7 50
10 8 52
10 9 57
10 10 17
10 11 69
10 12 28
10 13 16
10 14 20
10 15 36
10 16 6
10 17 46
10 18 1
10 19 58
10 20 65
10 21 4
10 22 51
10 23 21
10 24 67
10 25 59
10 26 3
10 27 31
10 28 40
10 29 48
10 30 0
10 31 22
10 32 62
10 33 39
10 34 32
10 35 12
10 36 11
10 37 8
10 38 5
10 39 34
10 40 37
10 41 47
10 42 18
10 43 63
10 44 24
10 45 19
10 46 30
10 47 61
10 48 15
10 49 26
10 50 49
10 51 9
10 52 44
10 53 64
10 54 42
10 55 68
10 56 53
10 57 25
10 58 55
10 59 29
10 60 43
10 61 27
10 62 14
10 63 33
10 64 56
10 65 38
10 66 35
10 67 2
10 68 45
10 69 13
11 1 66
11 2 48
11 3 9
11 4 10
11 5 21
11 6 50
11 7 24
11 8 47
11 9 22
11 10 60
11 11 33
11 12 55
11 13 17
11 14 68
11 15 34
11 16 7
11 17 54
11 18 39
11 19 63
11 20 27
11 21 29
11 22 31
11 23 42
11 24 61
11 25 36
11 26 43
11 27 0
11 28 37
11 29 30
11 30 65
11 31 19
11 32 64
11 33 53
11 34 58
11 35 23
11 36 16
11 37 25
11 38 1
11 39 13
11 40 15
11 41 32
11 42 51
11 43 41
11 44 12
11 45 4
11 46 18
11 47 40
11 48 56
11 49 67
11 50 38
11 51 28
11 52 49
11 53 5
11 54 62
11 55 8
11 56 45
11 57 26
11 58 52
11 59 59
11 60 6
11 61 14
11 62 57
11 63 69
11 64 20
11 65 3
11 66 46
11 67 2
11 68 44
11 69 35
12 1 56
12 2 57
12 3 68
12 4 4
12 5 9
12 6 27
12 7 50
12 8 65
12 9 0
12 10 11
12 11 69
12 12 51
12 13 42
12 14 33
12 15 6
12 16 22
12 17 32
12 18 41
12 19 36
12 20 31
12 21 18
12 22 19
12 23 66
12 24 21
12 25 34
12 26 44
12 27 45
12 28 23
12 29 15
12 30 26
12 31 20
12 32 2
12 33 62
12 34 58
12 35 46
12 36 17
12 37 14
12 38 29
12 39 39
12 40 5
12 41 55
12 42 54
12 43 30
12 44 37
12 45 1
12 46 49
12 47 24
12 48 3
12 49 10
12 50 59
12 51 43
12 52 48
12 53 47
12 54 13
12 55 67
12 56 52
12 57 7
12 58 35
12 59 25
12 60 61
12 61 40
12 62 60
12 63 63
12 64 38
12 65 64
12 66 53
12 67 16
12 68 28
12 69 8
13 1 23
13 2 9
13 3 39
13 4 34
13 5 15
13 6 5
13 7 14
13 8 62
13 9 2
13 10 19
13 11 49
13 12 47
13 13 26
13 14 57
13 15 41
13 16 42
13 17 30
13 18 10
13 19 28
13 20 50
13 21 40
13 22 68
13 23 32
13 24 45
13 25 24
13 26 31
13 27 37
13 28 67
13 29 0
13 30 58
13 31 36
13 32 1
13 33 22
13 34 6
13 35 12
13 36 48
13 37 54
13 38 43
13 39 8
13 40 59
13 41 33
13 42 3
13 43 18
13 44 52
13 45 4
13 46 29
13 47 69
13 48 20
13 49 35
13 50 53
13 51 17
13 52 65
13 53 11
13 54 66
13 55 44
13 56 60
13 57 55
13 58 51
13 59 16
13 60 61
13 61 46
13 62 64
13 63 7
13 64 27
13 65 63
13 66 21
13 67 56
13 68 25
13 69 38
14 1 8
14 2 49
14 3 41
14 4 44
14 5 37
14 6 33
14 7 42
14 8 19
14 9 65
14 10 29
14 11 34
14 12 11
14 13 16
14 14 3
14 15 39
14 16 53
14 17 4
14 18 25
14 19 66
14 20 6
14 21 36
14 22 57
14 23 55
14 24 0
14 25 20
14 26 13
14 27 27
14 28 61
14 29 7
14 30 47
14 31 5
14 32 2
14 33 51
14 34 48
14 35 24
14 36 15
14 37 56
14 38 63
14 39 52
14 40 30
14 41 69
14 42 38
14 43 1
14 44 62
14 45 32
14 46 68
14 47 60
14 48 12
14 49 18
14 50 35
14 51 58
14 52 43
14 53 40
14 54 22
14 55 64
14 56 21
14 57 17
14 58 26
14 59 28
14 60 46
14 61 59
14 62 23
14 63 31
14 64 9
14 65 50
14 66 67
14 67 54
14 68 45
14 69 10
15 1 65
15 2 19
15 3 43
15 4 28
15 5 44
15 6 30
15 7 51
15 8 55
15 9 52
15 10 7
15 11 54
15 12 21
15 13 64
15 14 69
15 15 13
15 16 17
15 17 62
15 18 23
15 19 45
15 20 26
15 21 42
15 22 66
15 23 5
15 24 36
15 25 60
15 26 29
15 27 18
15 28 68
15 29 61
15 30 53
15 31 27
15 32 12
15 33 3
15 34 41
15 35 46
15 36 22
15 37 0
15 38 24
15 39 56
15 40 48
15 41 63
15 42 11
15 43 38
15 44 14
15 45 4
15 46 32
15 47 33
15 48 39
15 49 25
15 50 59
15 51 31
15 52 16
15 53 1
15 54 10
15 55 34
15 56 40
15 57 35
15 58 2
15 59 58
15 60 6
15 61 20
15 62 57
15 63 37
15 64 67
15 65 8
15 66 47
15 67 9
15 68 49
15 69 50
16 1 4
16 2 47
16 3 0
16 4 32
16 5 6
16 6 25
16 7 14
16 8 68
16 9 69
16 10 21
16 11 59
16 12 56
16 13 13
16 14 62
16 15 61
16 16 3
16 17 55
16 18 9
16 19 63
16 20 66
16 21 52
16 22 12
16 23 64
16 24 31
16 25 27
16 26 29
16 27 24
16 28 51
16 29 43
16 30 19
16 31 20
16 32 15
16 33 8
16 34 46
16 35 40
16 36 37
16 37 50
16 38 48
16 39 54
16 40 49
16 41 67
16 42 17
16 43 11
16 44 26
16 45 30
16 46 34
16 47 2
16 48 58
16 49 33
16 50 5
16 51 22
16 52 42
16 53 53
16 54 39
16 55 38
16 56 57
16 57 60
16 58 18
16 59 65
16 60 44
16 61 36
16 62 28
16 63 35
16 64 10
16 65 7
16 66 1
16 67 23
16 68 41
16 69 45
17 1 16
17 2 0
17 3 36
17 4 12
17 5 58
17 6 30
17 7 50
17 8 32
17 9 69
17 10 1
17 11 55
17 12 27
17 13 63
17 14 47
17 15 26
17 16 4
17 17 40
17 18 44
17 19 49
17 20 3
17 21 5
17 22 13
17 23 37
17 24 39
17 25 65
17 26 7
17 27 66
17 28 34
17 29 67
17 30 52
17 31 21
17 32 33
17 33 19
17 34 60
17 35 45
17 36 2
17 37 35
17 38 23
17 39 25
17 40 14
17 41 56
17 42 28
17 43 18
17 44 54
17 45 9
17 46 51
17 47 48
17 48 68
17 49 59
17 50 61
17 51 43
17 52 38
17 53 46
17 54 41
17 55 53
17 56 11
17 57 57
17 58 22
17 59 15
17 60 24
17 61 64
17 62 6
17 63 8
17 64 62
17 65 10
17 66 29
17 67 42
17 68 31
17 69 20
18 1 28
18 2 61
18 3 38
18 4 69
18 5 1
18 6 42
18 7 37
18 8 55
18 9 58
18 10 48
18 11 33
18 12 0
18 13 53
18 14 8
18 15 6
18 16 12
18 17 9
18 18 46
18 19 21
18 20 36
18 21 29
18 22 65
18 23 64
18 24 68
18 25 16
18 26 66
18 27 19
18 28 31
18 29 50
18 30 3
18 31 27
18 32 10
18 33 35
18 34 44
18 35 63
18 36 57
18 37 5
18 38 30
18 39 23
18 40 56
18 41 20
18 42 25
18 43 41
18 44 60
18 45 59
18 46 22
18 47 47
18 48 49
18 49 62
18 50 14
18 51 43
18 52 15
18 53 51
18 54 52
18 55 24
18 56 45
18 57 40
18 58 34
18 59 39
18 60 17
18 61 7
18 62 26
18 63 4
18 64 32
18 65 2
18 66 54
18 67 13
18 68 67
18 69 11
19 1 9
19 2 67
19 3 15
19 4 28
19 5 61
19 6 58
19 7 27
19 8 11
19 9 13
19 10 32
19 11 4
19 12 29
19 13 43
19 14 21
19 15 8
19 16 18
19 17 22
19 18 6
19 19 40
19 20 56
19 21 37
19 22 46
19 23 12
19 24 52
19 25 31
19 26 42
19 27 36
19 28 44
19 29 66
19 30 45
19 31 57
19 32 25
19 33 24
19 34 38
19 35 50
19 36 1
19 37 60
19 38 39
19 39 0
19 40 26
19 41 34
19 42 41
19 43 35
19 44 49
19 45 47
19 46 55
19 47 30
19 48 68
19 49 54
19 50 63
19 51 10
19 52 64
19 53 51
19 54 16
19 55 2
19 56 48
19 57 69
19 58 53
19 59 5
19 60 62
19 61 23
19 62 59
19 63 33
19 64 65
19 65 7
19 66 14
19 67 17
19 68 3
19 69 20
20 1 4
20 2 49
20 3 38
20 4 41
20 5 67
20 6 28
20 7 25
20 8 18
20 9 11
20 10 36
20 11 15
20 12 57
20 13 32
20 14 48
20 15 61
20 16 43
20 17 66
20 18 22
20 19 30
20 20 10
20 21 26
20 22 9
20 23 6
20 24 59
20 25 47
20 26 37
20 27 23
20 28 34
20 29 63
20 30 3
20 31 24
20 32 55
20 33 68
20 34 51
20 35 7
20 36 13
20 37 33
20 38 58
20 39 46
20 40 64
20 41 39
20 42 60
20 43 16
20 44 56
20 45 53
20 46 8
20 47 1
20 48 21
20 49 44
20 50 2
20 51 35
20 52 65
20 53 50
20 54 42
20 55 27
20 56 14
20 57 17
20 58 5
20 59 69
20 60 29
20 61 62
20 62 40
20 63 45
20 64 19
20 65 0
20 66 52
20 67 12
20 68 54
20 69 31
21 1 7
21 2 69
21 3 5
21 4 25
21 5 56
21 6 20
21 7 62
21 8 68
21 9 28
21 10 11
21 11 64
21 12 61
21 13 66
21 14 23
21 15 58
21 16 27
21 17 3
21 18 16
21 19 35
21 20 55
21 21 10
21 22 9
21 23 41
21 24 31
21 25 4
21 26 39
21 27 32
21 28 15
21 29 33
21 30 36
21 31 6
21 32 63
21 33 13
21 34 47
21 35 19
21 36 1
21 37 38
21 38 59
21 39 60
21 40 67
21 41 53
21 42 40
21 43 12
21 44 52
21 45 57
21 46 51
21 47 49
21 48 0
21 49 45
21 50 65
21 51 43
21 52 30
21 53 34
21 54 17
21 55 2
21 56 18
21 57 14
21 58 42
21 59 44
21 60 8
21 61 26
21 62 29
21 63 22
21 64 50
21 65 46
21 66 54
21 67 48
21 68 37
21 69 24
22 1 46
22 2 65
22 3 5
22 4 47
22 5 13
22 6 45
22 7 43
22 8 6
22 9 57
22 10 24
22 11 36
22 12 10
22 13 16
22 14 15
22 15 35
22 16 19
22 17 33
22 18 26
22 19 4
22 20 12
22 21 61
22 22 29
22 23 42
22 24 44
22 25 8
22 26 17
22 27 7
22 28 41
22 29 3
22 30 51
22 31 39
22 32 69
22 33 32
22 34 2
22 35 25
22 36 63
22 37 23
22 38 9
22 39 27
22 40 40
22 41 34
22 42 30
22 43 59
22 44 66
22 45 49
22 46 0
22 47 48
22 48 31
22 49 54
22 50 37
22 51 58
22 52 53
22 53 38
22 54 67
22 55 21
22 56 64
22 57 62
22 58 11
22 59 68
22 60 60
22 61 14
22 62 28
22 63 56
22 64 18
22 65 1
22 66 55
22 67 20
22 68 50
22 69 52
23 1 41
23 2 9
23 3 55
23 4 0
23 5 19
23 6 51
23 7 10
23 8 18
23 9 16
23 10 30
23 11 67
23 12 6
23 13 26
23 14 12
23 15 46
23 16 61
23 17 50
23 18 35
23 19 43
23 20 7
23 21 44
23 22 37
23 23 22
23 24 69
23 25 62
23 26 32
23 27 25
23 28 53
23 29 3
23 30 31
23 31 8
23 32 14
23 33 40
23 34 45
23 35 27
23 36 68
23 37 11
23 38 59
23 39 17
23 40 20
23 41 15
23 42 47
23 43 38
23 44 36
23 45 56
23 46 34
23 47 21
23 48 52
23 49 5
23 50 4
23 51 24
23 52 63
23 53 58
23 54 60
23 55 49
23 56 66
23 57 42
23 58 28
23 59 1
23 60 48
23 61 57
23 62 64
23 63 13
23 64 54
23 65 39
23 66 65
23 67 2
23 68 33
23 69 29
24 1 16
24 2 30
24 3 2
24 4 34
24 5 69
24 6 12
24 7 5
24 8 21
24 9 36
24 10 14
24 11 1
24 12 9
24 13 62
24 14 54
24 15 3
24 16 22
24 17 52
24 18 55
24 19 59
24 20 43
24 21 39
24 22 18
24 23 65
24 24 15
24 25 27
24 26 60
24 27 11
24 28 42
24 29 13
24 30 47
24 31 63
24 32 0
24 33 32
24 34 40
24 35 56
24 36 35
24 37 44
24 38 67
24 39 38
24 40 53
24 41 41
24 42 7
24 43 28
24 44 4
24 45 6
24 46 25
24 47 33
24 48 58
24 49 50
24 50 64
24 51 61
24 52 46
24 53 26
24 54 10
24 55 57
24 56 37
24 57 66
24 58 31
24 59 8
24 60 45
24 61 23
24 62 20
24 63 48
24 64 19
24 65 49
24 66 68
24 67 51
24 68 29
24 69 17
25 1 55
25 2 11
25 3 6
25 4 31
25 5 37
25 6 12
25 7 62
25 8 16
25 9 49
25 10 3
25 11 14
25 12 45
25 13 64
25 14 48
25 15 63
25 16 66
25 17 53
25 18 67
25 19 44
25 20 15
25 21 20
25 22 17
25 23 7
25 24 43
25 25 57
25 26 50
25 27 69
25 28 27
25 29 29
25 30 39
25 31 41
25 32 33
25 33 28
25 34 36
25 35 0
25 36 52
25 37 26
25 38 2
25 39 34
25 40 51
25 41 38
25 42 22
25 43 13
25 44 68
25 45 8
25 46 21
25 47 40
25 48 58
25 49 32
25 50 56
25 51 65
25 52 23
25 53 61
25 54 4
25 55 42
25 56 47
25 57 1
25 58 30
25 59 35
25 60 54
25 61 9
25 62 19
25 63 59
25 64 60
25 65 24
25 66 10
25 67 46
25 68 18
25 69 5
26 1 22
26 2 29
26 3 58
26 4 6
26 5 19
26 6 45
26 7 28
26 8 51
26 9 33
26 10 52
26 11 35
26 12 57
26 13 56
26 14 36
26 15 49
26 16 0
26 17 4
26 18 42
26 19 65
26 20 18
26 21 46
26 22 60
26 23 24
26 24 50
26 25 21
26 26 59
26 27 20
26 28 62
26 29 53
26 30 12
26 31 27
26 32 10
26 33 25
26 34 7
26 35 17
26 36 5
26 37 34
26 38 32
26 39 43
26 40 61
26 41 69
26 42 14
26 43 38
26 44 30
26 45 47
26 46 55
26 47 15
26 48 54
26 49 9
26 50 13
26 51 40
26 52 64
26 53 37
26 54 67
26 55 3
26 56 48
26 57 31
26 58 16
26 59 63
26 60 44
26 61 1
26 62 8
26 63 68
26 64 41
26 65 11
26 66 39
26 67 23
26 68 66
26 69 2
27 1 29
27 2 15
27 3 5
27 4 28
27 5 26
27 6 6
27 7 33
27 8 55
27 9 57
27 10 20
27 11 68
27 12 12
27 13 46
27 14 43
27 15 10
27 16 53
27 17 42
27 18 44
27 19 62
27 20 58
27 21 0
27 22 56
27 23 1
27 24 45
27 25 31
27 26 67
27 27 65
27 28 22
27 29 50
27 30 69
27 31 13
27 32 54
27 33 23
27 34 37
27 35 51
27 36 59
27 37 17
27 38 7
27 39 49
27 40 36
27 41 63
27 42 21
27 43 30
27 44 24
27 45 39
27 46 35
27 47 8
27 48 25
27 49 41
27 50 40
27 51 64
27 52 47
27 53 14
27 54 9
27 55 60
27 56 61
27 57 2
27 58 34
27 59 16
27 60 52
27 61 48
27 62 19
27 63 38
27 64 18
27 65 32
27 66 4
27 67 66
27 68 3
27 69 11
28 1 24
28 2 11
28 3 48
28 4 66
28 5 39
28 6 31
28 7 65
28 8 10
28 9 67
28 10 2
28 11 42
28 12 8
28 13 46
28 14 59
28 15 14
28 16 38
28 17 18
28 18 13
28 19 55
28 20 3
28 21 57
28 22 30
28 23 32
28 24 20
28 25 45
28 26 43
28 27 62
28 28 41
28 29 12
28 30 35
28 31 9
28 32 4
28 33 40
28 34 60
28 35 64
28 36 15
28 37 23
28 38 6
28 39 1
28 40 49
28 41 27
28 42 61
28 43 0
28 44 37
28 45 19
28 46 69
28 47 36
28 48 50
28 49 34
28 50 54
28 51 52
28 52 68
28 53 5
28 54 22
28 55 21
28 56 47
28 57 25
28 58 44
28 59 26
28 60 51
28 61 58
28 62 16
28 63 53
28 64 63
28 65 29
28 66 7
28 67 33
28 68 17
28 69 56
29 1 40
29 2 47
29 3 33
29 4 18
29 5 8
29 6 31
29 7 59
29 8 54
29 9 28
29 10 55
29 11 69
29 12 34
29 13 11
29 14 41
29 15 58
29 16 56
29 17 49
29 18 2
29 19 48
29 20 1
29 21 13
29 22 64
29 23 39
29 24 15
29 25 35
29 26 19
29 27 24
29 28 42
29 29 44
29 30 32
29 31 51
29 32 53
29 33 68
29 34 3
29 35 36
29 36 21
29 37 12
29 38 63
29 39 37
29 40 26
29 41 20
29 42 9
29 43 23
29 44 46
29 45 14
29 46 57
29 47 22
29 48 10
29 49 17
29 50 27
29 51 30
29 52 25
29 53 7
29 54 4
29 55 50
29 56 66
29 57 38
29 58 0
29 59 65
29 60 45
29 61 67
29 62 60
29 63 62
29 64 6
29 65 52
29 66 61
29 67 43
29 68 5
29 69 16
30 1 13
30 2 69
30 3 68
30 4 52
30 5 2
30 6 35
30 7 20
30 8 12
30 9 57
30 10 16
30 11 38
30 12 6
30 13 58
30 14 55
30 15 27
30 16 50
30 17 66
30 18 42
30 19 23
30 20 34
30 21 8
30 22 4
30 23 44
30 24 65
30 25 60
30 26 62
30 27 29
30 28 0
30 29 33
30 30 15
30 31 56
30 32 7
30 33 67
30 34 51
30 35 28
30 36 9
30 37 41
30 38 64
30 39 26
30 40 53
30 41 37
30 42 25
30 43 24
30 44 10
30 45 14
30 46 48
30 47 19
30 48 32
30 49 59
30 50 47
30 51 63
30 52 22
30 53 45
30 54 11
30 55 17
30 56 39
30 57 61
30 58 40
30 59 31
30 60 1
30 61 36
30 62 3
30 63 49
30 64 46
30 65 21
30 66 54
30 67 5
30 68 18
30 69 43
31 1 39
31 2 56
31 3 41
31 4 21
31 5 40
31 6 12
31 7 0
31 8 24
31 9 20
31 10 23
31 11 11
31 12 60
31 13 37
31 14 69
31 15 36
31 16 49
31 17 61
31 18 16
31 19 19
31 20 48
31 21 58
31 22 6
31 23 30
31 24 2
31 25 5
31 26 9
31 27 63
31 28 10
31 29 8
31 30 51
31 31 46
31 32 34
31 33 54
31 34 55
31 35 62
31 36 17
31 37 43
31 38 14
31 39 32
31 40 68
31 41 45
31 42 65
31 43 13
31 44 67
31 45 44
31 46 53
31 47 25
31 48 15
31 49 35
31 50 26
31 51 42
31 52 52
31 53 57
31 54 18
31 55 59
31 56 4
31 57 27
31 58 47
31 59 66
31 60 64
31 61 33
31 62 38
31 63 7
31 64 50
31 65 1
31 66 28
31 67 29
31 68 22
31 69 3
32 1 45
32 2 50
32 3 15
32 4 42
32 5 27
32 6 37
32 7 10
32 8 35
32 9 38
32 10 62
32 11 52
32 12 49
32 13 59
32 14 12
32 15 31
32 16 13
32 17 6
32 18 34
32 19 9
32 20 14
32 21 41
32 22 23
32 23 47
32 24 28
32 25 69
32 26 36
32 27 2
32 28 26
32 29 40
32 30 21
32 31 68
32 32 53
32 33 67
32 34 24
32 35 11
32 36 65
32 37 54
32 38 16
32 39 46
32 40 63
32 41 1
32 42 18
32 43 3
32 44 22
32 45 43
32 46 8
32 47 7
32 48 17
32 49 61
32 50 64
32 51 66
32 52 48
32 53 33
32 54 19
32 55 4
32 56 44
32 57 30
32 58 29
32 59 5
32 60 0
32 61 51
32 62 39
32 63 55
32 64 56
32 65 57
32 66 60
32 67 25
32 68 58
32 69 20
33 1 30
33 2 43
33 3 18
33 4 38
33 5 66
33 6 11
33 7 58
33 8 51
33 9 56
33 10 22
33 11 28
33 12 40
33 13 45
33 14 62
33 15 7
33 16 31
33 17 47
33 18 3
33 19 14
33 20 15
33 21 52
33 22 8
33 23 55
33 24 17
33 25 44
33 26 27
33 27 9
33 28 5
33 29 13
33 30 41
33 31 0
33 32 12
33 33 4
33 34 19
33 35 63
33 36 61
33 37 16
33 38 10
33 39 34
33 40 24
33 41 46
33 42 36
33 43 69
33 44 59
33 45 20
33 46 67
33 47 64
33 48 49
33 49 23
33 50 68
33 51 6
33 52 26
33 53 21
33 54 60
33 55 35
33 56 42
33 57 29
33 58 50
33 59 48
33 60 39
33 61 54
33 62 37
33 63 65
33 64 57
33 65 53
33 66 1
33 67 25
33 68 32
33 69 2
34 1 30
34 2 13
34 3 14
34 4 24
34 5 51
34 6 63
34 7 47
34 8 7
34 9 2
34 10 17
34 11 9
34 12 23
34 13 53
34 14 52
34 15 4
34 16 61
34 17 33
34 18 31
34 19 62
34 20 68
34 21 49
34 22 40
34 23 0
34 24 8
34 25 21
34 26 18
34 27 10
34 28 5
34 29 39
34 30 38
34 31 3
34 32 35
34 33 11
34 34 20
34 35 45
34 36 60
34 37 65
34 38 64
34 39 58
34 40 27
34 41 57
34 42 54
34 43 69
34 44 37
34 45 19
34 46 6
34 47 48
34 48 43
34 49 28
34 50 67
34 51 12
34 52 41
34 53 50
34 54 16
34 55 15
34 56 56
34 57 29
34 58 46
34 59 66
34 60 1
34 61 26
34 62 42
34 63 36
34 64 25
34 65 59
34 66 44
34 67 22
34 68 55
34 69 32
35 1 67
35 2 23
35 3 69
35 4 33
35 5 64
35 6 39
35 7 57
35 8 29
35 9 53
35 10 46
35 11 20
35 12 45
35 13 24
35 14 43
35 15 1
35 16 41
35 17 27
35 18 6
35 19 42
35 20 36
35 21 0
35 22 50
35 23 17
35 24 21
35 25 59
35 26 52
35 27 28
35 28 68
35 29 12
35 30 58
35 31 25
35 32 8
35 33 37
35 34 14
35 35 34
35 36 48
35 37 3
35 38 38
35 39 31
35 40 63
35 41 11
35 42 4
35 43 16
35 44 56
35 45 18
35 46 7
35 47 65
35 48 60
35 49 66
35 50 2
35 51 55
35 52 19
35 53 32
35 54 62
35 55 54
35 56 49
35 57 22
35 58 44
35 59 5
35 60 61
35 61 9
35 62 13
35 63 30
35 64 10
35 65 15
35 66 51
35 67 40
35 68 47
35 69 26
36 1 42
36 2 24
36 3 52
36 4 1
36 5 66
36 6 34
36 7 31
36 8 64
36 9 63
36 10 17
36 11 19
36 12 53
36 13 46
36 14 14
36 15 65
36 16 16
36 17 62
36 18 35
36 19 4
36 20 39
36 21 56
36 22 57
36 23 67
36 24 6
36 25 28
36 26 48
36 27 50
36 28 51
36 29 30
36 30 38
36 31 29
36 32 7
36 33 55
36 34 8
36 35 44
36 36 40
36 37 27
36 38 18
36 39 2
36 40 13
36 41 12
36 42 25
36 43 26
36 44 61
36 45 33
36 46 69
36 47 22
36 48 21
36 49 49
36 50 54
36 51 23
36 52 3
36 53 32
36 54 15
36 55 58
36 56 20
36 57 0
36 58 60
36 59 11
36 60 10
36 61 43
36 62 5
36 63 45
36 64 37
36 65 47
36 66 59
36 67 68
36 68 9
36 69 41
37 1 51
37 2 69
37 3 25
37 4 12
37 5 2
37 6 11
37 7 59
37 8 17
37 9 39
37 10 43
37 11 65
37 12 10
37 13 28
37 14 31
37 15 5
37 16 16
37 17 30
37 18 35
37 19 0
37 20 7
37 21 61
37 22 14
37 23 47
37 24 6
37 25 33
37 26 66
37 27 53
37 28 36
37 29 3
37 30 42
37 31 40
37 32 49
37 33 19
37 34 20
37 35 13
37 36 63
37 37 54
37 38 60
37 39 52
37 40 56
37 41 22
37 42 38
37 43 18
37 44 15
37 45 9
37 46 44
37 47 8
37 48 46
37 49 24
37 50 23
37 51 50
37 52 67
37 53 41
37 54 68
37 55 1
37 56 48
37 57 4
37 58 26
37 59 21
37 60 29
37 61 32
37 62 62
37 63 58
37 64 57
37 65 45
37 66 64
37 67 34
37 68 27
37 69 55
38 1 32
38 2 44
38 3 12
38 4 20
38 5 8
38 6 28
38 7 30
38 8 6
38 9 46
38 10 59
38 11 61
38 12 69
38 13 35
38 14 25
38 15 36
38 16 54
38 17 68
38 18 55
38 19 60
38 20 66
38 21 2
38 22 4
38 23 11
38 24 40
38 25 45
38 26 10
38 27 67
38 28 65
38 29 17
38 30 39
38 31 5
38 32 51
38 33 26
38 34 37
38 35 52
38 36 42
38 37 15
38 38 3
38 39 31
38 40 43
38 41 16
38 42 62
38 43 13
38 44 33
38 45 50
38 46 64
38 47 49
38 48 0
38 49 29
38 50 9
38 51 1
38 52 19
38 53 21
38 54 57
38 55 63
38 56 58
38 57 14
38 58 18
38 59 56
38 60 34
38 61 47
38 62 7
38 63 27
38 64 41
38 65 23
38 66 48
38 67 22
38 68 53
38 69 24
39 1 34
39 2 64
39 3 35
39 4 15
39 5 40
39 6 47
39 7 23
39 8 69
39 9 41
39 10 68
39 11 36
39 12 31
39 13 28
39 14 63
39 15 20
39 16 19
39 17 26
39 18 5
39 19 1
39 20 32
39 21 16
39 22 3
39 23 46
39 24 7
39 25 43
39 26 42
39 27 18
39 28 6
39 29 62
39 30 11
39 31 21
39 32 57
39 33 45
39 34 33
39 35 65
39 36 10
39 37 8
39 38 14
39 39 9
39 40 66
39 41 29
39 42 49
39 43 38
39 44 4
39 45 60
39 46 51
39 47 61
39 48 67
39 49 13
39 50 50
39 51 58
39 52 17
39 53 22
39 54 59
39 55 44
39 56 52
39 57 55
39 58 0
39 59 12
39 60 25
39 61 48
39 62 54
39 63 30
39 64 53
39 65 2
39 66 27
39 67 37
39 68 56
39 69 24
40 1 59
40 2 18
40 3 45
40 4 7
40 5 27
40 6 62
40 7 32
40 8 2
40 9 64
40 10 9
40 11 23
40 12 24
40 13 12
40 14 8
40 15 31
40 16 17
40 17 10
40 18 66
40 19 63
40 20 11
40 21 60
40 22 26
40 23 25
40 24 28
40 25 30
40 26 42
40 27 29
40 28 57
40 29 49
40 30 3
40 31 61
40 32 39
40 33 41
40 34 34
40 35 13
40 36 58
40 37 16
40 38 36
40 39 15
40 40 65
40 41 37
40 42 33
40 43 0
40 44 51
40 45 1
40 46 43
40 47 22
40 48 54
40 49 19
40 50 6
40 51 47
40 52 48
40 53 14
40 54 53
40 55 50
40 56 21
40 57 44
40 58 38
40 59 20
40 60 52
40 61 4
40 62 55
40 63 69
40 64 68
40 65 46
40 66 5
40 67 67
40 68 56
40 69 35
41 1 51
41 2 48
41 3 53
41 4 12
41 5 34
41 6 37
41 7 15
41 8 56
41 9 27
41 10 35
41 11 20
41 12 25
41 13 8
41 14 23
41 15 17
41 16 50
41 17 33
41 18 47
41 19 67
41 20 60
41 21 26
41 22 40
41 23 36
41 24 59
41 25 69
41 26 68
41 27 18
41 28 10
41 29 3
41 30 2
41 31 21
41 32 7
41 33 22
41 34 0
41 35 29
41 36 9
41 37 57
41 38 24
41 39 46
41 40 64
41 41 30
41 42 61
41 43 54
41 44 38
41 45 6
41 46 1
41 47 28
41 48 45
41 49 52
41 50 4
41 51 58
41 52 63
41 53 66
41 54 19
41 55 65
41 56 16
41 57 39
41 58 55
41 59 31
41 60 5
41 61 32
41 62 43
41 63 44
41 64 49
41 65 14
41 66 13
41 67 11
41 68 42
41 69 62
42 1 56
42 2 9
42 3 38
42 4 44
42 5 55
42 6 20
42 7 50
42 8 59
42 9 40
42 10 39
42 11 12
42 12 25
42 13 10
42 14 2
42 15 67
42 16 57
42 17 32
42 18 63
42 19 19
42 20 53
42 21 18
42 22 11
42 23 29
42 24 1
42 25 41
42 26 62
42 27 61
42 28 24
42 29 34
42 30 6
42 31 52
42 32 35
42 33 7
42 34 48
42 35 45
42 36 8
42 37 60
42 38 30
42 39 5
42 40 68
42 41 26
42 42 66
42 43 51
42 44 0
42 45 33
42 46 13
42 47 28
42 48 65
42 49 49
42 50 16
42 51 21
42 52 47
42 53 54
42 54 3
42 55 31
42 56 64
42 57 27
42 58 22
42 59 43
42 60 46
42 61 23
42 62 69
42 63 15
42 64 14
42 65 36
42 66 37
42 67 4
42 68 17
42 69 58
43 1 26
43 2 2
43 3 52
43 4 61
43 5 40
43 6 13
43 7 11
43 8 9
43 9 34
43 10 49
43 11 42
43 12 31
43 13 39
43 14 33
43 15 63
43 16 60
43 17 44
43 18 17
43 19 29
43 20 19
43 21 15
43 22 3
43 23 20
43 24 14
43 25 51
43 26 1
43 27 57
43 28 5
43 29 37
43 30 65
43 31 45
43 32 58
43 33 48
43 34 18
43 35 56
43 36 30
43 37 36
43 38 16
43 39 7
43 40 41
43 41 47
43 42 4
43 43 27
43 44 12
43 45 0
43 46 24
43 47 32
43 48 69
43 49 59
43 50 68
43 51 50
43 52 66
43 53 28
43 54 6
43 55 23
43 56 38
43 57 64
43 58 55
43 59 25
43 60 35
43 61 46
43 62 21
43 63 62
43 64 67
43 65 22
43 66 54
43 67 53
43 68 10
43 69 8
44 1 53
44 2 60
44 3 69
44 4 2
44 5 16
44 6 24
44 7 21
44 8 28
44 9 41
44 10 27
44 11 3
44 12 59
44 13 51
44 14 42
44 15 7
44 16 39
44 17 61
44 18 38
44 19 58
44 20 19
44 21 65
44 22 45
44 23 15
44 24 48
44 25 13
44 26 9
44 27 36
44 28 57
44 29 30
44 30 22
44 31 50
44 32 66
44 33 26
44 34 23
44 35 6
44 36 63
44 37 4
44 38 68
44 39 1
44 40 12
44 41 14
44 42 56
44 43 64
44 44 33
44 45 10
44 46 34
44 47 25
44 48 11
44 49 62
44 50 43
44 51 17
44 52 5
44 53 40
44 54 55
44 55 0
44 56 47
44 57 18
44 58 46
44 59 49
44 60 20
44 61 52
44 62 54
44 63 32
44 64 29
44 65 35
44 66 8
44 67 37
44 68 31
44 69 67
45 1 21
45 2 10
45 3 22
45 4 50
45 5 55
45 6 30
45 7 67
45 8 24
45 9 0
45 10 59
45 11 57
45 12 14
45 13 11
45 14 6
45 15 62
45 16 36
45 17 20
45 18 32
45 19 27
45 20 37
45 21 41
45 22 56
45 23 47
45 24 8
45 25 23
45 26 49
45 27 28
45 28 64
45 29 43
45 30 38
45 31 52
45 32 51
45 33 63
45 34 58
45 35 4
45 36 29
45 37 66
45 38 13
45 39 40
45 40 31
45 41 68
45 42 17
45 43 34
45 44 19
45 45 26
45 46 35
45 47 5
45 48 9
45 49 15
45 50 42
45 51 3
45 52 46
45 53 2
45 54 16
45 55 44
45 56 7
45 57 18
45 58 33
45 59 53
45 60 48
45 61 12
45 62 39
45 63 61
45 64 60
45 65 25
45 66 1
45 67 54
45 68 65
45 69 69
46 1 68
46 2 49
46 3 11
46 4 58
46 5 24
46 6 48
46 7 54
46 8 19
46 9 18
46 10 3
46 11 41
46 12 5
46 13 31
46 14 67
46 15 0
46 16 35
46 17 65
46 18 17
46 19 13
46 20 7
46 21 60
46 22 20
46 23 32
46 24 39
46 25 42
46 26 43
46 27 21
46 28 52
46 29 62
46 30 14
46 31 44
46 32 64
46 33 29
46 34 15
46 35 57
46 36 12
46 37 22
46 38 56
46 39 30
46 40 59
46 41 2
46 42 66
46 43 1
46 44 10
46 45 45
46 46 23
46 47 9
46 48 28
46 49 8
46 50 47
46 51 37
46 52 33
46 53 27
46 54 40
46 55 25
46 56 55
46 57 26
46 58 38
46 59 51
46 60 50
46 61 4
46 62 6
46 63 63
46 64 34
46 65 61
46 66 36
46 67 16
46 68 53
46 69 69
47 1 37
47 2 25
47 3 66
47 4 5
47 5 58
47 6 51
47 7 26
47 8 46
47 9 40
47 10 7
47 11 42
47 12 8
47 13 44
47 14 32
47 15 62
47 16 33
47 17 6
47 18 2
47 19 35
47 20 11
47 21 10
47 22 12
47 23 67
47 24 41
47 25 13
47 26 28
47 27 65
47 28 24
47 29 56
47 30 53
47 31 21
47 32 50
47 33 45
47 34 20
47 35 22
47 36 31
47 37 39
47 38 27
47 39 16
47 40 15
47 41 43
47 42 29
47 43 19
47 44 9
47 45 48
47 46 36
47 47 38
47 48 14
47 49 52
47 50 57
47 51 63
47 52 1
47 53 23
47 54 34
47 55 59
47 56 60
47 57 17
47 58 4
47 59 64
47 60 3
47 61 68
47 62 54
47 63 69
47 64 18
47 65 0
47 66 55
47 67 61
47 68 49
47 69 30
48 1 50
48 2 39
48 3 22
48 4 29
48 5 27
48 6 52
48 7 31
48 8 46
48 9 65
48 10 32
48 11 7
48 12 0
48 13 25
48 14 54
48 15 15
48 16 5
48 17 43
48 18 14
48 19 19
48 20 3
48 21 58
48 22 24
48 23 66
48 24 36
48 25 41
48 26 49
48 27 53
48 28 51
48 29 37
48 30 67
48 31 35
48 32 47
48 33 69
48 34 9
48 35 45
48 36 28
48 37 21
48 38 40
48 39 64
48 40 38
48 41 4
48 42 18
48 43 56
48 44 12
48 45 60
48 46 44
48 47 17
48 48 23
48 49 10
48 50 13
48 51 2
48 52 57
48 53 1
48 54 42
48 55 8
48 56 30
48 57 33
48 58 59
48 59 68
48 60 6
48 61 55
48 62 20
48 63 11
48 64 34
48 65 63
48 66 61
48 67 26
48 68 62
48 69 16
49 1 69
49 2 42
49 3 21
49 4 52
49 5 26
49 6 17
49 7 51
49 8 54
49 9 15
49 10 4
49 11 58
49 12 25
49 13 33
49 14 50
49 15 63
49 16 65
49 17 24
49 18 56
49 19 0
49 20 59
49 21 8
49 22 48
49 23 36
49 24 3
49 25 40
49 26 6
49 27 19
49 28 29
49 29 5
49 30 62
49 31 46
49 32 61
49 33 34
49 34 39
49 35 20
49 36 1
49 37 10
49 38 66
49 39 67
49 40 18
49 41 60
49 42 28
49 43 47
49 44 38
49 45 37
49 46 45
49 47 12
49 48 7
49 49 43
49 50 68
49 51 32
49 52 2
49 53 27
49 54 13
49 55 22
49 56 11
49 57 23
49 58 16
49 59 31
49 60 41
49 61 55
49 62 57
49 63 64
49 64 9
49 65 14
49 66 30
49 67 35
49 68 53
49 69 44
50 1 63
50 2 9
50 3 10
50 4 64
50 5 49
50 6 35
50 7 28
50 8 40
50 9 4
50 10 54
50 11 8
50 12 0
50 13 2
50 14 16
50 15 26
50 16 14
50 17 3
50 18 24
50 19 34
50 20 20
50 21 23
50 22 51
50 23 39
50 24 21
50 25 15
50 26 44
50 27 65
50 28 11
50 29 59
50 30 47
50 31 60
50 32 56
50 33 42
50 34 68
50 35 33
50 36 27
50 37 12
50 38 1
50 39 22
50 40 53
50 41 25
50 42 41
50 43 61
50 44 57
50 45 7
50 46 32
50 47 58
50 48 45
50 49 19
50 50 31
50 51 17
50 52 13
50 53 6
50 54 5
50 55 30
50 56 62
50 57 46
50 58 29
50 59 36
50 60 55
50 61 48
50 62 52
50 63 38
50 64 67
50 65 69
50 66 18
50 67 37
50 68 43
50 69 66
51 1 8
51 2 42
51 3 40
51 4 21
51 5 32
51 6 62
51 7 64
51 8 17
51 9 45
51 10 19
51 11 36
51 12 58
51 13 16
51 14 59
51 15 20
51 16 26
51 17 69
51 18 53
51 19 3
51 20 66
51 21 54
51 22 25
51 23 47
51 24 67
51 25 38
51 26 37
51 27 46
51 28 23
51 29 9
51 30 2
51 31 22
51 32 18
51 33 63
51 34 24
51 35 14
51 36 4
51 37 13
51 38 15
51 39 56
51 40 31
51 41 6
51 42 11
51 43 60
51 44 7
51 45 44
51 46 12
51 47 30
51 48 34
51 49 0
51 50 65
51 51 10
51 52 52
51 53 1
51 54 35
51 55 55
51 56 5
51 57 33
51 58 43
51 59 61
51 60 27
51 61 48
51 62 57
51 63 49
51 64 28
51 65 68
51 66 29
51 67 50
51 68 41
51 69 39
52 1 64
52 2 50
52 3 32
52 4 13
52 5 63
52 6 69
52 7 20
52 8 51
52 9 53
52 10 48
52 11 60
52 12 21
52 13 30
52 14 11
52 15 17
52 16 49
52 17 37
52 18 23
52 19 62
52 20 22
52 21 5
52 22 67
52 23 12
52 24 15
52 25 38
52 26 19
52 27 24
52 28 56
52 29 68
52 30 65
52 31 40
52 32 44
52 33 45
52 34 1
52 35 6
52 36 46
52 37 66
52 38 33
52 39 26
52 40 29
52 41 35
52 42 9
52 43 7
52 44 2
52 45 55
52 46 34
52 47 16
52 48 25
52 49 43
52 50 47
52 51 3
52 52 61
52 53 39
52 54 27
52 55 41
52 56 31
52 57 14
52 58 0
52 59 18
52 60 59
52 61 58
52 62 54
52 63 42
52 64 4
52 65 8
52 66 57
52 67 36
52 68 10
52 69 28
53 1 25
53 2 36
53 3 67
53 4 24
53 5 43
53 6 62
53 7 19
53 8 13
53 9 9
53 10 10
53 11 5
53 12 49
53 13 18
53 14 60
53 15 46
53 16 33
53 17 37
53 18 0
53 19 68
53 20 41
53 21 55
53 22 1
53 23 16
53 24 65
53 25 63
53 26 61
53 27 20
53 28 50
53 29 40
53 30 45
53 31 2
53 32 15
53 33 66
53 34 32
53 35 51
53 36 3
53 37 7
53 38 44
53 39 57
53 40 26
53 41 14
53 42 23
53 43 29
53 44 35
53 45 58
53 46 54
53 47 59
53 48 30
53 49 42
53 50 48
53 51 28
53 52 12
53 53 4
53 54 56
53 55 8
53 56 17
53 57 69
53 58 27
53 59 38
53 60 52
53 61 6
53 62 21
53 63 31
53 64 11
53 65 64
53 66 39
53 67 34
53 68 22
53 69 47
54 1 6
54 2 36
54 3 8
54 4 56
54 5 39
54 6 2
54 7 41
54 8 45
54 9 18
54 10 66
54 11 17
54 12 38
54 13 53
54 14 30
54 15 46
54 16 5
54 17 0
54 18 44
54 19 40
54 20 37
54 21 23
54 22 33
54 23 27
54 24 32
54 25 55
54 26 42
54 27 69
54 28 19
54 29 43
54 30 22
54 31 35
54 32 4
54 33 49
54 34 63
54 35 11
54 36 50
54 37 7
54 38 67
54 39 3
54 40 9
54 41 21
54 42 29
54 43 25
54 44 61
54 45 28
54 46 65
54 47 52
54 48 68
54 49 12
54 50 64
54 51 24
54 52 34
54 53 57
54 54 20
54 55 59
54 56 16
54 57 1
54 58 58
54 59 47
54 60 26
54 61 13
54 62 10
54 63 62
54 64 48
54 65 51
54 66 14
54 67 15
54 68 31
54 69 60
55 1 37
55 2 7
55 3 29
55 4 17
55 5 27
55 6 61
55 7 66
55 8 36
55 9 39
55 10 42
55 11 32
55 12 23
55 13 10
55 14 53
55 15 9
55 16 57
55 17 5
55 18 25
55 19 43
55 20 54
55 21 41
55 22 49
55 23 64
55 24 48
55 25 52
55 26 34
55 27 18
55 28 6
55 29 0
55 30 14
55 31 24
55 32 4
55 33 58
55 34 30
55 35 2
55 36 26
55 37 20
55 38 11
55 39 67
55 40 47
55 41 62
55 42 31
55 43 40
55 44 59
55 45 12
55 46 15
55 47 46
55 48 56
55 49 22
55 50 44
55 51 69
55 52 33
55 53 28
55 54 68
55 55 19
55 56 38
55 57 16
55 58 60
55 59 63
55 60 35
55 61 8
55 62 65
55 63 50
55 64 13
55 65 21
55 66 51
55 67 1
55 68 45
55 69 3
56 1 57
56 2 39
56 3 22
56 4 54
56 5 4
56 6 51
56 7 33
56 8 3
56 9 63
56 10 14
56 11 8
56 12 66
56 13 41
56 14 15
56 15 37
56 16 21
56 17 19
56 18 43
56 19 23
56 20 69
56 21 10
56 22 7
56 23 27
56 24 18
56 25 46
56 26 49
56 27 42
56 28 13
56 29 2
56 30 65
56 31 34
56 32 20
56 33 48
56 34 50
56 35 40
56 36 44
56 37 1
56 38 5
56 39 60
56 40 58
56 41 59
56 42 11
56 43 29
56 44 16
56 45 32
56 46 9
56 47 35
56 48 12
56 49 68
56 50 55
56 51 0
56 52 45
56 53 36
56 54 62
56 55 25
56 56 52
56 57 47
56 58 64
56 59 26
56 60 31
56 61 61
56 62 53
56 63 30
56 64 67
56 65 28
56 66 17
56 67 24
56 68 6
56 69 38
57 1 34
57 2 38
57 3 59
57 4 19
57 5 21
57 6 60
57 7 51
57 8 5
57 9 52
57 10 14
57 11 62
57 12 24
57 13 45
57 14 67
57 15 12
57 16 22
57 17 30
57 18 37
57 19 11
57 20 27
57 21 29
57 22 3
57 23 32
57 24 58
57 25 66
57 26 25
57 27 36
57 28 4
57 29 39
57 30 1
57 31 28
57 32 55
57 33 9
57 34 13
57 35 33
57 36 7
57 37 68
57 38 40
57 39 16
57 40 41
57 41 10
57 42 69
57 43 50
57 44 43
57 45 2
57 46 0
57 47 47
57 48 31
57 49 42
57 50 61
57 51 6
57 52 18
57 53 8
57 54 64
57 55 49
57 56 44
57 57 17
57 58 23
57 59 15
57 60 54
57 61 26
57 62 35
57 63 65
57 64 48
57 65 63
57 66 56
57 67 20
57 68 46
57 69 53
58 1 24
58 2 38
58 3 4
58 4 6
58 5 28
58 6 7
58 7 67
58 8 60
58 9 59
58 10 11
58 11 45
58 12 15
58 13 64
58 14 33
58 15 52
58 16 40
58 17 55
58 18 65
58 19 20
58 20 62
58 21 29
58 22 42
58 23 5
58 24 41
58 25 12
58 26 53
58 27 34
58 28 2
58 29 37
58 30 47
58 31 30
58 32 57
58 33 66
58 34 54
58 35 10
58 36 44
58 37 26
58 38 31
58 39 69
58 40 23
58 41 51
58 42 32
58 43 39
58 44 49
58 45 48
58 46 8
58 47 43
58 48 63
58 49 22
58 50 9
58 51 61
58 52 36
58 53 68
58 54 16
58 55 3
58 56 17
58 57 25
58 58 35
58 59 19
58 60 46
58 61 50
58 62 27
58 63 0
58 64 18
58 65 56
58 66 21
58 67 14
58 68 13
58 69 1
59 1 60
59 2 43
59 3 46
59 4 1
59 5 39
59 6 51
59 7 21
59 8 52
59 9 42
59 10 48
59 11 30
59 12 23
59 13 47
59 14 26
59 15 20
59 16 58
59 17 24
59 18 12
59 19 9
59 20 40
59 21 18
59 22 68
59 23 17
59 24 3
59 25 41
59 26 63
59 27 4
59 28 33
59 29 10
59 30 28
59 31 44
59 32 22
59 33 37
59 34 13
59 35 61
59 36 50
59 37 5
59 38 25
59 39 27
59 40 69
59 41 62
59 42 32
59 43 35
59 44 29
59 45 15
59 46 19
59 47 64
59 48 53
59 49 49
59 50 67
59 51 54
59 52 65
59 53 38
59 54 11
59 55 55
59 56 45
59 57 8
59 58 31
59 59 16
59 60 57
59 61 7
59 62 66
59 63 6
59 64 2
59 65 34
59 66 36
59 67 0
59 68 56
59 69 14
60 1 68
60 2 63
60 3 37
60 4 7
60 5 30
60 6 24
60 7 15
60 8 55
60 9 47
60 10 29
60 11 1
60 12 4
60 13 33
60 14 43
60 15 36
60 16 31
60 17 46
60 18 58
60 19 54
60 20 12
60 21 38
60 22 23
60 23 39
60 24 48
60 25 66
60 26 57
60 27 65
60 28 13
60 29 52
60 30 20
60 31 56
60 32 3
60 33 67
60 34 51
60 35 59
60 36 28
60 37 32
60 38 50
60 39 22
60 40 11
60 41 18
60 42 14
60 43 5
60 44 53
60 45 0
60 46 61
60 47 62
60 48 19
60 49 35
60 50 25
60 51 49
60 52 6
60 53 64
60 54 44
60 55 10
60 56 34
60 57 2
60 58 45
60 59 21
60 60 69
60 61 8
60 62 16
60 63 17
60 64 41
60 65 26
60 66 27
60 67 40
60 68 42
60 69 9
61 1 5
61 2 32
61 3 39
61 4 28
61 5 67
61 6 63
61 7 47
61 8 35
61 9 43
61 10 7
61 11 65
61 12 41
61 13 49
61 14 13
61 15 58
61 16 36
61 17 27
61 18 3
61 19 53
61 20 14
61 21 62
61 22 12
61 23 0
61 24 52
61 25 22
61 26 31
61 27 21
61 28 37
61 29 20
61 30 44
61 31 54
61 32 66
61 33 30
61 34 33
61 35 11
61 36 64
61 37 46
61 38 38
61 39 10
61 40 17
61 41 45
61 42 56
61 43 15
61 44 51
61 45 34
61 46 9
61 47 16
61 48 6
61 49 18
61 50 42
61 51 25
61 52 4
61 53 29
61 54 68
61 55 48
61 56 2
61 57 55
61 58 50
61 59 8
61 60 57
61 61 1
61 62 26
61 63 40
61 64 23
61 65 24
61 66 59
61 67 69
61 68 19
61 69 60
62 1 54
62 2 6
62 3 49
62 4 1
62 5 27
62 6 31
62 7 7
62 8 8
62 9 47
62 10 11
62 11 45
62 12 19
62 13 38
62 14 64
62 15 4
62 16 59
62 17 16
62 18 29
62 19 63
62 20 50
62 21 28
62 22 66
62 23 68
62 24 35
62 25 44
62 26 46
62 27 32
62 28 3
62 29 67
62 30 5
62 31 21
62 32 23
62 33 56
62 34 53
62 35 33
62 36 41
62 37 0
62 38 42
62 39 26
62 40 55
62 41 52
62 42 2
62 43 13
62 44 20
62 45 30
62 46 69
62 47 17
62 48 39
62 49 51
62 50 14
62 51 48
62 52 43
62 53 57
62 54 37
62 55 22
62 56 40
62 57 58
62 58 65
62 59 34
62 60 12
62 61 10
62 62 18
62 63 25
62 64 15
62 65 9
62 66 60
62 67 61
62 68 36
62 69 24
63 1 47
63 2 1
63 3 22
63 4 38
63 5 32
63 6 2
63 7 27
63 8 41
63 9 56
63 10 69
63 11 53
63 12 40
63 13 57
63 14 17
63 15 58
63 16 52
63 17 20
63 18 50
63 19 15
63 20 3
63 21 18
63 22 16
63 23 9
63 24 66
63 25 11
63 26 30
63 27 44
63 28 5
63 29 35
63 30 45
63 31 46
63 32 25
63 33 29
63 34 21
63 35 23
63 36 37
63 37 10
63 38 61
63 39 24
63 40 59
63 41 64
63 42 39
63 43 12
63 44 6
63 45 43
63 46 36
63 47 8
63 48 48
63 49 0
63 50 49
63 51 4
63 52 55
63 53 13
63 54 7
63 55 33
63 56 34
63 57 31
63 58 54
63 59 67
63 60 26
63 61 60
63 62 14
63 63 28
63 64 62
63 65 51
63 66 19
63 67 42
63 68 65
63 69 68
64 1 44
64 2 19
64 3 33
64 4 56
64 5 51
64 6 2
64 7 46
64 8 39
64 9 23
64 10 7
64 11 9
64 12 68
64 13 59
64 14 30
64 15 42
64 16 32
64 17 43
64 18 1
64 19 29
64 20 0
64 21 66
64 22 24
64 23 22
64 24 65
64 25 27
64 26 18
64 27 55
64 28 54
64 29 45
64 30 61
64 31 21
64 32 31
64 33 28
64 34 16
64 35 52
64 36 6
64 37 49
64 38 50
64 39 58
64 40 25
64 41 36
64 42 69
64 43 60
64 44 40
64 45 35
64 46 14
64 47 4
64 48 62
64 49 41
64 50 67
64 51 57
64 52 11
64 53 3
64 54 17
64 55 48
64 56 15
64 57 47
64 58 26
64 59 10
64 60 13
64 61 8
64 62 37
64 63 5
64 64 20
64 65 63
64 66 53
64 67 34
64 68 38
64 69 12
65 1 62
65 2 63
65 3 41
65 4 23
65 5 67
65 6 25
65 7 52
65 8 1
65 9 17
65 10 13
65 11 44
65 12 55
65 13 14
65 14 60
65 15 19
65 16 16
65 17 66
65 18 48
65 19 69
65 20 56
65 21 45
65 22 37
65 23 43
65 24 51
65 25 26
65 26 57
65 27 39
65 28 49
65 29 4
65 30 11
65 31 64
65 32 54
65 33 29
65 34 5
65 35 46
65 36 35
65 37 8
65 38 2
65 39 61
65 40 15
65 41 20
65 42 58
65 43 42
65 44 34
65 45 68
65 46 3
65 47 59
65 48 9
65 49 24
65 50 47
65 51 32
65 52 6
65 53 36
65 54 18
65 55 0
65 56 50
65 57 33
65 58 21
65 59 30
65 60 12
65 61 38
65 62 22
65 63 28
65 64 27
65 65 40
65 66 31
65 67 10
65 68 7
65 69 53
66 1 23
66 2 27
66 3 5
66 4 16
66 5 58
66 6 10
66 7 54
66 8 13
66 9 59
66 10 36
66 11 3
66 12 67
66 13 48
66 14 30
66 15 39
66 16 63
66 17 44
66 18 29
66 19 26
66 20 22
66 21 46
66 22 56
66 23 17
66 24 69
66 25 65
66 26 2
66 27 20
66 28 50
66 29 15
66 30 64
66 31 60
66 32 18
66 33 53
66 34 52
66 35 37
66 36 38
66 37 57
66 38 25
66 39 49
66 40 68
66 41 11
66 42 14
66 43 6
66 44 47
66 45 24
66 46 62
66 47 40
66 48 1
66 49 19
66 50 28
66 51 33
66 52 32
66 53 43
66 54 31
66 55 8
66 56 41
66 57 45
66 58 7
66 59 21
66 60 0
66 61 35
66 62 9
66 63 12
66 64 42
66 65 34
66 66 55
66 67 4
66 68 61
66 69 51
67 1 23
67 2 58
67 3 20
67 4 43
67 5 14
67 6 5
67 7 34
67 8 50
67 9 60
67 10 16
67 11 41
67 12 4
67 13 64
67 14 44
67 15 66
67 16 68
67 17 18
67 18 19
67 19 30
67 20 45
67 21 13
67 22 51
67 23 54
67 24 63
67 25 62
67 26 27
67 27 48
67 28 47
67 29 0
67 30 9
67 31 15
67 32 25
67 33 10
67 34 46
67 35 57
67 36 7
67 37 32
67 38 17
67 39 21
67 40 35
67 41 33
67 42 12
67 43 42
67 44 28
67 45 29
67 46 37
67 47 61
67 48 31
67 49 56
67 50 59
67 51 49
67 52 26
67 53 38
67 54 2
67 55 69
67 56 65
67 57 53
67 58 3
67 59 52
67 60 36
67 61 1
67 62 55
67 63 39
67 64 22
67 65 6
67 66 8
67 67 40
67 68 11
67 69 24
68 1 63
68 2 25
68 3 6
68 4 60
68 5 30
68 6 12
68 7 26
68 8 69
68 9 55
68 10 62
68 11 56
68 12 24
68 13 35
68 14 61
68 15 41
68 16 39
68 17 67
68 18 13
68 19 27
68 20 40
68 21 20
68 22 10
68 23 50
68 24 45
68 25 29
68 26 53
68 27 47
68 28 34
68 29 5
68 30 8
68 31 22
68 32 17
68 33 57
68 34 9
68 35 58
68 36 7
68 37 43
68 38 4
68 39 18
68 40 52
68 41 38
68 42 1
68 43 2
68 44 19
68 45 37
68 46 42
68 47 44
68 48 64
68 49 32
68 50 0
68 51 14
68 52 51
68 53 46
68 54 23
68 55 65
68 56 3
68 57 36
68 58 33
68 59 66
68 60 11
68 61 54
68 62 31
68 63 16
68 64 21
68 65 59
68 66 49
68 67 28
68 68 15
68 69 48
69 1 60
69 2 2
69 3 24
69 4 68
69 5 55
69 6 14
69 7 63
69 8 48
69 9 32
69 10 54
69 11 28
69 12 49
69 13 36
69 14 12
69 15 25
69 16 59
69 17 9
69 18 13
69 19 45
69 20 40
69 21 3
69 22 57
69 23 34
69 24 23
69 25 27
69 26 61
69 27 41
69 28 33
69 29 20
69 30 51
69 31 58
69 32 26
69 33 15
69 34 56
69 35 7
69 36 52
69 37 50
69 38 0
69 39 67
69 40 44
69 41 29
69 42 17
69 43 47
69 44 65
69 45 42
69 46 5
69 47 35
69 48 22
69 49 43
69 50 38
69 51 6
69 52 64
69 53 21
69 54 19
69 55 31
69 56 10
69 57 11
69 58 39
69 59 4
69 60 66
69 61 1
69 62 53
69 63 8
69 64 62
69 65 37
69 66 30
69 67 46
69 68 16
69 69 18