0 1 45
0 2 74
0 3 52
0 4 65
0 5 75
0 6 14
0 7 71
0 8 17
0 9 29
0 10 12
0 11 18
0 12 5
0 13 2
0 14 72
0 15 26
0 16 4
0 17 28
0 18 80
0 19 84
0 20 63
0 21 19
0 22 53
0 23 9
0 24 68
0 25 82
0 26 38
0 27 60
0 28 23
0 29 15
0 30 51
0 31 22
0 32 25
0 33 31
0 34 56
0 35 27
0 36 54
0 37 49
0 38 73
0 39 11
0 40 59
0 41 43
0 42 20
0 43 39
0 44 8
0 45 30
0 46 58
0 47 62
0 48 70
0 49 57
0 50 47
0 51 81
0 52 66
0 53 69
0 54 32
0 55 6
0 56 35
0 57 7
0 58 36
0 59 50
0 60 77
0 61 42
0 62 1
0 63 33
0 64 55
0 65 13
0 66 61
0 67 46
0 68 79
0 69 37
0 70 24
0 71 67
0 72 64
0 73 44
0 74 78
0 75 40
0 76 48
0 77 83
0 78 10
0 79 16
0 80 76
0 81 34
0 82 41
0 83 3
0 84 21
1 1 18
1 2 69
1 3 58
1 4 61
1 5 71
1 6 75
1 7 19
1 8 23
1 9 84
1 10 36
1 11 65
1 12 30
1 13 37
1 14 70
1 15 12
1 16 52
1 17 20
1 18 10
1 19 28
1 20 45
1 21 83
1 22 21
1 23 47
1 24 25
1 25 48
1 26 59
1 27 3
1 28 73
1 29 60
1 30 5
1 31 72
1 32 79
1 33 80
1 34 17
1 35 77
1 36 24
1 37 4
1 38 44
1 39 39
1 40 82
1 41 29
1 42 11
1 43 41
1 44 67
1 45 54
1 46 46
1 47 8
1 48 22
1 49 49
1 50 34
1 51 15
1 52 50
1 53 68
1 54 2
1 55 57
1 56 7
1 57 31
1 58 62
1 59 26
1 60 27
1 61 81
1 62 0
1 63 63
1 64 13
1 65 35
1 66 32
1 67 76
1 68 43
1 69 42
1 70 56
1 71 16
1 72 53
1 73 33
1 74 64
1 75 74
1 76 51
1 77 14
1 78 38
1 79 6
1 80 55
1 81 78
1 82 40
1 83 66
1 84 9
2 1 83
2 2 37
2 3 24
2 4 29
2 5 34
2 6 55
2 7 6
2 8 41
2 9 80
2 10 53
2 11 72
2 12 70
2 13 39
2 14 52
2 15 59
2 16 66
2 17 12
2 18 22
2 19 42
2 20 7
2 21 8
2 22 46
2 23 9
2 24 43
2 25 49
2 26 81
2 27 35
2 28 11
2 29 57
2 30 84
2 31 69
2 32 74
2 33 14
2 34 73
2 35 54
2 36 75
2 37 30
2 38 76
2 39 19
2 40 10
2 41 27
2 42 4
2 43 60
2 44 18
2 45 31
2 46 23
2 47 78
2 48 68
2 49 13
2 50 44
2 51 36
2 52 20
2 53 38
2 54 50
2 55 67
2 56 33
2 57 28
2 58 79
2 59 3
2 60 0
2 61 58
2 62 25
2 63 26
2 64 32
2 65 62
2 66 65
2 67 61
2 68 16
2 69 21
2 70 56
2 71 15
2 72 5
2 73 51
2 74 77
2 75 47
2 76 82
2 77 63
2 78 64
2 79 1
2 80 45
2 81 48
2 82 71
2 83 40
2 84 17
3 1 6
3 2 70
3 3 37
3 4 82
3 5 7
3 6 65
3 7 15
3 8 47
3 9 17
3 10 74
3 11 26
3 12 49
3 13 81
3 14 27
3 15 79
3 16 35
3 17 32
3 18 39
3 19 80
3 20 12
3 21 1
3 22 61
3 23 44
3 24 76
3 25 21
3 26 72
3 27 30
3 28 34
3 29 62
3 30 36
3 31 11
3 32 24
3 33 9
3 34 54
3 35 43
3 36 13
3 37 58
3 38 59
3 39 55
3 40 46
3 41 73
3 42 48
3 43 56
3 44 25
3 45 67
3 46 53
3 47 20
3 48 40
3 49 19
3 50 16
3 51 78
3 52 23
3 53 60
3 54 28
3 55 0
3 56 22
3 57 38
3 58 71
3 59 57
3 60 2
3 61 45
3 62 52
3 63 18
3 64 5
3 65 29
3 66 75
3 67 10
3 68 41
3 69 33
3 70 63
3 71 64
3 72 69
3 73 50
3 74 8
3 75 42
3 76 51
3 77 4
3 78 68
3 79 84
3 80 66
3 81 14
3 82 77
3 83 83
3 84 31
4 1 42
4 2 59
4 3 52
4 4 12
4 5 56
4 6 16
4 7 35
4 8 2
4 9 64
4 10 9
4 11 66
4 12 75
4 13 74
4 14 67
4 15 0
4 16 15
4 17 21
4 18 49
4 19 13
4 20 76
4 21 65
4 22 22
4 23 10
4 24 51
4 25 72
4 26 38
4 27 80
4 28 25
4 29 19
4 30 50
4 31 37
4 32 62
4 33 45
4 34 48
4 35 55
4 36 57
4 37 18
4 38 41
4 39 26
4 40 30
4 41 73
4 42 34
4 43 1
4 44 46
4 45 24
4 46 79
4 47 17
4 48 61
4 49 39
4 50 81
4 51 58
4 52 84
4 53 60
4 54 47
4 55 78
4 56 7
4 57 11
4 58 36
4 59 6
4 60 32
4 61 43
4 62 31
4 63 69
4 64 8
4 65 23
4 66 54
4 67 3
4 68 5
4 69 53
4 70 27
4 71 63
4 72 14
4 73 71
4 74 77
4 75 68
4 76 29
4 77 20
4 78 82
4 79 83
4 80 28
4 81 33
4 82 44
4 83 70
4 84 40
5 1 62
5 2 48
5 3 9
5 4 39
5 5 73
5 6 56
5 7 24
5 8 58
5 9 82
5 10 23
5 11 72
5 12 79
5 13 0
5 14 84
5 15 34
5 16 32
5 17 65
5 18 31
5 19 21
5 20 7
5 21 45
5 22 59
5 23 63
5 24 36
5 25 11
5 26 46
5 27 67
5 28 17
5 29 49
5 30 61
5 31 74
5 32 30
5 33 13
5 34 3
5 35 2
5 36 54
5 37 25
5 38 51
5 39 53
5 40 28
5 41 1
5 42 77
5 43 4
5 44 70
5 45 44
5 46 29
5 47 81
5 48 52
5 49 50
5 50 43
5 51 10
5 52 64
5 53 83
5 54 15
5 55 60
5 56 78
5 57 42
5 58 20
5 59 55
5 60 22
5 61 16
5 62 26
5 63 19
5 64 80
5 65 71
5 66 41
5 67 18
5 68 66
5 69 6
5 70 33
5 71 35
5 72 57
5 73 47
5 74 40
5 75 27
5 76 76
5 77 14
5 78 12
5 79 69
5 80 37
5 81 38
5 82 75
5 83 8
5 84 68
6 1 50
6 2 15
6 3 28
6 4 40
6 5 24
6 6 73
6 7 9
6 8 63
6 9 21
6 10 83
6 11 7
6 12 78
6 13 38
6 14 27
6 15 61
6 16 57
6 17 11
6 18 29
6 19 3
6 20 42
6 21 26
6 22 34
6 23 2
6 24 37
6 25 68
6 26 16
6 27 13
6 28 69
6 29 12
6 30 49
6 31 79
6 32 70
6 33 84
6 34 65
6 35 20
6 36 48
6 37 41
6 38 17
6 39 19
6 40 58
6 41 45
6 42 44
6 43 54
6 44 60
6 45 1
6 46 62
6 47 43
6 48 4
6 49 82
6 50 0
6 51 33
6 52 72
6 53 67
6 54 8
6 55 77
6 56 55
6 57 36
6 58 46
6 59 64
6 60 80
6 61 74
6 62 47
6 63 39
6 64 22
6 65 30
6 66 71
6 67 56
6 68 14
6 69 52
6 70 31
6 71 76
6 72 18
6 73 75
6 74 66
6 75 32
6 76 51
6 77 59
6 78 23
6 79 10
6 80 35
6 81 5
6 82 25
6 83 53
6 84 81
7 1 72
7 2 76
7 3 9
7 4 44
7 5 28
7 6 24
7 7 80
7 8 36
7 9 22
7 10 25
7 11 56
7 12 45
7 13 38
7 14 5
7 15 12
7 16 68
7 17 11
7 18 67
7 19 15
7 20 26
7 21 78
7 22 43
7 23 47
7 24 33
7 25 51
7 26 35
7 27 75
7 28 65
7 29 60
7 30 37
7 31 82
7 32 55
7 33 29
7 34 69
7 35 4
7 36 57
7 37 66
7 38 58
7 39 10
7 40 46
7 41 48
7 42 39
7 43 64
7 44 16
7 45 1
7 46 20
7 47 18
7 48 3
7 49 83
7 50 63
7 51 74
7 52 49
7 53 54
7 54 34
7 55 42
7 56 30
7 57 8
7 58 84
7 59 23
7 60 32
7 61 73
7 62 53
7 63 17
7 64 59
7 65 62
7 66 13
7 67 6
7 68 81
7 69 61
7 70 71
7 71 0
7 72 27
7 73 70
7 74 79
7 75 21
7 76 50
7 77 2
7 78 40
7 79 52
7 80 19
7 81 77
7 82 14
7 83 31
7 84 41
8 1 27
8 2 84
8 3 71
8 4 68
8 5 47
8 6 45
8 7 12
8 8 2
8 9 53
8 10 16
8 11 30
8 12 32
8 13 39
8 14 25
8 15 75
8 16 76
8 17 83
8 18 33
8 19 67
8 20 43
8 21 20
8 22 66
8 23 59
8 24 10
8 25 70
8 26 4
8 27 54
8 28 81
8 29 37
8 30 80
8 31 56
8 32 40
8 33 55
8 34 78
8 35 44
8 36 64
8 37 5
8 38 51
8 39 9
8 40 58
8 41 41
8 42 46
8 43 21
8 44 6
8 45 24
8 46 61
8 47 42
8 48 14
8 49 73
8 50 28
8 51 57
8 52 60
8 53 22
8 54 34
8 55 62
8 56 29
8 57 26
8 58 36
8 59 63
8 60 74
8 61 18
8 62 19
8 63 72
8 64 31
8 65 65
8 66 11
8 67 23
8 68 50
8 69 35
8 70 7
8 71 3
8 72 49
8 73 77
8 74 69
8 75 79
8 76 17
8 77 48
8 78 15
8 79 0
8 80 38
8 81 82
8 82 1
8 83 13
8 84 52
9 1 24
9 2 82
9 3 51
9 4 42
9 5 70
9 6 0
9 7 41
9 8 75
9 9 58
9 10 7
9 11 49
9 12 54
9 13 5
9 14 80
9 15 69
9 16 84
9 17 12
9 18 62
9 19 56
9 20 67
9 21 6
9 22 14
9 23 25
9 24 50
9 25 65
9 26 45
9 27 21
9 28 83
9 29 35
9 30 38
9 31 8
9 32 31
9 33 68
9 34 29
9 35 60
9 36 1
9 37 20
9 38 17
9 39 16
9 40 53
9 41 33
9 42 81
9 43 47
9 44 26
9 45 72
9 46 61
9 47 57
9 48 73
9 49 78
9 50 27
9 51 74
9 52 32
9 53 64
9 54 22
9 55 44
9 56 11
9 57 2
9 58 36
9 59 23
9 60 18
9 61 28
9 62 79
9 63 43
9 64 52
9 65 4
9 66 40
9 67 59
9 68 48
9 69 15
9 70 3
9 71 19
9 72 30
9 73 34
9 74 46
9 75 13
9 76 76
9 77 63
9 78 55
9 79 39
9 80 71
9 81 66
9 82 77
9 83 10
9 84 37
10 1 20
10 2 17
10 3 21
10 4 69
10 5 59
10 6 29
10 7 55
10 8 50
10 9 53
10 10 60
10 11 16
10 12 57
10 13 26
10 14 40
10 15 51
10 16 72
10 17 42
10 18 4
10 19 80
10 20 18
10 21 70
10 22 47
10 23 71
10 24 33
10 25 74
10 26 63
10 27 65
10 28 31
10 29 46
10 30 66
10 31 30
10 32 45
10 33 25
10 34 62
10 35 68
10 36 82
10 37 3
10 38 22
10 39 1
10 40 6
10 41 81
10 42 32
10 43 84
10 44 41
10 45 19
10 46 7
10 47 83
10 48 49
10 49 2
10 50 0
10 51 9
10 52 67
10 53 37
10 54 77
10 55 54
10 56 11
10 57 24
10 58 34
10 59 5
10 60 13
10 61 58
10 62 73
10 63 15
10 64 43
10 65 79
10 66 48
10 67 52
10 68 38
10 69 23
10 70 61
10 71 14
10 72 35
10 73 78
10 74 44
10 75 27
10 76 8
10 77 28
10 78 12
10 79 64
10 80 36
10 81 56
10 82 76
10 83 39
10 84 75
11 1 57
11 2 61
11 3 12
11 4 34
11 5 62
11 6 75
11 7 32
11 8 50
11 9 68
11 10 54
11 11 55
11 12 48
11 13 81
11 14 60
11 15 52
11 16 15
11 17 10
11 18 24
11 19 58
11 20 8
11 21 78
11 22 76
11 23 83
11 24 30
11 25 79
11 26 9
11 27 28
11 28 7
11 29 2
11 30 71
11 31 20
11 32 80
11 33 0
11 34 56
11 35 63
11 36 18
11 37 4
11 38 41
11 39 74
11 40 49
11 41 23
11 42 17
11 43 27
11 44 46
11 45 65
11 46 21
11 47 1
11 48 47
11 49 26
11 50 64
11 51 13
11 52 51
11 53 72
11 54 38
11 55 53
11 56 14
11 57 22
11 58 40
11 59 70
11 60 5
11 61 77
11 62 67
11 63 84
11 64 59
11 65 39
11 66 43
11 67 44
11 68 3
11 69 37
11 70 31
11 71 33
11 72 45
11 73 82
11 74 42
11 75 16
11 76 35
11 77 73
11 78 29
11 79 6
11 80 36
11 81 19
11 82 66
11 83 25
11 84 69
12 1 13
12 2 1
12 3 38
12 4 45
12 5 9
12 6 55
12 7 4
12 8 69
12 9 21
12 10 81
12 11 66
12 12 22
12 13 35
12 14 64
12 15 49
12 16 41
12 17 59
12 18 10
12 19 47
12 20 16
12 21 30
12 22 34
12 23 77
12 24 78
12 25 53
12 26 5
12 27 73
12 28 39
12 29 3
12 30 44
12 31 48
12 32 20
12 33 31
12 34 79
12 35 83
12 36 60
12 37 0
12 38 14
12 39 80
12 40 68
12 41 11
12 42 19
12 43 8
12 44 24
12 45 67
12 46 17
12 47 71
12 48 63
12 49 76
12 50 62
12 51 27
12 52 40
12 53 75
12 54 51
12 55 7
12 56 37
12 57 2
12 58 15
12 59 57
12 60 56
12 61 82
12 62 33
12 63 28
12 64 84
12 65 61
12 66 23
12 67 6
12 68 25
12 69 42
12 70 58
12 71 52
12 72 26
12 73 70
12 74 65
12 75 18
12 76 50
12 77 46
12 78 54
12 79 43
12 80 74
12 81 36
12 82 32
12 83 29
12 84 72
13 1 61
13 2 7
13 3 27
13 4 76
13 5 25
13 6 49
13 7 14
13 8 46
13 9 75
13 10 21
13 11 8
13 12 82
13 13 74
13 14 22
13 15 40
13 16 44
13 17 19
13 18 24
13 19 69
13 20 55
13 21 68
13 22 70
13 23 63
13 24 47
13 25 39
13 26 81
13 27 62
13 28 45
13 29 2
13 30 1
13 31 77
13 32 84
13 33 26
13 34 54
13 35 58
13 36 37
13 37 66
13 38 20
13 39 51
13 40 43
13 41 79
13 42 53
13 43 16
13 44 15
13 45 72
13 46 17
13 47 18
13 48 73
13 49 57
13 50 50
13 51 28
13 52 64
13 53 78
13 54 65
13 55 9
13 56 60
13 57 56
13 58 10
13 59 67
13 60 31
13 61 29
13 62 42
13 63 48
13 64 6
13 65 36
13 66 59
13 67 52
13 68 80
13 69 33
13 70 23
13 71 3
13 72 41
13 73 30
13 74 12
13 75 38
13 76 71
13 77 4
13 78 0
13 79 11
13 80 5
13 81 32
13 82 34
13 83 83
13 84 35
14 1 51
14 2 56
14 3 47
14 4 49
14 5 70
14 6 35
14 7 37
14 8 79
14 9 66
14 10 63
14 11 84
14 12 28
14 13 39
14 14 24
14 15 76
14 16 72
14 17 54
14 18 29
14 19 21
14 20 78
14 21 12
14 22 17
14 23 2
14 24 60
14 25 15
14 26 32
14 27 71
14 28 41
14 29 8
14 30 65
14 31 13
14 32 68
14 33 31
14 34 67
14 35 82
14 36 81
14 37 36
14 38 18
14 39 26
14 40 69
14 41 57
14 42 22
14 43 50
14 44 80
14 45 9
14 46 48
14 47 30
14 48 1
14 49 62
14 50 75
14 51 6
14 52 61
14 53 27
14 54 45
14 55 64
14 56 11
14 57 16
14 58 73
14 59 25
14 60 44
14 61 0
14 62 52
14 63 20
14 64 43
14 65 83
14 66 34
14 67 33
14 68 42
14 69 74
14 70 46
14 71 5
14 72 19
14 73 77
14 74 59
14 75 40
14 76 3
14 77 4
14 78 55
14 79 23
14 80 53
14 81 7
14 82 58
14 83 10
14 84 38
15 1 77
15 2 44
15 3 12
15 4 46
15 5 74
15 6 52
15 7 76
15 8 3
15 9 42
15 10 78
15 11 24
15 12 63
15 13 14
15 14 32
15 15 65
15 16 79
15 17 50
15 18 2
15 19 69
15 20 29
15 21 22
15 22 67
15 23 11
15 24 21
15 25 55
15 26 43
15 27 84
15 28 75
15 29 27
15 30 4
15 31 16
15 32 56
15 33 61
15 34 23
15 35 51
15 36 10
15 37 80
15 38 18
15 39 82
15 40 7
15 41 57
15 42 30
15 43 62
15 44 47
15 45 59
15 46 1
15 47 28
15 48 33
15 49 6
15 50 73
15 51 25
15 52 54
15 53 38
15 54 37
15 55 49
15 56 9
15 57 58
15 58 48
15 59 64
15 60 8
15 61 53
15 62 36
15 63 26
15 64 71
15 65 41
15 66 40
15 67 66
15 68 83
15 69 70
15 70 60
15 71 0
15 72 72
15 73 35
15 74 68
15 75 45
15 76 13
15 77 31
15 78 19
15 79 5
15 80 39
15 81 34
15 82 17
15 83 20
15 84 81
16 1 22
16 2 62
16 3 60
16 4 26
16 5 70
16 6 4
16 7 50
16 8 19
16 9 49
16 10 6
16 11 55
16 12 67
16 13 37
16 14 3
16 15 48
16 16 81
16 17 30
16 18 52
16 19 61
16 20 66
16 21 13
16 22 39
16 23 58
16 24 2
16 25 11
16 26 8
16 27 46
16 28 64
16 29 45
16 30 44
16 31 73
16 32 25
16 33 59
16 34 35
16 35 12
16 36 68
16 37 74
16 38 7
16 39 80
16 40 18
16 41 56
16 42 42
16 43 43
16 44 38
16 45 1
16 46 29
16 47 63
16 48 10
16 49 41
16 50 28
16 51 34
16 52 54
16 53 65
16 54 53
16 55 76
16 56 79
16 57 40
16 58 57
16 59 47
16 60 84
16 61 0
16 62 77
16 63 71
16 64 21
16 65 82
16 66 72
16 67 14
16 68 23
16 69 9
16 70 69
16 71 20
16 72 36
16 73 15
16 74 83
16 75 24
16 76 75
16 77 17
16 78 78
16 79 31
16 80 32
16 81 51
16 82 5
16 83 33
16 84 27
17 1 80
17 2 79
17 3 57
17 4 21
17 5 1
17 6 27
17 7 77
17 8 26
17 9 14
17 10 22
17 11 2
17 12 55
17 13 67
17 14 49
17 15 58
17 16 51
17 17 73
17 18 47
17 19 4
17 20 7
17 21 0
17 22 18
17 23 32
17 24 66
17 25 10
17 26 30
17 27 68
17 28 11
17 29 35
17 30 69
17 31 40
17 32 72
17 33 24
17 34 3
17 35 37
17 36 59
17 37 20
17 38 34
17 39 74
17 40 42
17 41 15
17 42 45
17 43 82
17 44 43
17 45 44
17 46 13
17 47 78
17 48 25
17 49 12
17 50 41
17 51 56
17 52 6
17 53 60
17 54 39
17 55 61
17 56 50
17 57 31
17 58 75
17 59 64
17 60 38
17 61 9
17 62 28
17 63 33
17 64 53
17 65 65
17 66 19
17 67 36
17 68 63
17 69 54
17 70 5
17 71 81
17 72 76
17 73 62
17 74 83
17 75 8
17 76 16
17 77 23
17 78 46
17 79 52
17 80 71
17 81 70
17 82 48
17 83 84
17 84 29
18 1 41
18 2 54
18 3 2
18 4 72
18 5 39
18 6 48
18 7 70
18 8 69
18 9 9
18 10 74
18 11 82
18 12 13
18 13 35
18 14 7
18 15 3
18 16 0
18 17 76
18 18 61
18 19 55
18 20 23
18 21 26
18 22 79
18 23 64
18 24 51
18 25 19
18 26 11
18 27 42
18 28 62
18 29 59
18 30 84
18 31 68
18 32 37
18 33 15
18 34 21
18 35 16
18 36 29
18 37 14
18 38 30
18 39 33
18 40 34
18 41 44
18 42 56
18 43 8
18 44 46
18 45 73
18 46 83
18 47 57
18 48 50
18 49 47
18 50 65
18 51 52
18 52 17
18 53 32
18 54 25
18 55 43
18 56 67
18 57 28
18 58 60
18 59 63
18 60 45
18 61 38
18 62 53
18 63 10
18 64 49
18 65 40
18 66 6
18 67 78
18 68 22
18 69 36
18 70 12
18 71 20
18 72 66
18 73 5
18 74 1
18 75 75
18 76 24
18 77 31
18 78 27
18 79 80
18 80 81
18 81 4
18 82 71
18 83 77
18 84 58
19 1 74
19 2 84
19 3 54
19 4 15
19 5 21
19 6 70
19 7 53
19 8 22
19 9 13
19 10 14
19 11 23
19 12 45
19 13 80
19 14 57
19 15 3
19 16 7
19 17 49
19 18 82
19 19 65
19 20 8
19 21 40
19 22 24
19 23 60
19 24 76
19 25 0
19 26 26
19 27 59
19 28 29
19 29 42
19 30 79
19 31 39
19 32 11
19 33 34
19 34 56
19 35 50
19 36 78
19 37 75
19 38 47
19 39 27
19 40 33
19 41 58
19 42 36
19 43 35
19 44 2
19 45 41
19 46 62
19 47 63
19 48 72
19 49 1
19 50 30
19 51 25
19 52 67
19 53 77
19 54 31
19 55 66
19 56 51
19 57 68
19 58 83
19 59 18
19 60 4
19 61 73
19 62 28
19 63 17
19 64 9
19 65 10
19 66 20
19 67 16
19 68 48
19 69 69
19 70 32
19 71 44
19 72 71
19 73 64
19 74 38
19 75 6
19 76 81
19 77 5
19 78 46
19 79 37
19 80 12
19 81 55
19 82 52
19 83 43
19 84 61
20 1 74
20 2 25
20 3 38
20 4 51
20 5 55
20 6 83
20 7 44
20 8 29
20 9 12
20 10 43
20 11 22
20 12 28
20 13 52
20 14 18
20 15 73
20 16 54
20 17 84
20 18 27
20 19 78
20 20 21
20 21 70
20 22 60
20 23 19
20 24 50
20 25 7
20 26 31
20 27 58
20 28 68
20 29 24
20 30 47
20 31 16
20 32 61
20 33 56
20 34 63
20 35 40
20 36 66
20 37 71
20 38 3
20 39 15
20 40 62
20 41 6
20 42 33
20 43 46
20 44 14
20 45 57
20 46 45
20 47 0
20 48 39
20 49 41
20 50 34
20 51 2
20 52 42
20 53 17
20 54 10
20 55 8
20 56 30
20 57 37
20 58 32
20 59 35
20 60 80
20 61 65
20 62 72
20 63 67
20 64 1
20 65 59
20 66 81
20 67 11
20 68 76
20 69 9
20 70 49
20 71 82
20 72 79
20 73 26
20 74 23
20 75 69
20 76 5
20 77 4
20 78 64
20 79 77
20 80 53
20 81 75
20 82 13
20 83 36
20 84 48
21 1 30
21 2 35
21 3 42
21 4 70
21 5 48
21 6 54
21 7 3
21 8 65
21 9 83
21 10 17
21 11 16
21 12 25
21 13 77
21 14 47
21 15 61
21 16 5
21 17 63
21 18 39
21 19 31
21 20 9
21 21 6
21 22 49
21 23 18
21 24 72
21 25 71
21 26 62
21 27 8
21 28 56
21 29 13
21 30 27
21 31 29
21 32 46
21 33 14
21 34 75
21 35 82
21 36 79
21 37 10
21 38 57
21 39 32
21 40 51
21 41 55
21 42 37
21 43 1
21 44 36
21 45 40
21 46 23
21 47 33
21 48 12
21 49 80
21 50 15
21 51 58
21 52 45
21 53 81
21 54 84
21 55 19
21 56 0
21 57 2
21 58 28
21 59 73
21 60 22
21 61 7
21 62 34
21 63 68
21 64 53
21 65 26
21 66 78
21 67 4
21 68 64
21 69 67
21 70 11
21 71 60
21 72 50
21 73 52
21 74 76
21 75 38
21 76 44
21 77 43
21 78 59
21 79 69
21 80 66
21 81 41
21 82 74
21 83 24
21 84 20
22 1 61
22 2 6
22 3 73
22 4 14
22 5 46
22 6 33
22 7 79
22 8 84
22 9 71
22 10 10
22 11 51
22 12 56
22 13 75
22 14 27
22 15 25
22 16 7
22 17 16
22 18 78
22 19 50
22 20 23
22 21 2
22 22 13
22 23 72
22 24 34
22 25 65
22 26 5
22 27 24
22 28 49
22 29 3
22 30 17
22 31 36
22 32 1
22 33 68
22 34 40
22 35 44
22 36 0
22 37 29
22 38 57
22 39 28
22 40 81
22 41 15
22 42 64
22 43 45
22 44 52
22 45 67
22 46 39
22 47 80
22 48 66
22 49 63
22 50 47
22 51 76
22 52 12
22 53 60
22 54 19
22 55 74
22 56 37
22 57 53
22 58 32
22 59 48
22 60 9
22 61 20
22 62 43
22 63 70
22 64 11
22 65 42
22 66 26
22 67 35
22 68 62
22 69 54
22 70 69
22 71 30
22 72 58
22 73 41
22 74 8
22 75 77
22 76 18
22 77 55
22 78 82
22 79 31
22 80 38
22 81 4
22 82 59
22 83 21
22 84 83
23 1 84
23 2 77
23 3 24
23 4 14
23 5 73
23 6 45
23 7 76
23 8 82
23 9 80
23 10 1
23 11 18
23 12 17
23 13 46
23 14 72
23 15 54
23 16 62
23 17 11
23 18 32
23 19 70
23 20 39
23 21 29
23 22 10
23 23 38
23 24 2
23 25 74
23 26 65
23 27 68
23 28 9
23 29 64
23 30 6
23 31 13
23 32 79
23 33 55
23 34 42
23 35 47
23 36 52
23 37 69
23 38 34
23 39 28
23 40 78
23 41 22
23 42 59
23 43 20
23 44 4
23 45 3
23 46 15
23 47 12
23 48 26
23 49 41
23 50 5
23 51 66
23 52 56
23 53 61
23 54 7
23 55 71
23 56 16
23 57 75
23 58 81
23 59 40
23 60 25
23 61 44
23 62 43
23 63 33
23 64 35
23 65 58
23 66 31
23 67 48
23 68 27
23 69 63
23 70 0
23 71 49
23 72 53
23 73 51
23 74 8
23 75 50
23 76 57
23 77 21
23 78 60
23 79 19
23 80 67
23 81 36
23 82 37
23 83 30
23 84 83
24 1 48
24 2 69
24 3 41
24 4 10
24 5 66
24 6 59
24 7 54
24 8 5
24 9 29
24 10 67
24 11 76
24 12 47
24 13 70
24 14 37
24 15 72
24 16 23
24 17 52
24 18 36
24 19 55
24 20 63
24 21 57
24 22 43
24 23 56
24 24 12
24 25 26
24 26 14
24 27 22
24 28 80
24 29 13
24 30 25
24 31 50
24 32 34
24 33 3
24 34 16
24 35 40
24 36 19
24 37 49
24 38 64
24 39 27
24 40 38
24 41 18
24 42 33
24 43 0
24 44 61
24 45 20
24 46 58
24 47 11
24 48 71
24 49 82
24 50 44
24 51 46
24 52 51
24 53 2
24 54 60
24 55 81
24 56 21
24 57 53
24 58 77
24 59 1
24 60 15
24 61 17
24 62 78
24 63 73
24 64 68
24 65 6
24 66 28
24 67 84
24 68 65
24 69 62
24 70 4
24 71 79
24 72 7
24 73 42
24 74 31
24 75 74
24 76 83
24 77 75
24 78 45
24 79 8
24 80 32
24 81 35
24 82 39
24 83 9
24 84 30
25 1 84
25 2 57
25 3 72
25 4 66
25 5 34
25 6 11
25 7 56
25 8 5
25 9 47
25 10 29
25 11 2
25 12 65
25 13 6
25 14 36
25 15 26
25 16 73
25 17 22
25 18 40
25 19 48
25 20 21
25 21 17
25 22 27
25 23 3
25 24 58
25 25 77
25 26 8
25 27 80
25 28 35
25 29 19
25 30 42
25 31 16
25 32 4
25 33 62
25 34 0
25 35 78
25 36 31
25 37 37
25 38 23
25 39 70
25 40 32
25 41 71
25 42 20
25 43 52
25 44 15
25 45 59
25 46 46
25 47 10
25 48 60
25 49 82
25 50 79
25 51 51
25 52 45
25 53 50
25 54 64
25 55 81
25 56 43
25 57 24
25 58 76
25 59 63
25 60 28
25 61 55
25 62 67
25 63 14
25 64 39
25 65 68
25 66 61
25 67 69
25 68 9
25 69 38
25 70 74
25 71 75
25 72 83
25 73 30
25 74 33
25 75 53
25 76 41
25 77 18
25 78 7
25 79 49
25 80 54
25 81 44
25 82 1
25 83 12
25 84 13
26 1 20
26 2 73
26 3 77
26 4 3
26 5 78
26 6 46
26 7 51
26 8 54
26 9 55
26 10 14
26 11 79
26 12 61
26 13 82
26 14 5
26 15 9
26 16 19
26 17 29
26 18 11
26 19 74
26 20 70
26 21 71
26 22 50
26 23 25
26 24 80
26 25 22
26 26 47
26 27 84
26 28 67
26 29 44
26 30 66
26 31 6
26 32 57
26 33 76
26 34 45
26 35 59
26 36 58
26 37 48
26 38 64
26 39 43
26 40 28
26 41 68
26 42 1
26 43 52
26 44 38
26 45 15
26 46 12
26 47 65
26 48 0
26 49 24
26 50 16
26 51 36
26 52 63
26 53 41
26 54 42
26 55 27
26 56 21
26 57 83
26 58 23
26 59 4
26 60 13
26 61 31
26 62 40
26 63 35
26 64 10
26 65 39
26 66 81
26 67 30
26 68 37
26 69 8
26 70 62
26 71 49
26 72 7
26 73 32
26 74 2
26 75 69
26 76 53
26 77 17
26 78 33
26 79 56
26 80 72
26 81 75
26 82 34
26 83 60
26 84 18
27 1 66
27 2 50
27 3 9
27 4 72
27 5 39
27 6 56
27 7 45
27 8 16
27 9 46
27 10 37
27 11 82
27 12 49
27 13 25
27 14 1
27 15 60
27 16 22
27 17 5
27 18 30
27 19 28
27 20 8
27 21 51
27 22 67
27 23 78
27 24 68
27 25 75
27 26 15
27 27 64
27 28 84
27 29 14
27 30 74
27 31 57
27 32 17
27 33 34
27 34 7
27 35 35
27 36 77
27 37 6
27 38 69
27 39 2
27 40 70
27 41 58
27 42 24
27 43 20
27 44 76
27 45 18
27 46 48
27 47 61
27 48 0
27 49 53
27 50 62
27 51 43
27 52 55
27 53 33
27 54 36
27 55 83
27 56 63
27 57 32
27 58 23
27 59 71
27 60 38
27 61 52
27 62 41
27 63 11
27 64 54
27 65 13
27 66 10
27 67 3
27 68 65
27 69 81
27 70 29
27 71 80
27 72 73
27 73 31
27 74 59
27 75 26
27 76 42
27 77 19
27 78 79
27 79 21
27 80 4
27 81 44
27 82 12
27 83 40
27 84 47
28 1 6
28 2 45
28 3 55
28 4 56
28 5 43
28 6 72
28 7 26
28 8 49
28 9 57
28 10 75
28 11 76
28 12 58
28 13 47
28 14 4
28 15 10
28 16 52
28 17 42
28 18 23
28 19 81
28 20 68
28 21 66
28 22 33
28 23 9
28 24 0
28 25 8
28 26 29
28 27 50
28 28 59
28 29 79
28 30 44
28 31 80
28 32 65
28 33 20
28 34 30
28 35 11
28 36 64
28 37 17
28 38 36
28 39 22
28 40 41
28 41 38
28 42 61
28 43 18
28 44 37
28 45 35
28 46 31
28 47 51
28 48 48
28 49 82
28 50 16
28 51 2
28 52 70
28 53 83
28 54 34
28 55 1
28 56 12
28 57 32
28 58 73
28 59 62
28 60 78
28 61 3
28 62 74
28 63 13
28 64 77
28 65 46
28 66 25
28 67 39
28 68 5
28 69 84
28 70 67
28 71 15
28 72 14
28 73 63
28 74 71
28 75 60
28 76 27
28 77 54
28 78 21
28 79 24
28 80 40
28 81 69
28 82 53
28 83 7
28 84 19
29 1 57
29 2 15
29 3 48
29 4 79
29 5 38
29 6 56
29 7 67
29 8 78
29 9 14
29 10 69
29 11 54
29 12 17
29 13 76
29 14 18
29 15 25
29 16 28
29 17 52
29 18 22
29 19 62
29 20 63
29 21 75
29 22 2
29 23 71
29 24 74
29 25 19
29 26 16
29 27 20
29 28 4
29 29 13
29 30 42
29 31 70
29 32 43
29 33 77
29 34 53
29 35 65
29 36 84
29 37 11
29 38 24
29 39 83
29 40 27
29 41 49
29 42 0
29 43 6
29 44 82
29 45 21
29 46 10
29 47 61
29 48 31
29 49 9
29 50 34
29 51 7
29 52 51
29 53 5
29 54 81
29 55 23
29 56 50
29 57 66
29 58 80
29 59 32
29 60 47
29 61 37
29 62 3
29 63 36
29 64 35
29 65 59
29 66 30
29 67 45
29 68 72
29 69 55
29 70 33
29 71 46
29 72 60
29 73 8
29 74 68
29 75 26
29 76 41
29 77 12
29 78 58
29 79 39
29 80 1
29 81 64
29 82 40
29 83 44
29 84 73
30 1 73
30 2 82
30 3 45
30 4 67
30 5 42
30 6 47
30 7 70
30 8 62
30 9 24
30 10 33
30 11 26
30 12 14
30 13 48
30 14 25
30 15 7
30 16 64
30 17 16
30 18 76
30 19 34
30 20 84
30 21 52
30 22 41
30 23 13
30 24 31
30 25 79
30 26 65
30 27 12
30 28 3
30 29 60
30 30 61
30 31 57
30 32 66
30 33 11
30 34 5
30 35 50
30 36 39
30 37 19
30 38 68
30 39 49
30 40 69
30 41 35
30 42 74
30 43 29
30 44 63
30 45 0
30 46 10
30 47 37
30 48 72
30 49 17
30 50 77
30 51 8
30 52 80
30 53 23
30 54 44
30 55 4
30 56 55
30 57 22
30 58 38
30 59 53
30 60 15
30 61 18
30 62 1
30 63 51
30 64 46
30 65 28
30 66 20
30 67 81
30 68 2
30 69 40
30 70 59
30 71 27
30 72 71
30 73 56
30 74 36
30 75 32
30 76 9
30 77 21
30 78 6
30 79 54
30 80 78
30 81 75
30 82 83
30 83 43
30 84 58
31 1 73
31 2 7
31 3 37
31 4 18
31 5 48
31 6 69
31 7 62
31 8 39
31 9 51
31 10 10
31 11 49
31 12 67
31 13 3
31 14 26
31 15 74
31 16 55
31 17 9
31 18 63
31 19 68
31 20 24
31 21 66
31 22 27
31 23 58
31 24 14
31 25 57
31 26 12
31 27 82
31 28 34
31 29 83
31 30 42
31 31 53
31 32 32
31 33 28
31 34 1
31 35 60
31 36 20
31 37 41
31 38 15
31 39 23
31 40 56
31 41 4
31 42 43
31 43 80
31 44 38
31 45 76
31 46 6
31 47 72
31 48 21
31 49 64
31 50 5
31 51 77
31 52 59
31 53 11
31 54 2
31 55 79
31 56 65
31 57 46
31 58 36
31 59 61
31 60 16
31 61 52
31 62 75
31 63 0
31 64 22
31 65 54
31 66 17
31 67 47
31 68 8
31 69 81
31 70 50
31 71 25
31 72 44
31 73 33
31 74 30
31 75 13
31 76 29
31 77 19
31 78 45
31 79 84
31 80 78
31 81 71
31 82 40
31 83 35
31 84 70
32 1 0
32 2 59
32 3 49
32 4 6
32 5 58
32 6 77
32 7 26
32 8 80
32 9 36
32 10 35
32 11 56
32 12 61
32 13 70
32 14 54
32 15 65
32 16 78
32 17 7
32 18 45
32 19 20
32 20 29
32 21 24
32 22 74
32 23 37
32 24 31
32 25 38
32 26 60
32 27 71
32 28 23
32 29 8
32 30 63
32 31 84
32 32 21
32 33 83
32 34 10
32 35 39
32 36 43
32 37 53
32 38 51
32 39 27
32 40 82
32 41 28
32 42 72
32 43 47
32 44 75
32 45 3
32 46 13
32 47 46
32 48 40
32 49 62
32 50 17
32 51 57
32 52 68
32 53 50
32 54 33
32 55 52
32 56 16
32 57 44
32 58 64
32 59 79
32 60 81
32 61 34
32 62 42
32 63 11
32 64 12
32 65 15
32 66 18
32 67 69
32 68 22
32 69 9
32 70 67
32 71 76
32 72 5
32 73 73
32 74 1
32 75 48
32 76 19
32 77 30
32 78 66
32 79 55
32 80 41
32 81 25
32 82 4
32 83 2
32 84 14
33 1 15
33 2 66
33 3 44
33 4 38
33 5 60
33 6 13
33 7 62
33 8 68
33 9 36
33 10 22
33 11 83
33 12 1
33 13 8
33 14 4
33 15 20
33 16 41
33 17 9
33 18 31
33 19 11
33 20 63
33 21 53
33 22 5
33 23 74
33 24 32
33 25 3
33 26 84
33 27 30
33 28 65
33 29 72
33 30 59
33 31 18
33 32 51
33 33 35
33 34 81
33 35 34
33 36 64
33 37 69
33 38 37
33 39 12
33 40 19
33 41 80
33 42 49
33 43 82
33 44 28
33 45 14
33 46 78
33 47 17
33 48 54
33 49 7
33 50 61
33 51 57
33 52 48
33 53 50
33 54 6
33 55 21
33 56 10
33 57 23
33 58 40
33 59 56
33 60 79
33 61 71
33 62 24
33 63 0
33 64 39
33 65 77
33 66 2
33 67 45
33 68 26
33 69 16
33 70 67
33 71 29
33 72 70
33 73 55
33 74 47
33 75 27
33 76 46
33 77 75
33 78 43
33 79 76
33 80 25
33 81 73
33 82 58
33 83 42
33 84 52
34 1 45
34 2 53
34 3 75
34 4 27
34 5 52
34 6 5
34 7 74
34 8 1
34 9 37
34 10 14
34 11 18
34 12 3
34 13 25
34 14 81
34 15 24
34 16 72
34 17 17
34 18 21
34 19 32
34 20 30
34 21 80
34 22 29
34 23 8
34 24 55
34 25 20
34 26 65
34 27 83
34 28 19
34 29 26
34 30 28
34 31 10
34 32 31
34 33 57
34 34 54
34 35 82
34 36 46
34 37 64
34 38 2
34 39 23
34 40 41
34 41 79
34 42 61
34 43 4
34 44 68
34 45 36
34 46 40
34 47 42
34 48 56
34 49 66
34 50 51
34 51 7
34 52 33
34 53 11
34 54 49
34 55 73
34 56 16
34 57 50
34 58 15
34 59 58
34 60 77
34 61 69
34 62 62
34 63 47
34 64 63
34 65 0
34 66 43
34 67 67
34 68 38
34 69 71
34 70 6
34 71 44
34 72 12
34 73 59
34 74 13
34 75 70
34 76 9
34 77 78
34 78 60
34 79 76
34 80 84
34 81 35
34 82 22
34 83 39
34 84 48
35 1 48
35 2 38
35 3 75
35 4 72
35 5 8
35 6 16
35 7 51
35 8 34
35 9 24
35 10 30
35 11 47
35 12 82
35 13 59
35 14 18
35 15 70
35 16 28
35 17 60
35 18 79
35 19 84
35 20 21
35 21 76
35 22 78
35 23 3
35 24 62
35 25 45
35 26 40
35 27 17
35 28 54
35 29 46
35 30 58
35 31 49
35 32 26
35 33 65
35 34 63
35 35 80
35 36 74
35 37 83
35 38 9
35 39 66
35 40 71
35 41 43
35 42 39
35 43 0
35 44 73
35 45 2
35 46 64
35 47 42
35 48 32
35 49 68
35 50 55
35 51 5
35 52 69
35 53 7
35 54 50
35 55 31
35 56 27
35 57 33
35 58 23
35 59 13
35 60 36
35 61 77
35 62 1
35 63 29
35 64 37
35 65 11
35 66 12
35 67 22
35 68 15
35 69 20
35 70 25
35 71 19
35 72 81
35 73 52
35 74 53
35 75 56
35 76 14
35 77 6
35 78 61
35 79 57
35 80 67
35 81 4
35 82 10
35 83 44
35 84 41
36 1 2
36 2 33
36 3 12
36 4 26
36 5 11
36 6 82
36 7 49
36 8 50
36 9 57
36 10 76
36 11 24
36 12 8
36 13 51
36 14 45
36 15 35
36 16 53
36 17 67
36 18 58
36 19 74
36 20 42
36 21 6
36 22 16
36 23 19
36 24 18
36 25 60
36 26 7
36 27 9
36 28 28
36 29 75
36 30 81
36 31 56
36 32 73
36 33 29
36 34 80
36 35 77
36 36 71
36 37 62
36 38 22
36 39 61
36 40 79
36 41 1
36 42 54
36 43 55
36 44 59
36 45 52
36 46 78
36 47 65
36 48 84
36 49 68
36 50 83
36 51 5
36 52 25
36 53 23
36 54 39
36 55 14
36 56 32
36 57 21
36 58 20
36 59 34
36 60 41
36 61 10
36 62 69
36 63 15
36 64 70
36 65 72
36 66 40
36 67 17
36 68 66
36 69 31
36 70 30
36 71 47
36 72 43
36 73 46
36 74 44
36 75 0
36 76 38
36 77 63
36 78 64
36 79 27
36 80 37
36 81 13
36 82 3
36 83 4
36 84 48
37 1 53
37 2 51
37 3 0
37 4 83
37 5 2
37 6 1
37 7 76
37 8 24
37 9 21
37 10 82
37 11 62
37 12 18
37 13 80
37 14 17
37 15 77
37 16 36
37 17 3
37 18 68
37 19 25
37 20 56
37 21 12
37 22 72
37 23 64
37 24 66
37 25 49
37 26 61
37 27 78
37 28 20
37 29 70
37 30 22
37 31 67
37 32 74
37 33 50
37 34 8
37 35 46
37 36 65
37 37 69
37 38 28
37 39 44
37 40 52
37 41 34
37 42 19
37 43 57
37 44 55
37 45 29
37 46 7
37 47 59
37 48 11
37 49 73
37 50 38
37 51 48
37 52 43
37 53 45
37 54 40
37 55 81
37 56 35
37 57 39
37 58 31
37 59 9
37 60 26
37 61 33
37 62 79
37 63 16
37 64 58
37 65 30
37 66 27
37 67 60
37 68 71
37 69 75
37 70 32
37 71 13
37 72 5
37 73 10
37 74 4
37 75 41
37 76 14
37 77 6
37 78 63
37 79 84
37 80 54
37 81 47
37 82 23
37 83 42
37 84 15
38 1 57
38 2 45
38 3 39
38 4 0
38 5 36
38 6 6
38 7 37
38 8 77
38 9 82
38 10 18
38 11 8
38 12 41
38 13 62
38 14 78
38 15 73
38 16 66
38 17 51
38 18 52
38 19 59
38 20 60
38 21 40
38 22 71
38 23 14
38 24 24
38 25 12
38 26 69
38 27 76
38 28 84
38 29 3
38 30 19
38 31 49
38 32 31
38 33 63
38 34 16
38 35 27
38 36 9
38 37 34
38 38 72
38 39 81
38 40 75
38 41 74
38 42 11
38 43 56
38 44 58
38 45 61
38 46 48
38 47 46
38 48 2
38 49 42
38 50 68
38 51 28
38 52 22
38 53 44
38 54 26
38 55 23
38 56 54
38 57 30
38 58 43
38 59 67
38 60 80
38 61 79
38 62 17
38 63 53
38 64 5
38 65 70
38 66 83
38 67 21
38 68 20
38 69 55
38 70 64
38 71 10
38 72 47
38 73 13
38 74 50
38 75 35
38 76 4
38 77 32
38 78 65
38 79 33
38 80 1
38 81 15
38 82 25
38 83 29
38 84 7
39 1 61
39 2 38
39 3 7
39 4 80
39 5 8
39 6 9
39 7 62
39 8 25
39 9 4
39 10 26
39 11 18
39 12 32
39 13 44
39 14 5
39 15 41
39 16 1
39 17 27
39 18 74
39 19 68
39 20 47
39 21 12
39 22 69
39 23 72
39 24 34
39 25 59
39 26 14
39 27 20
39 28 11
39 29 31
39 30 63
39 31 45
39 32 46
39 33 37
39 34 57
39 35 2
39 36 50
39 37 36
39 38 35
39 39 73
39 40 48
39 41 77
39 42 78
39 43 16
39 44 56
39 45 49
39 46 60
39 47 79
39 48 66
39 49 30
39 50 33
39 51 82
39 52 42
39 53 28
39 54 51
39 55 0
39 56 81
39 57 52
39 58 19
39 59 67
39 60 43
39 61 65
39 62 83
39 63 29
39 64 15
39 65 24
39 66 53
39 67 76
39 68 84
39 69 17
39 70 55
39 71 10
39 72 54
39 73 22
39 74 6
39 75 23
39 76 40
39 77 71
39 78 3
39 79 70
39 80 13
39 81 58
39 82 75
39 83 64
39 84 21
40 1 83
40 2 24
40 3 57
40 4 21
40 5 46
40 6 36
40 7 10
40 8 44
40 9 19
40 10 38
40 11 84
40 12 45
40 13 23
40 14 25
40 15 62
40 16 67
40 17 16
40 18 48
40 19 15
40 20 82
40 21 6
40 22 60
40 23 73
40 24 74
40 25 37
40 26 18
40 27 50
40 28 52
40 29 64
40 30 68
40 31 59
40 32 72
40 33 70
40 34 13
40 35 26
40 36 1
40 37 34
40 38 81
40 39 69
40 40 2
40 41 58
40 42 56
40 43 0
40 44 28
40 45 80
40 46 41
40 47 22
40 48 54
40 49 51
40 50 11
40 51 27
40 52 43
40 53 33
40 54 75
40 55 9
40 56 42
40 57 49
40 58 8
40 59 14
40 60 77
40 61 76
40 62 5
40 63 20
40 64 31
40 65 30
40 66 35
40 67 53
40 68 61
40 69 65
40 70 3
40 71 7
40 72 78
40 73 17
40 74 47
40 75 29
40 76 4
40 77 63
40 78 79
40 79 66
40 80 55
40 81 39
40 82 12
40 83 32
40 84 71
41 1 78
41 2 42
41 3 33
41 4 60
41 5 82
41 6 10
41 7 0
41 8 72
41 9 11
41 10 37
41 11 35
41 12 17
41 13 48
41 14 25
41 15 74
41 16 67
41 17 21
41 18 14
41 19 77
41 20 39
41 21 2
41 22 1
41 23 15
41 24 81
41 25 73
41 26 55
41 27 29
41 28 18
41 29 30
41 30 56
41 31 22
41 32 3
41 33 51
41 34 57
41 35 83
41 36 70
41 37 64
41 38 58
41 39 52
41 40 28
41 41 34
41 42 66
41 43 4
41 44 50
41 45 31
41 46 13
41 47 76
41 48 49
41 49 36
41 50 46
41 51 47
41 52 12
41 53 75
41 54 23
41 55 84
41 56 63
41 57 54
41 58 59
41 59 43
41 60 61
41 61 32
41 62 8
41 63 53
41 64 65
41 65 16
41 66 38
41 67 26
41 68 20
41 69 19
41 70 69
41 71 44
41 72 71
41 73 80
41 74 27
41 75 5
41 76 79
41 77 6
41 78 40
41 79 68
41 80 24
41 81 62
41 82 7
41 83 45
41 84 9
42 1 52
42 2 34
42 3 24
42 4 38
42 5 82
42 6 71
42 7 74
42 8 63
42 9 4
42 10 17
42 11 49
42 12 84
42 13 64
42 14 41
42 15 36
42 16 15
42 17 45
42 18 47
42 19 33
42 20 19
42 21 11
42 22 43
42 23 70
42 24 0
42 25 80
42 26 78
42 27 57
42 28 50
42 29 48
42 30 58
42 31 60
42 32 68
42 33 61
42 34 40
42 35 6
42 36 22
42 37 1
42 38 65
42 39 2
42 40 83
42 41 7
42 42 79
42 43 75
42 44 27
42 45 53
42 46 31
42 47 37
42 48 66
42 49 59
42 50 16
42 51 21
42 52 20
42 53 3
42 54 35
42 55 56
42 56 23
42 57 51
42 58 18
42 59 77
42 60 5
42 61 25
42 62 69
42 63 73
42 64 46
42 65 30
42 66 26
42 67 67
42 68 28
42 69 10
42 70 14
42 71 62
42 72 8
42 73 55
42 74 76
42 75 9
42 76 72
42 77 32
42 78 54
42 79 13
42 80 12
42 81 29
42 82 81
42 83 39
42 84 44
43 1 15
43 2 36
43 3 73
43 4 37
43 5 66
43 6 51
43 7 1
43 8 25
43 9 79
43 10 30
43 11 64
43 12 60
43 13 50
43 14 58
43 15 63
43 16 6
43 17 4
43 18 8
43 19 53
43 20 9
43 21 71
43 22 76
43 23 35
43 24 82
43 25 45
43 26 27
43 27 78
43 28 55
43 29 81
43 30 38
43 31 22
43 32 57
43 33 42
43 34 17
43 35 83
43 36 18
43 37 31
43 38 68
43 39 52
43 40 5
43 41 39
43 42 54
43 43 11
43 44 67
43 45 80
43 46 56
43 47 62
43 48 19
43 49 41
43 50 12
43 51 77
43 52 40
43 53 46
43 54 10
43 55 49
43 56 24
43 57 44
43 58 7
43 59 48
43 60 0
43 61 21
43 62 29
43 63 23
43 64 32
43 65 13
43 66 3
43 67 34
43 68 75
43 69 2
43 70 16
43 71 28
43 72 14
43 73 20
43 74 69
43 75 70
43 76 59
43 77 74
43 78 33
43 79 72
43 80 47
43 81 65
43 82 61
43 83 26
43 84 84
44 1 79
44 2 2
44 3 1
44 4 32
44 5 49
44 6 10
44 7 74
44 8 51
44 9 48
44 10 57
44 11 53
44 12 4
44 13 21
44 14 47
44 15 72
44 16 28
44 17 81
44 18 22
44 19 26
44 20 19
44 21 69
44 22 39
44 23 66
44 24 24
44 25 75
44 26 52
44 27 80
44 28 78
44 29 37
44 30 7
44 31 18
44 32 31
44 33 55
44 34 5
44 35 13
44 36 23
44 37 82
44 38 11
44 39 15
44 40 67
44 41 29
44 42 25
44 43 35
44 44 84
44 45 65
44 46 62
44 47 38
44 48 36
44 49 40
44 50 83
44 51 73
44 52 50
44 53 54
44 54 9
44 55 17
44 56 71
44 57 46
44 58 63
44 59 16
44 60 76
44 61 42
44 62 20
44 63 0
44 64 3
44 65 56
44 66 33
44 67 61
44 68 41
44 69 58
44 70 12
44 71 60
44 72 77
44 73 8
44 74 64
44 75 45
44 76 68
44 77 30
44 78 14
44 79 43
44 80 34
44 81 70
44 82 59
44 83 6
44 84 27
45 1 56
45 2 41
45 3 83
45 4 0
45 5 39
45 6 57
45 7 15
45 8 19
45 9 8
45 10 60
45 11 29
45 12 78
45 13 70
45 14 11
45 15 17
45 16 61
45 17 9
45 18 10
45 19 62
45 20 58
45 21 80
45 22 50
45 23 73
45 24 64
45 25 40
45 26 4
45 27 46
45 28 75
45 29 16
45 30 36
45 31 23
45 32 81
45 33 14
45 34 30
45 35 37
45 36 49
45 37 76
45 38 27
45 39 79
45 40 67
45 41 53
45 42 63
45 43 31
45 44 26
45 45 44
45 46 55
45 47 38
45 48 82
45 49 68
45 50 3
45 51 43
45 52 52
45 53 69
45 54 32
45 55 7
45 56 47
45 57 6
45 58 20
45 59 71
45 60 33
45 61 35
45 62 2
45 63 42
45 64 65
45 65 48
45 66 74
45 67 72
45 68 34
45 69 66
45 70 24
45 71 18
45 72 84
45 73 59
45 74 12
45 75 54
45 76 51
45 77 5
45 78 22
45 79 77
45 80 1
45 81 25
45 82 21
45 83 28
45 84 13
46 1 11
46 2 31
46 3 64
46 4 65
46 5 9
46 6 6
46 7 10
46 8 63
46 9 35
46 10 71
46 11 3
46 12 7
46 13 78
46 14 67
46 15 50
46 16 81
46 17 45
46 18 5
46 19 1
46 20 59
46 21 32
46 22 8
46 23 79
46 24 15
46 25 80
46 26 62
46 27 43
46 28 83
46 29 84
46 30 24
46 31 20
46 32 16
46 33 47
46 34 57
46 35 27
46 36 58
46 37 42
46 38 23
46 39 51
46 40 30
46 41 28
46 42 54
46 43 44
46 44 77
46 45 40
46 46 48
46 47 22
46 48 14
46 49 2
46 50 41
46 51 72
46 52 4
46 53 19
46 54 38
46 55 61
46 56 37
46 57 55
46 58 69
46 59 52
46 60 49
46 61 76
46 62 75
46 63 82
46 64 0
46 65 36
46 66 33
46 67 60
46 68 53
46 69 25
46 70 66
46 71 56
46 72 13
46 73 17
46 74 68
46 75 26
46 76 18
46 77 73
46 78 21
46 79 70
46 80 74
46 81 39
46 82 34
46 83 12
46 84 29
47 1 82
47 2 36
47 3 58
47 4 71
47 5 35
47 6 79
47 7 66
47 8 23
47 9 3
47 10 2
47 11 50
47 12 12
47 13 73
47 14 13
47 15 20
47 16 18
47 17 27
47 18 44
47 19 16
47 20 75
47 21 46
47 22 9
47 23 55
47 24 67
47 25 39
47 26 80
47 27 57
47 28 69
47 29 42
47 30 15
47 31 1
47 32 49
47 33 21
47 34 14
47 35 37
47 36 81
47 37 51
47 38 17
47 39 0
47 40 24
47 41 53
47 42 26
47 43 62
47 44 68
47 45 5
47 46 63
47 47 6
47 48 40
47 49 32
47 50 34
47 51 77
47 52 25
47 53 61
47 54 83
47 55 38
47 56 59
47 57 52
47 58 41
47 59 22
47 60 10
47 61 45
47 62 74
47 63 7
47 64 76
47 65 19
47 66 4
47 67 56
47 68 28
47 69 72
47 70 54
47 71 8
47 72 48
47 73 33
47 74 65
47 75 84
47 76 30
47 77 60
47 78 31
47 79 11
47 80 29
47 81 78
47 82 64
47 83 70
47 84 43
48 1 19
48 2 56
48 3 31
48 4 6
48 5 3
48 6 50
48 7 45
48 8 78
48 9 33
48 10 39
48 11 51
48 12 1
48 13 47
48 14 8
48 15 36
48 16 60
48 17 68
48 18 26
48 19 38
48 20 53
48 21 71
48 22 15
48 23 44
48 24 59
48 25 66
48 26 0
48 27 9
48 28 49
48 29 61
48 30 25
48 31 79
48 32 29
48 33 5
48 34 57
48 35 73
48 36 10
48 37 28
48 38 18
48 39 84
48 40 20
48 41 72
48 42 62
48 43 82
48 44 81
48 45 46
48 46 69
48 47 54
48 48 16
48 49 12
48 50 64
48 51 14
48 52 76
48 53 11
48 54 58
48 55 80
48 56 23
48 57 55
48 58 32
48 59 52
48 60 21
48 61 24
48 62 43
48 63 34
48 64 30
48 65 35
48 66 83
48 67 17
48 68 75
48 69 7
48 70 40
48 71 70
48 72 74
48 73 42
48 74 13
48 75 22
48 76 27
48 77 77
48 78 63
48 79 65
48 80 2
48 81 41
48 82 37
48 83 4
48 84 67
49 1 60
49 2 20
49 3 50
49 4 62
49 5 31
49 6 63
49 7 8
49 8 6
49 9 68
49 10 0
49 11 56
49 12 67
49 13 37
49 14 19
49 15 13
49 16 36
49 17 66
49 18 16
49 19 54
49 20 25
49 21 72
49 22 26
49 23 48
49 24 2
49 25 18
49 26 43
49 27 11
49 28 40
49 29 4
49 30 46
49 31 58
49 32 82
49 33 41
49 34 5
49 35 77
49 36 57
49 37 80
49 38 55
49 39 59
49 40 65
49 41 45
49 42 61
49 43 47
49 44 75
49 45 51
49 46 1
49 47 79
49 48 33
49 49 17
49 50 70
49 51 42
49 52 14
49 53 9
49 54 7
49 55 74
49 56 35
49 57 3
49 58 34
49 59 53
49 60 39
49 61 24
49 62 69
49 63 81
49 64 84
49 65 12
49 66 23
49 67 38
49 68 78
49 69 44
49 70 22
49 71 15
49 72 28
49 73 10
49 74 64
49 75 76
49 76 71
49 77 21
49 78 73
49 79 52
49 80 32
49 81 27
49 82 29
49 83 30
49 84 83
50 1 26
50 2 65
50 3 39
50 4 82
50 5 54
50 6 37
50 7 6
50 8 48
50 9 11
50 10 16
50 11 63
50 12 12
50 13 80
50 14 57
50 15 45
50 16 0
50 17 9
50 18 23
50 19 20
50 20 69
50 21 7
50 22 49
50 23 61
50 24 74
50 25 30
50 26 60
50 27 83
50 28 40
50 29 8
50 30 28
50 31 75
50 32 42
50 33 33
50 34 15
50 35 2
50 36 17
50 37 59
50 38 70
50 39 18
50 40 72
50 41 46
50 42 31
50 43 25
50 44 29
50 45 66
50 46 41
50 47 1
50 48 38
50 49 14
50 50 84
50 51 24
50 52 32
50 53 67
50 54 5
50 55 68
50 56 73
50 57 64
50 58 76
50 59 22
50 60 71
50 61 81
50 62 56
50 63 78
50 64 51
50 65 62
50 66 44
50 67 79
50 68 10
50 69 21
50 70 77
50 71 58
50 72 43
50 73 55
50 74 34
50 75 47
50 76 36
50 77 13
50 78 3
50 79 53
50 80 4
50 81 27
50 82 19
50 83 52
50 84 35
51 1 68
51 2 17
51 3 28
51 4 48
51 5 43
51 6 27
51 7 19
51 8 8
51 9 9
51 10 54
51 11 16
51 12 82
51 13 69
51 14 60
51 15 25
51 16 83
51 17 79
51 18 59
51 19 61
51 20 75
51 21 47
51 22 2
51 23 14
51 24 49
51 25 65
51 26 84
51 27 56
51 28 58
51 29 73
51 30 45
51 31 34
51 32 66
51 33 20
51 34 53
51 35 13
51 36 81
51 37 77
51 38 12
51 39 1
51 40 76
51 41 30
51 42 4
51 43 7
51 44 26
51 45 80
51 46 0
51 47 33
51 48 22
51 49 36
51 50 15
51 51 37
51 52 78
51 53 35
51 54 55
51 55 46
51 56 29
51 57 31
51 58 3
51 59 72
51 60 11
51 61 57
51 62 70
51 63 62
51 64 67
51 65 74
51 66 5
51 67 44
51 68 50
51 69 38
51 70 63
51 71 39
51 72 6
51 73 23
51 74 18
51 75 42
51 76 71
51 77 21
51 78 10
51 79 52
51 80 24
51 81 41
51 82 40
51 83 32
51 84 64
52 1 70
52 2 37
52 3 9
52 4 79
52 5 83
52 6 76
52 7 35
52 8 57
52 9 43
52 10 46
52 11 27
52 12 13
52 13 26
52 14 32
52 15 41
52 16 17
52 17 48
52 18 61
52 19 8
52 20 77
52 21 25
52 22 82
52 23 38
52 24 34
52 25 4
52 26 33
52 27 24
52 28 60
52 29 54
52 30 64
52 31 72
52 32 58
52 33 0
52 34 84
52 35 22
52 36 7
52 37 1
52 38 6
52 39 50
52 40 31
52 41 2
52 42 10
52 43 67
52 44 5
52 45 56
52 46 69
52 47 19
52 48 30
52 49 20
52 50 71
52 51 45
52 52 11
52 53 68
52 54 29
52 55 74
52 56 44
52 57 15
52 58 12
52 59 62
52 60 40
52 61 75
52 62 80
52 63 51
52 64 63
52 65 28
52 66 78
52 67 49
52 68 59
52 69 73
52 70 66
52 71 47
52 72 81
52 73 16
52 74 42
52 75 36
52 76 55
52 77 53
52 78 39
52 79 23
52 80 3
52 81 65
52 82 21
52 83 14
52 84 18
53 1 84
53 2 27
53 3 28
53 4 76
53 5 72
53 6 4
53 7 75
53 8 14
53 9 69
53 10 50
53 11 8
53 12 51
53 13 41
53 14 71
53 15 17
53 16 44
53 17 63
53 18 11
53 19 35
53 20 80
53 21 40
53 22 65
53 23 31
53 24 2
53 25 52
53 26 33
53 27 3
53 28 43
53 29 5
53 30 83
53 31 82
53 32 61
53 33 21
53 34 59
53 35 74
53 36 22
53 37 81
53 38 37
53 39 24
53 40 30
53 41 1
53 42 49
53 43 16
53 44 58
53 45 25
53 46 7
53 47 10
53 48 67
53 49 62
53 50 64
53 51 38
53 52 55
53 53 78
53 54 45
53 55 77
53 56 19
53 57 9
53 58 32
53 59 47
53 60 54
53 61 26
53 62 6
53 63 23
53 64 73
53 65 36
53 66 46
53 67 39
53 68 13
53 69 70
53 70 29
53 71 48
53 72 34
53 73 12
53 74 0
53 75 66
53 76 15
53 77 42
53 78 68
53 79 18
53 80 60
53 81 56
53 82 57
53 83 79
53 84 20
54 1 76
54 2 47
54 3 42
54 4 21
54 5 45
54 6 52
54 7 60
54 8 53
54 9 28
54 10 2
54 11 50
54 12 80
54 13 56
54 14 73
54 15 46
54 16 6
54 17 55
54 18 7
54 19 0
54 20 8
54 21 43
54 22 78
54 23 15
54 24 14
54 25 44
54 26 59
54 27 81
54 28 75
54 29 79
54 30 38
54 31 70
54 32 82
54 33 71
54 34 18
54 35 4
54 36 25
54 37 48
54 38 34
54 39 51
54 40 63
54 41 12
54 42 49
54 43 11
54 44 27
54 45 5
54 46 40
54 47 84
54 48 74
54 49 62
54 50 69
54 51 16
54 52 83
54 53 64
54 54 72
54 55 29
54 56 1
54 57 39
54 58 22
54 59 17
54 60 9
54 61 66
54 62 31
54 63 37
54 64 41
54 65 67
54 66 19
54 67 77
54 68 24
54 69 57
54 70 35
54 71 10
54 72 20
54 73 36
54 74 68
54 75 32
54 76 61
54 77 26
54 78 13
54 79 30
54 80 33
54 81 65
54 82 58
54 83 3
54 84 23
55 1 73
55 2 71
55 3 34
55 4 15
55 5 13
55 6 50
55 7 72
55 8 75
55 9 17
55 10 27
55 11 69
55 12 24
55 13 60
55 14 78
55 15 40
55 16 58
55 17 61
55 18 44
55 19 43
55 20 0
55 21 82
55 22 14
55 23 83
55 24 74
55 25 46
55 26 76
55 27 67
55 28 35
55 29 48
55 30 22
55 31 53
55 32 64
55 33 11
55 34 10
55 35 33
55 36 3
55 37 39
55 38 63
55 39 9
55 40 25
55 41 81
55 42 30
55 43 20
55 44 5
55 45 51
55 46 19
55 47 8
55 48 32
55 49 70
55 50 42
55 51 52
55 52 54
55 53 68
55 54 12
55 55 47
55 56 59
55 57 45
55 58 7
55 59 41
55 60 80
55 61 2
55 62 4
55 63 62
55 64 57
55 65 84
55 66 31
55 67 26
55 68 16
55 69 21
55 70 18
55 71 28
55 72 38
55 73 49
55 74 56
55 75 36
55 76 77
55 77 65
55 78 23
55 79 1
55 80 66
55 81 29
55 82 6
55 83 79
55 84 37
56 1 28
56 2 33
56 3 49
56 4 19
56 5 50
56 6 13
56 7 29
56 8 62
56 9 31
56 10 57
56 11 68
56 12 69
56 13 44
56 14 70
56 15 53
56 16 61
56 17 35
56 18 80
56 19 58
56 20 43
56 21 48
56 22 39
56 23 47
56 24 11
56 25 14
56 26 52
56 27 32
56 28 17
56 29 6
56 30 0
56 31 73
56 32 25
56 33 65
56 34 37
56 35 23
56 36 30
56 37 5
56 38 26
56 39 66
56 40 24
56 41 27
56 42 59
56 43 4
56 44 79
56 45 41
56 46 15
56 47 3
56 48 10
56 49 1
56 50 18
56 51 2
56 52 7
56 53 82
56 54 9
56 55 34
56 56 84
56 57 63
56 58 77
56 59 38
56 60 64
56 61 16
56 62 60
56 63 55
56 64 12
56 65 71
56 66 40
56 67 22
56 68 81
56 69 72
56 70 42
56 71 83
56 72 75
56 73 8
56 74 76
56 75 51
56 76 20
56 77 67
56 78 21
56 79 54
56 80 36
56 81 46
56 82 78
56 83 45
56 84 74
57 1 68
57 2 53
57 3 29
57 4 70
57 5 19
57 6 79
57 7 12
57 8 32
57 9 48
57 10 46
57 11 51
57 12 69
57 13 44
57 14 18
57 15 33
57 16 64
57 17 36
57 18 78
57 19 13
57 20 27
57 21 3
57 22 63
57 23 75
57 24 83
57 25 38
57 26 34
57 27 16
57 28 1
57 29 6
57 30 37
57 31 2
57 32 72
57 33 61
57 34 58
57 35 67
57 36 76
57 37 62
57 38 5
57 39 45
57 40 81
57 41 55
57 42 8
57 43 49
57 44 39
57 45 4
57 46 41
57 47 77
57 48 47
57 49 9
57 50 0
57 51 17
57 52 71
57 53 20
57 54 40
57 55 56
57 56 24
57 57 52
57 58 60
57 59 54
57 60 15
57 61 22
57 62 21
57 63 35
57 64 66
57 65 28
57 66 31
57 67 59
57 68 30
57 69 80
57 70 50
57 71 11
57 72 26
57 73 74
57 74 14
57 75 65
57 76 84
57 77 73
57 78 42
57 79 7
57 80 82
57 81 25
57 82 10
57 83 43
57 84 23
58 1 76
58 2 6
58 3 2
58 4 23
58 5 83
58 6 44
58 7 55
58 8 45
58 9 11
58 10 3
58 11 17
58 12 28
58 13 48
58 14 63
58 15 49
58 16 21
58 17 13
58 18 15
58 19 77
58 20 42
58 21 5
58 22 8
58 23 9
58 24 72
58 25 35
58 26 53
58 27 59
58 28 7
58 29 62
58 30 1
58 31 30
58 32 57
58 33 0
58 34 67
58 35 75
58 36 52
58 37 80
58 38 84
58 39 12
58 40 79
58 41 68
58 42 69
58 43 27
58 44 65
58 45 47
58 46 74
58 47 37
58 48 78
58 49 33
58 50 16
58 51 61
58 52 71
58 53 73
58 54 50
58 55 34
58 56 31
58 57 43
58 58 25
58 59 20
58 60 56
58 61 41
58 62 18
58 63 39
58 64 60
58 65 36
58 66 4
58 67 10
58 68 46
58 69 14
58 70 40
58 71 70
58 72 26
58 73 19
58 74 66
58 75 29
58 76 24
58 77 54
58 78 22
58 79 82
58 80 38
58 81 32
58 82 64
58 83 51
58 84 81
59 1 69
59 2 1
59 3 79
59 4 51
59 5 37
59 6 46
59 7 82
59 8 63
59 9 6
59 10 30
59 11 18
59 12 42
59 13 27
59 14 2
59 15 7
59 16 65
59 17 40
59 18 62
59 19 43
59 20 64
59 21 14
59 22 44
59 23 32
59 24 5
59 25 84
59 26 49
59 27 48
59 28 76
59 29 53
59 30 70
59 31 83
59 32 77
59 33 31
59 34 11
59 35 52
59 36 67
59 37 19
59 38 20
59 39 50
59 40 41
59 41 34
59 42 81
59 43 72
59 44 3
59 45 55
59 46 16
59 47 15
59 48 60
59 49 22
59 50 54
59 51 29
59 52 75
59 53 45
59 54 26
59 55 35
59 56 0
59 57 36
59 58 66
59 59 24
59 60 38
59 61 74
59 62 78
59 63 39
59 64 61
59 65 28
59 66 25
59 67 13
59 68 73
59 69 33
59 70 58
59 71 21
59 72 23
59 73 56
59 74 10
59 75 71
59 76 47
59 77 4
59 78 12
59 79 57
59 80 17
59 81 68
59 82 9
59 83 80
59 84 8
60 1 48
60 2 63
60 3 81
60 4 39
60 5 80
60 6 51
60 7 12
60 8 46
60 9 32
60 10 50
60 11 73
60 12 57
60 13 7
60 14 34
60 15 62
60 16 56
60 17 53
60 18 3
60 19 55
60 20 23
60 21 11
60 22 40
60 23 69
60 24 74
60 25 65
60 26 70
60 27 24
60 28 72
60 29 21
60 30 59
60 31 15
60 32 77
60 33 35
60 34 9
60 35 41
60 36 67
60 37 20
60 38 45
60 39 18
60 40 33
60 41 31
60 42 76
60 43 0
60 44 29
60 45 66
60 46 47
60 47 68
60 48 82
60 49 22
60 50 44
60 51 13
60 52 17
60 53 4
60 54 8
60 55 36
60 56 27
60 57 64
60 58 79
60 59 6
60 60 5
60 61 38
60 62 43
60 63 25
60 64 42
60 65 19
60 66 28
60 67 49
60 68 37
60 69 52
60 70 26
60 71 71
60 72 78
60 73 1
60 74 16
60 75 30
60 76 75
60 77 14
60 78 61
60 79 84
60 80 10
60 81 58
60 82 83
60 83 54
60 84 2
61 1 21
61 2 48
61 3 81
61 4 5
61 5 31
61 6 77
61 7 33
61 8 46
61 9 68
61 10 36
61 11 8
61 12 57
61 13 9
61 14 11
61 15 75
61 16 12
61 17 3
61 18 2
61 19 32
61 20 62
61 21 7
61 22 1
61 23 56
61 24 38
61 25 4
61 26 74
61 27 20
61 28 67
61 29 45
61 30 0
61 31 70
61 32 76
61 33 71
61 34 10
61 35 6
61 36 40
61 37 84
61 38 79
61 39 13
61 40 55
61 41 54
61 42 44
61 43 58
61 44 34
61 45 17
61 46 47
61 47 60
61 48 52
61 49 78
61 50 51
61 51 16
61 52 82
61 53 72
61 54 80
61 55 24
61 56 50
61 57 15
61 58 64
61 59 19
61 60 53
61 61 26
61 62 41
61 63 73
61 64 14
61 65 83
61 66 49
61 67 27
61 68 23
61 69 25
61 70 29
61 71 65
61 72 69
61 73 28
61 74 42
61 75 35
61 76 63
61 77 66
61 78 30
61 79 18
61 80 59
61 81 43
61 82 37
61 83 39
61 84 22
62 1 50
62 2 19
62 3 44
62 4 36
62 5 64
62 6 78
62 7 46
62 8 59
62 9 34
62 10 11
62 11 23
62 12 30
62 13 17
62 14 48
62 15 1
62 16 12
62 17 47
62 18 2
62 19 8
62 20 26
62 21 75
62 22 66
62 23 65
62 24 37
62 25 81
62 26 10
62 27 35
62 28 14
62 29 9
62 30 13
62 31 29
62 32 71
62 33 55
62 34 0
62 35 7
62 36 25
62 37 84
62 38 58
62 39 43
62 40 31
62 41 27
62 42 69
62 43 16
62 44 20
62 45 68
62 46 41
62 47 54
62 48 3
62 49 5
62 50 4
62 51 63
62 52 82
62 53 51
62 54 53
62 55 57
62 56 73
62 57 38
62 58 45
62 59 79
62 60 32
62 61 80
62 62 76
62 63 56
62 64 39
62 65 83
62 66 24
62 67 72
62 68 52
62 69 18
62 70 40
62 71 15
62 72 6
62 73 67
62 74 22
62 75 61
62 76 28
62 77 74
62 78 70
62 79 77
62 80 49
62 81 42
62 82 33
62 83 21
62 84 60
63 1 54
63 2 11
63 3 5
63 4 82
63 5 53
63 6 81
63 7 37
63 8 32
63 9 77
63 10 73
63 11 50
63 12 78
63 13 71
63 14 76
63 15 16
63 16 55
63 17 52
63 18 14
63 19 47
63 20 38
63 21 49
63 22 10
63 23 27
63 24 18
63 25 64
63 26 33
63 27 57
63 28 12
63 29 65
63 30 68
63 31 45
63 32 44
63 33 80
63 34 60
63 35 74
63 36 28
63 37 46
63 38 35
63 39 70
63 40 61
63 41 30
63 42 66
63 43 51
63 44 72
63 45 42
63 46 43
63 47 40
63 48 7
63 49 23
63 50 3
63 51 0
63 52 26
63 53 83
63 54 48
63 55 29
63 56 31
63 57 21
63 58 15
63 59 56
63 60 36
63 61 39
63 62 79
63 63 84
63 64 25
63 65 69
63 66 1
63 67 6
63 68 4
63 69 58
63 70 2
63 71 13
63 72 19
63 73 24
63 74 17
63 75 59
63 76 34
63 77 67
63 78 75
63 79 22
63 80 41
63 81 20
63 82 8
63 83 62
63 84 9
64 1 52
64 2 73
64 3 75
64 4 79
64 5 67
64 6 65
64 7 9
64 8 14
64 9 33
64 10 50
64 11 2
64 12 27
64 13 80
64 14 17
64 15 49
64 16 0
64 17 32
64 18 41
64 19 7
64 20 72
64 21 83
64 22 84
64 23 82
64 24 24
64 25 13
64 26 46
64 27 68
64 28 10
64 29 23
64 30 40
64 31 54
64 32 44
64 33 61
64 34 56
64 35 42
64 36 58
64 37 18
64 38 8
64 39 37
64 40 21
64 41 57
64 42 39
64 43 12
64 44 53
64 45 31
64 46 28
64 47 5
64 48 81
64 49 30
64 50 63
64 51 34
64 52 62
64 53 16
64 54 6
64 55 25
64 56 45
64 57 35
64 58 22
64 59 55
64 60 59
64 61 20
64 62 38
64 63 60
64 64 69
64 65 74
64 66 76
64 67 11
64 68 47
64 69 3
64 70 43
64 71 77
64 72 78
64 73 66
64 74 51
64 75 1
64 76 4
64 77 26
64 78 29
64 79 48
64 80 36
64 81 71
64 82 19
64 83 15
64 84 70
65 1 25
65 2 37
65 3 39
65 4 33
65 5 35
65 6 49
65 7 5
65 8 69
65 9 28
65 10 36
65 11 64
65 12 6
65 13 2
65 14 78
65 15 34
65 16 17
65 17 71
65 18 66
65 19 82
65 20 62
65 21 31
65 22 45
65 23 81
65 24 46
65 25 54
65 26 79
65 27 16
65 28 47
65 29 73
65 30 50
65 31 60
65 32 40
65 33 58
65 34 53
65 35 70
65 36 84
65 37 59
65 38 52
65 39 83
65 40 57
65 41 14
65 42 26
65 43 42
65 44 13
65 45 55
65 46 7
65 47 12
65 48 20
65 49 56
65 50 0
65 51 68
65 52 38
65 53 41
65 54 9
65 55 22
65 56 10
65 57 76
65 58 61
65 59 27
65 60 24
65 61 15
65 62 19
65 63 29
65 64 3
65 65 80
65 66 1
65 67 18
65 68 8
65 69 74
65 70 67
65 71 21
65 72 43
65 73 75
65 74 4
65 75 72
65 76 63
65 77 48
65 78 51
65 79 23
65 80 32
65 81 30
65 82 44
65 83 77
65 84 11
66 1 8
66 2 80
66 3 12
66 4 81
66 5 51
66 6 2
66 7 44
66 8 45
66 9 49
66 10 43
66 11 38
66 12 5
66 13 26
66 14 10
66 15 65
66 16 58
66 17 41
66 18 27
66 19 6
66 20 76
66 21 31
66 22 34
66 23 30
66 24 75
66 25 82
66 26 40
66 27 69
66 28 50
66 29 14
66 30 77
66 31 63
66 32 16
66 33 32
66 34 19
66 35 62
66 36 17
66 37 23
66 38 78
66 39 29
66 40 79
66 41 0
66 42 18
66 43 36
66 44 33
66 45 53
66 46 3
66 47 68
66 48 73
66 49 25
66 50 60
66 51 67
66 52 61
66 53 84
66 54 1
66 55 59
66 56 9
66 57 64
66 58 42
66 59 71
66 60 22
66 61 20
66 62 28
66 63 13
66 64 70
66 65 7
66 66 56
66 67 37
66 68 74
66 69 57
66 70 83
66 71 52
66 72 15
66 73 55
66 74 48
66 75 72
66 76 39
66 77 46
66 78 54
66 79 11
66 80 24
66 81 4
66 82 21
66 83 35
66 84 47
67 1 41
67 2 44
67 3 23
67 4 8
67 5 73
67 6 38
67 7 13
67 8 22
67 9 35
67 10 32
67 11 7
67 12 68
67 13 30
67 14 15
67 15 33
67 16 16
67 17 76
67 18 59
67 19 0
67 20 60
67 21 18
67 22 84
67 23 48
67 24 21
67 25 54
67 26 58
67 27 45
67 28 27
67 29 82
67 30 71
67 31 61
67 32 17
67 33 64
67 34 36
67 35 56
67 36 39
67 37 52
67 38 9
67 39 75
67 40 19
67 41 63
67 42 57
67 43 70
67 44 72
67 45 11
67 46 1
67 47 49
67 48 77
67 49 25
67 50 74
67 51 46
67 52 31
67 53 42
67 54 24
67 55 80
67 56 12
67 57 29
67 58 69
67 59 14
67 60 5
67 61 43
67 62 55
67 63 78
67 64 20
67 65 3
67 66 10
67 67 40
67 68 26
67 69 28
67 70 62
67 71 47
67 72 50
67 73 81
67 74 83
67 75 4
67 76 53
67 77 79
67 78 6
67 79 2
67 80 34
67 81 66
67 82 37
67 83 51
67 84 65
68 1 83
68 2 36
68 3 22
68 4 20
68 5 70
68 6 42
68 7 37
68 8 18
68 9 0
68 10 75
68 11 59
68 12 41
68 13 9
68 14 8
68 15 66
68 16 2
68 17 35
68 18 80
68 19 12
68 20 32
68 21 61
68 22 13
68 23 76
68 24 4
68 25 81
68 26 43
68 27 19
68 28 49
68 29 30
68 30 65
68 31 77
68 32 62
68 33 47
68 34 3
68 35 51
68 36 53
68 37 38
68 38 7
68 39 10
68 40 27
68 41 71
68 42 21
68 43 56
68 44 45
68 45 57
68 46 54
68 47 64
68 48 23
68 49 26
68 50 73
68 51 52
68 52 78
68 53 48
68 54 25
68 55 5
68 56 1
68 57 16
68 58 44
68 59 69
68 60 40
68 61 29
68 62 72
68 63 63
68 64 67
68 65 6
68 66 28
68 67 60
68 68 79
68 69 82
68 70 50
68 71 33
68 72 84
68 73 17
68 74 24
68 75 74
68 76 14
68 77 34
68 78 55
68 79 39
68 80 58
68 81 31
68 82 11
68 83 15
68 84 46
69 1 23
69 2 0
69 3 65
69 4 77
69 5 72
69 6 1
69 7 38
69 8 32
69 9 55
69 10 12
69 11 40
69 12 73
69 13 57
69 14 35
69 15 50
69 16 74
69 17 17
69 18 22
69 19 2
69 20 60
69 21 66
69 22 51
69 23 61
69 24 64
69 25 43
69 26 45
69 27 13
69 28 10
69 29 67
69 30 58
69 31 42
69 32 75
69 33 36
69 34 37
69 35 18
69 36 33
69 37 6
69 38 80
69 39 82
69 40 26
69 41 25
69 42 83
69 43 46
69 44 84
69 45 34
69 46 68
69 47 9
69 48 29
69 49 14
69 50 4
69 51 7
69 52 49
69 53 62
69 54 28
69 55 24
69 56 21
69 57 5
69 58 79
69 59 53
69 60 41
69 61 78
69 62 20
69 63 3
69 64 63
69 65 54
69 66 8
69 67 70
69 68 81
69 69 48
69 70 31
69 71 71
69 72 52
69 73 47
69 74 30
69 75 27
69 76 19
69 77 39
69 78 15
69 79 59
69 80 76
69 81 16
69 82 11
69 83 56
69 84 44
70 1 59
70 2 45
70 3 54
70 4 47
70 5 46
70 6 64
70 7 13
70 8 24
70 9 29
70 10 21
70 11 56
70 12 55
70 13 61
70 14 28
70 15 78
70 16 34
70 17 37
70 18 68
70 19 33
70 20 22
70 21 16
70 22 12
70 23 23
70 24 71
70 25 8
70 26 58
70 27 32
70 28 42
70 29 6
70 30 7
70 31 83
70 32 31
70 33 30
70 34 52
70 35 41
70 36 72
70 37 2
70 38 74
70 39 66
70 40 5
70 41 50
70 42 44
70 43 75
70 44 39
70 45 48
70 46 69
70 47 36
70 48 38
70 49 3
70 50 15
70 51 63
70 52 18
70 53 19
70 54 0
70 55 14
70 56 67
70 57 65
70 58 79
70 59 73
70 60 17
70 61 1
70 62 57
70 63 53
70 64 76
70 65 60
70 66 4
70 67 11
70 68 51
70 69 77
70 70 40
70 71 82
70 72 84
70 73 43
70 74 10
70 75 27
70 76 26
70 77 25
70 78 20
70 79 80
70 80 81
70 81 35
70 82 62
70 83 49
70 84 9
71 1 36
71 2 6
71 3 35
71 4 55
71 5 27
71 6 62
71 7 20
71 8 84
71 9 48
71 10 17
71 11 57
71 12 67
71 13 40
71 14 26
71 15 60
71 16 66
71 17 0
71 18 81
71 19 50
71 20 44
71 21 78
71 22 15
71 23 58
71 24 74
71 25 8
71 26 1
71 27 24
71 28 70
71 29 16
71 30 7
71 31 38
71 32 63
71 33 3
71 34 30
71 35 46
71 36 12
71 37 19
71 38 23
71 39 73
71 40 42
71 41 53
71 42 59
71 43 47
71 44 9
71 45 28
71 46 83
71 47 82
71 48 76
71 49 75
71 50 49
71 51 32
71 52 11
71 53 77
71 54 80
71 55 65
71 56 41
71 57 4
71 58 54
71 59 79
71 60 29
71 61 68
71 62 52
71 63 72
71 64 2
71 65 25
71 66 33
71 67 31
71 68 69
71 69 39
71 70 10
71 71 14
71 72 37
71 73 13
71 74 22
71 75 43
71 76 34
71 77 45
71 78 51
71 79 56
71 80 18
71 81 21
71 82 61
71 83 5
71 84 64
72 1 28
72 2 80
72 3 18
72 4 67
72 5 55
72 6 11
72 7 32
72 8 48
72 9 24
72 10 62
72 11 70
72 12 36
72 13 4
72 14 23
72 15 26
72 16 83
72 17 64
72 18 82
72 19 19
72 20 59
72 21 52
72 22 61
72 23 78
72 24 69
72 25 27
72 26 0
72 27 42
72 28 49
72 29 65
72 30 2
72 31 84
72 32 57
72 33 1
72 34 60
72 35 20
72 36 17
72 37 29
72 38 38
72 39 25
72 40 37
72 41 3
72 42 15
72 43 46
72 44 45
72 45 58
72 46 54
72 47 6
72 48 13
72 49 34
72 50 21
72 51 35
72 52 16
72 53 75
72 54 5
72 55 68
72 56 56
72 57 63
72 58 40
72 59 9
72 60 14
72 61 71
72 62 77
72 63 8
72 64 76
72 65 50
72 66 39
72 67 33
72 68 47
72 69 7
72 70 51
72 71 43
72 72 12
72 73 66
72 74 53
72 75 74
72 76 41
72 77 44
72 78 81
72 79 73
72 80 79
72 81 10
72 82 31
72 83 22
72 84 30
73 1 74
73 2 51
73 3 66
73 4 60
73 5 6
73 6 36
73 7 79
73 8 10
73 9 58
73 10 5
73 11 49
73 12 30
73 13 32
73 14 81
73 15 2
73 16 69
73 17 61
73 18 42
73 19 71
73 20 57
73 21 82
73 22 62
73 23 14
73 24 77
73 25 47
73 26 31
73 27 75
73 28 0
73 29 83
73 30 21
73 31 19
73 32 12
73 33 17
73 34 27
73 35 67
73 36 34
73 37 23
73 38 3
73 39 68
73 40 76
73 41 55
73 42 7
73 43 25
73 44 78
73 45 50
73 46 84
73 47 11
73 48 43
73 49 37
73 50 18
73 51 40
73 52 54
73 53 45
73 54 39
73 55 22
73 56 46
73 57 9
73 58 64
73 59 48
73 60 24
73 61 20
73 62 28
73 63 13
73 64 26
73 65 59
73 66 1
73 67 63
73 68 33
73 69 41
73 70 70
73 71 15
73 72 8
73 73 72
73 74 29
73 75 16
73 76 38
73 77 4
73 78 56
73 79 53
73 80 80
73 81 44
73 82 35
73 83 65
73 84 52
74 1 41
74 2 81
74 3 1
74 4 43
74 5 16
74 6 18
74 7 65
74 8 10
74 9 30
74 10 77
74 11 49
74 12 47
74 13 20
74 14 56
74 15 66
74 16 69
74 17 3
74 18 55
74 19 53
74 20 0
74 21 31
74 22 82
74 23 17
74 24 38
74 25 84
74 26 76
74 27 34
74 28 42
74 29 14
74 30 80
74 31 79
74 32 58
74 33 15
74 34 32
74 35 11
74 36 44
74 37 73
74 38 63
74 39 48
74 40 83
74 41 35
74 42 27
74 43 28
74 44 24
74 45 12
74 46 7
74 47 36
74 48 40
74 49 72
74 50 59
74 51 57
74 52 60
74 53 9
74 54 50
74 55 37
74 56 71
74 57 67
74 58 45
74 59 52
74 60 13
74 61 68
74 62 6
74 63 19
74 64 64
74 65 21
74 66 61
74 67 29
74 68 22
74 69 70
74 70 33
74 71 2
74 72 4
74 73 54
74 74 62
74 75 23
74 76 51
74 77 26
74 78 5
74 79 46
74 80 75
74 81 78
74 82 8
74 83 25
74 84 39
75 1 43
75 2 81
75 3 4
75 4 24
75 5 64
75 6 80
75 7 17
75 8 32
75 9 37
75 10 21
75 11 76
75 12 22
75 13 53
75 14 38
75 15 41
75 16 33
75 17 16
75 18 30
75 19 26
75 20 49
75 21 54
75 22 59
75 23 50
75 24 40
75 25 15
75 26 71
75 27 18
75 28 60
75 29 62
75 30 3
75 31 25
75 32 72
75 33 69
75 34 58
75 35 34
75 36 9
75 37 8
75 38 7
75 39 74
75 40 35
75 41 14
75 42 46
75 43 57
75 44 13
75 45 19
75 46 2
75 47 65
75 48 52
75 49 23
75 50 1
75 51 5
75 52 77
75 53 79
75 54 12
75 55 68
75 56 31
75 57 11
75 58 84
75 59 56
75 60 42
75 61 51
75 62 28
75 63 0
75 64 10
75 65 67
75 66 83
75 67 20
75 68 63
75 69 61
75 70 47
75 71 70
75 72 66
75 73 36
75 74 39
75 75 48
75 76 29
75 77 55
75 78 44
75 79 45
75 80 78
75 81 82
75 82 73
75 83 6
75 84 27
76 1 30
76 2 80
76 3 50
76 4 58
76 5 63
76 6 75
76 7 62
76 8 57
76 9 81
76 10 15
76 11 11
76 12 24
76 13 33
76 14 44
76 15 6
76 16 67
76 17 64
76 18 71
76 19 9
76 20 78
76 21 23
76 22 46
76 23 74
76 24 7
76 25 22
76 26 43
76 27 27
76 28 0
76 29 52
76 30 48
76 31 5
76 32 61
76 33 79
76 34 13
76 35 14
76 36 17
76 37 2
76 38 31
76 39 47
76 40 37
76 41 49
76 42 65
76 43 73
76 44 42
76 45 55
76 46 12
76 47 8
76 48 25
76 49 56
76 50 45
76 51 29
76 52 82
76 53 59
76 54 35
76 55 41
76 56 54
76 57 68
76 58 60
76 59 72
76 60 32
76 61 83
76 62 28
76 63 18
76 64 16
76 65 70
76 66 26
76 67 10
76 68 1
76 69 51
76 70 84
76 71 19
76 72 36
76 73 38
76 74 39
76 75 69
76 76 53
76 77 66
76 78 34
76 79 20
76 80 40
76 81 21
76 82 4
76 83 77
76 84 3
77 1 37
77 2 56
77 3 54
77 4 24
77 5 16
77 6 40
77 7 9
77 8 71
77 9 45
77 10 14
77 11 21
77 12 57
77 13 82
77 14 43
77 15 59
77 16 44
77 17 25
77 18 63
77 19 84
77 20 39
77 21 78
77 22 1
77 23 46
77 24 11
77 25 58
77 26 42
77 27 28
77 28 49
77 29 48
77 30 35
77 31 75
77 32 47
77 33 27
77 34 10
77 35 80
77 36 22
77 37 74
77 38 5
77 39 20
77 40 13
77 41 30
77 42 79
77 43 2
77 44 62
77 45 12
77 46 76
77 47 8
77 48 6
77 49 55
77 50 73
77 51 65
77 52 60
77 53 23
77 54 18
77 55 81
77 56 29
77 57 53
77 58 15
77 59 70
77 60 64
77 61 52
77 62 0
77 63 72
77 64 19
77 65 69
77 66 33
77 67 66
77 68 68
77 69 67
77 70 83
77 71 36
77 72 38
77 73 4
77 74 26
77 75 3
77 76 34
77 77 50
77 78 32
77 79 31
77 80 41
77 81 17
77 82 51
77 83 7
77 84 61
78 1 41
78 2 27
78 3 37
78 4 36
78 5 19
78 6 34
78 7 16
78 8 83
78 9 64
78 10 31
78 11 40
78 12 50
78 13 14
78 14 29
78 15 80
78 16 53
78 17 23
78 18 0
78 19 76
78 20 10
78 21 28
78 22 43
78 23 66
78 24 13
78 25 2
78 26 20
78 27 79
78 28 17
78 29 75
78 30 60
78 31 57
78 32 1
78 33 68
78 34 67
78 35 84
78 36 72
78 37 52
78 38 38
78 39 9
78 40 56
78 41 11
78 42 69
78 43 15
78 44 54
78 45 24
78 46 8
78 47 25
78 48 26
78 49 3
78 50 6
78 51 44
78 52 32
78 53 21
78 54 74
78 55 47
78 56 48
78 57 49
78 58 42
78 59 73
78 60 51
78 61 18
78 62 61
78 63 71
78 64 70
78 65 46
78 66 39
78 67 22
78 68 35
78 69 7
78 70 81
78 71 30
78 72 58
78 73 59
78 74 4
78 75 65
78 76 12
78 77 55
78 78 45
78 79 77
78 80 82
78 81 5
78 82 63
78 83 62
78 84 33
79 1 69
79 2 55
79 3 59
79 4 8
79 5 0
79 6 41
79 7 63
79 8 68
79 9 33
79 10 21
79 11 70
79 12 31
79 13 66
79 14 43
79 15 6
79 16 57
79 17 28
79 18 27
79 19 62
79 20 16
79 21 19
79 22 73
79 23 51
79 24 26
79 25 3
79 26 77
79 27 13
79 28 7
79 29 65
79 30 82
79 31 5
79 32 49
79 33 30
79 34 84
79 35 78
79 36 39
79 37 25
79 38 58
79 39 35
79 40 71
79 41 32
79 42 48
79 43 40
79 44 15
79 45 18
79 46 12
79 47 53
79 48 2
79 49 36
79 50 54
79 51 61
79 52 75
79 53 56
79 54 80
79 55 1
79 56 37
79 57 44
79 58 42
79 59 11
79 60 20
79 61 10
79 62 34
79 63 72
79 64 64
79 65 52
79 66 83
79 67 60
79 68 38
79 69 9
79 70 23
79 71 46
79 72 14
79 73 29
79 74 17
79 75 4
79 76 74
79 77 81
79 78 50
79 79 22
79 80 47
79 81 45
79 82 76
79 83 67
79 84 24
80 1 79
80 2 11
80 3 4
80 4 10
80 5 66
80 6 47
80 7 24
80 8 6
80 9 37
80 10 67
80 11 19
80 12 44
80 13 43
80 14 49
80 15 18
80 16 81
80 17 83
80 18 23
80 19 60
80 20 53
80 21 29
80 22 58
80 23 33
80 24 42
80 25 73
80 26 9
80 27 27
80 28 76
80 29 30
80 30 84
80 31 17
80 32 56
80 33 63
80 34 78
80 35 55
80 36 61
80 37 64
80 38 70
80 39 71
80 40 0
80 41 82
80 42 15
80 43 52
80 44 34
80 45 57
80 46 22
80 47 39
80 48 7
80 49 38
80 50 14
80 51 46
80 52 74
80 53 45
80 54 51
80 55 41
80 56 3
80 57 77
80 58 36
80 59 32
80 60 54
80 61 20
80 62 72
80 63 8
80 64 65
80 65 28
80 66 12
80 67 25
80 68 2
80 69 62
80 70 5
80 71 13
80 72 31
80 73 48
80 74 16
80 75 59
80 76 21
80 77 40
80 78 68
80 79 75
80 80 69
80 81 35
80 82 50
80 83 26
80 84 1
81 1 72
81 2 33
81 3 44
81 4 37
81 5 63
81 6 20
81 7 55
81 8 12
81 9 65
81 10 59
81 11 35
81 12 53
81 13 64
81 14 71
81 15 30
81 16 75
81 17 8
81 18 19
81 19 29
81 20 31
81 21 25
81 22 23
81 23 4
81 24 67
81 25 74
81 26 66
81 27 10
81 28 76
81 29 27
81 30 46
81 31 2
81 32 24
81 33 22
81 34 82
81 35 48
81 36 40
81 37 17
81 38 61
81 39 0
81 40 47
81 41 13
81 42 39
81 43 38
81 44 73
81 45 14
81 46 42
81 47 28
81 48 84
81 49 50
81 50 78
81 51 41
81 52 11
81 53 58
81 54 7
81 55 54
81 56 43
81 57 60
81 58 77
81 59 26
81 60 16
81 61 18
81 62 32
81 63 68
81 64 51
81 65 15
81 66 9
81 67 5
81 68 34
81 69 69
81 70 21
81 71 83
81 72 70
81 73 57
81 74 49
81 75 79
81 76 3
81 77 56
81 78 45
81 79 1
81 80 62
81 81 6
81 82 36
81 83 52
81 84 80
82 1 2
82 2 4
82 3 20
82 4 24
82 5 73
82 6 23
82 7 38
82 8 3
82 9 36
82 10 30
82 11 75
82 12 45
82 13 59
82 14 31
82 15 44
82 16 84
82 17 69
82 18 50
82 19 78
82 20 42
82 21 10
82 22 7
82 23 60
82 24 37
82 25 13
82 26 19
82 27 28
82 28 52
82 29 27
82 30 25
82 31 12
82 32 32
82 33 11
82 34 22
82 35 47
82 36 35
82 37 41
82 38 62
82 39 58
82 40 40
82 41 61
82 42 49
82 43 68
82 44 70
82 45 65
82 46 17
82 47 15
82 48 56
82 49 18
82 50 79
82 51 80
82 52 55
82 53 74
82 54 81
82 55 46
82 56 66
82 57 71
82 58 1
82 59 63
82 60 5
82 61 8
82 62 76
82 63 34
82 64 6
82 65 21
82 66 54
82 67 72
82 68 67
82 69 39
82 70 48
82 71 43
82 72 16
82 73 9
82 74 64
82 75 51
82 76 14
82 77 53
82 78 57
82 79 0
82 80 83
82 81 26
82 82 29
82 83 77
82 84 33
83 1 8
83 2 71
83 3 75
83 4 4
83 5 46
83 6 12
83 7 1
83 8 66
83 9 26
83 10 18
83 11 32
83 12 68
83 13 6
83 14 2
83 15 48
83 16 36
83 17 60
83 18 24
83 19 53
83 20 13
83 21 19
83 22 44
83 23 61
83 24 65
83 25 72
83 26 84
83 27 54
83 28 29
83 29 15
83 30 38
83 31 30
83 32 45
83 33 82
83 34 27
83 35 37
83 36 21
83 37 3
83 38 58
83 39 22
83 40 28
83 41 14
83 42 79
83 43 67
83 44 20
83 45 34
83 46 81
83 47 55
83 48 7
83 49 31
83 50 43
83 51 23
83 52 11
83 53 41
83 54 49
83 55 40
83 56 9
83 57 63
83 58 5
83 59 76
83 60 77
83 61 57
83 62 25
83 63 16
83 64 78
83 65 74
83 66 39
83 67 59
83 68 62
83 69 80
83 70 70
83 71 35
83 72 42
83 73 56
83 74 47
83 75 0
83 76 73
83 77 10
83 78 33
83 79 69
83 80 52
83 81 17
83 82 64
83 83 50
83 84 51
84 1 30
84 2 7
84 3 14
84 4 26
84 5 50
84 6 28
84 7 74
84 8 37
84 9 3
84 10 48
84 11 40
84 12 62
84 13 2
84 14 18
84 15 43
84 16 41
84 17 1
84 18 13
84 19 42
84 20 66
84 21 76
84 22 25
84 23 60
84 24 22
84 25 49
84 26 51
84 27 45
84 28 23
84 29 19
84 30 33
84 31 57
84 32 78
84 33 12
84 34 59
84 35 61
84 36 68
84 37 8
84 38 29
84 39 70
84 40 5
84 41 35
84 42 20
84 43 67
84 44 46
84 45 32
84 46 69
84 47 31
84 48 36
84 49 56
84 50 9
84 51 81
84 52 80
84 53 55
84 54 6
84 55 65
84 56 72
84 57 39
84 58 34
84 59 58
84 60 63
84 61 4
84 62 77
84 63 71
84 64 44
84 65 10
84 66 38
84 67 52
84 68 11
84 69 54
84 70 24
84 71 82
84 72 0
84 73 83
84 74 79
84 75 16
84 76 27
84 77 15
84 78 73
84 79 64
84 80 47
84 81 21
84 82 53
84 83 17
84 84 75