0 1 33
0 2 60
0 3 23
0 4 48
0 5 54
0 6 37
0 7 40
0 8 43
0 9 8
0 10 17
0 11 27
0 12 41
0 13 19
0 14 21
0 15 24
0 16 44
0 17 56
0 18 58
0 19 12
0 20 42
0 21 14
0 22 62
0 23 9
0 24 22
0 25 10
0 26 29
0 27 55
0 28 64
0 29 2
0 30 32
0 31 7
0 32 59
0 33 1
0 34 13
0 35 5
0 36 26
0 37 46
0 38 52
0 39 31
0 40 6
0 41 51
0 42 4
0 43 63
0 44 35
0 45 15
0 46 3
0 47 57
0 48 61
0 49 18
0 50 30
0 51 16
0 52 39
0 53 49
0 54 45
0 55 28
0 56 34
0 57 50
0 58 38
0 59 11
0 60 20
0 61 25
0 62 36
0 63 47
0 64 53
1 1 7
1 2 59
1 3 22
1 4 19
1 5 14
1 6 39
1 7 64
1 8 40
1 9 17
1 10 49
1 11 37
1 12 16
1 13 62
1 14 2
1 15 15
1 16 20
1 17 51
1 18 42
1 19 60
1 20 27
1 21 32
1 22 21
1 23 28
1 24 53
1 25 13
1 26 63
1 27 29
1 28 30
1 29 48
1 30 0
1 31 35
1 32 43
1 33 55
1 34 11
1 35 4
1 36 8
1 37 38
1 38 56
1 39 41
1 40 52
1 41 36
1 42 10
1 43 31
1 44 26
1 45 5
1 46 47
1 47 24
1 48 33
1 49 54
1 50 50
1 51 3
1 52 46
1 53 44
1 54 18
1 55 6
1 56 25
1 57 57
1 58 45
1 59 34
1 60 61
1 61 12
1 62 58
1 63 23
1 64 9
2 1 10
2 2 15
2 3 44
2 4 37
2 5 60
2 6 53
2 7 49
2 8 31
2 9 52
2 10 61
2 11 47
2 12 30
2 13 41
2 14 28
2 15 42
2 16 17
2 17 34
2 18 25
2 19 20
2 20 12
2 21 5
2 22 51
2 23 32
2 24 57
2 25 13
2 26 46
2 27 62
2 28 55
2 29 54
2 30 14
2 31 1
2 32 27
2 33 21
2 34 16
2 35 26
2 36 9
2 37 19
2 38 64
2 39 43
2 40 63
2 41 40
2 42 48
2 43 6
2 44 8
2 45 23
2 46 35
2 47 36
2 48 59
2 49 39
2 50 24
2 51 7
2 52 38
2 53 56
2 54 11
2 55 4
2 56 50
2 57 0
2 58 18
2 59 33
2 60 22
2 61 3
2 62 58
2 63 29
2 64 45
3 1 1
3 2 48
3 3 49
3 4 57
3 5 10
3 6 61
3 7 55
3 8 50
3 9 11
3 10 62
3 11 46
3 12 8
3 13 18
3 14 20
3 15 5
3 16 52
3 17 56
3 18 23
3 19 44
3 20 35
3 21 25
3 22 21
3 23 34
3 24 13
3 25 36
3 26 33
3 27 22
3 28 24
3 29 39
3 30 51
3 31 42
3 32 16
3 33 45
3 34 32
3 35 47
3 36 15
3 37 60
3 38 7
3 39 0
3 40 40
3 41 14
3 42 53
3 43 4
3 44 28
3 45 59
3 46 27
3 47 6
3 48 2
3 49 38
3 50 58
3 51 54
3 52 12
3 53 31
3 54 43
3 55 17
3 56 26
3 57 29
3 58 64
3 59 63
3 60 19
3 61 41
3 62 37
3 63 30
3 64 9
4 1 62
4 2 24
4 3 43
4 4 17
4 5 40
4 6 10
4 7 39
4 8 41
4 9 0
4 10 26
4 11 12
4 12 45
4 13 33
4 14 5
4 15 23
4 16 28
4 17 53
4 18 21
4 19 35
4 20 1
4 21 61
4 22 51
4 23 55
4 24 34
4 25 57
4 26 60
4 27 11
4 28 42
4 29 46
4 30 3
4 31 59
4 32 50
4 33 18
4 34 8
4 35 37
4 36 30
4 37 52
4 38 48
4 39 2
4 40 47
4 41 29
4 42 15
4 43 56
4 44 32
4 45 20
4 46 63
4 47 7
4 48 6
4 49 54
4 50 19
4 51 22
4 52 14
4 53 44
4 54 49
4 55 64
4 56 31
4 57 58
4 58 25
4 59 9
4 60 27
4 61 16
4 62 13
4 63 38
4 64 36
5 1 60
5 2 1
5 3 8
5 4 26
5 5 31
5 6 28
5 7 45
5 8 23
5 9 44
5 10 13
5 11 15
5 12 20
5 13 35
5 14 32
5 15 38
5 16 14
5 17 3
5 18 36
5 19 12
5 20 43
5 21 10
5 22 19
5 23 48
5 24 29
5 25 21
5 26 34
5 27 4
5 28 2
5 29 61
5 30 11
5 31 9
5 32 58
5 33 54
5 34 50
5 35 37
5 36 16
5 37 40
5 38 63
5 39 46
5 40 6
5 41 64
5 42 22
5 43 53
5 44 49
5 45 18
5 46 47
5 47 59
5 48 17
5 49 39
5 50 7
5 51 25
5 52 33
5 53 57
5 54 30
5 55 52
5 56 56
5 57 51
5 58 27
5 59 55
5 60 62
5 61 24
5 62 41
5 63 0
5 64 42
6 1 30
6 2 37
6 3 34
6 4 2
6 5 49
6 6 56
6 7 27
6 8 45
6 9 32
6 10 24
6 11 19
6 12 8
6 13 50
6 14 16
6 15 10
6 16 58
6 17 42
6 18 15
6 19 62
6 20 35
6 21 57
6 22 60
6 23 3
6 24 53
6 25 33
6 26 17
6 27 47
6 28 52
6 29 0
6 30 39
6 31 31
6 32 21
6 33 46
6 34 55
6 35 22
6 36 43
6 37 61
6 38 4
6 39 12
6 40 51
6 41 25
6 42 20
6 43 36
6 44 44
6 45 1
6 46 7
6 47 9
6 48 5
6 49 64
6 50 29
6 51 14
6 52 18
6 53 59
6 54 38
6 55 54
6 56 23
6 57 63
6 58 48
6 59 26
6 60 13
6 61 41
6 62 40
6 63 28
6 64 11
7 1 32
7 2 48
7 3 10
7 4 11
7 5 26
7 6 49
7 7 25
7 8 28
7 9 36
7 10 14
7 11 29
7 12 31
7 13 27
7 14 44
7 15 40
7 16 50
7 17 58
7 18 51
7 19 12
7 20 64
7 21 17
7 22 15
7 23 0
7 24 22
7 25 8
7 26 4
7 27 41
7 28 35
7 29 30
7 30 38
7 31 24
7 32 62
7 33 13
7 34 45
7 35 61
7 36 54
7 37 3
7 38 56
7 39 63
7 40 16
7 41 23
7 42 47
7 43 5
7 44 59
7 45 60
7 46 46
7 47 21
7 48 39
7 49 53
7 50 1
7 51 57
7 52 33
7 53 9
7 54 2
7 55 19
7 56 52
7 57 42
7 58 43
7 59 20
7 60 34
7 61 37
7 62 6
7 63 18
7 64 55
8 1 5
8 2 35
8 3 13
8 4 17
8 5 56
8 6 52
8 7 63
8 8 40
8 9 37
8 10 28
8 11 53
8 12 12
8 13 59
8 14 60
8 15 42
8 16 33
8 17 31
8 18 39
8 19 24
8 20 6
8 21 1
8 22 14
8 23 49
8 24 64
8 25 18
8 26 48
8 27 45
8 28 58
8 29 29
8 30 16
8 31 0
8 32 55
8 33 10
8 34 15
8 35 2
8 36 34
8 37 4
8 38 19
8 39 11
8 40 7
8 41 57
8 42 36
8 43 32
8 44 30
8 45 38
8 46 54
8 47 44
8 48 62
8 49 23
8 50 22
8 51 43
8 52 51
8 53 21
8 54 27
8 55 41
8 56 61
8 57 25
8 58 46
8 59 26
8 60 9
8 61 20
8 62 3
8 63 50
8 64 47
9 1 3
9 2 64
9 3 21
9 4 2
9 5 61
9 6 43
9 7 52
9 8 14
9 9 4
9 10 11
9 11 31
9 12 60
9 13 13
9 14 41
9 15 54
9 16 50
9 17 34
9 18 35
9 19 46
9 20 30
9 21 20
9 22 56
9 23 26
9 24 16
9 25 8
9 26 1
9 27 49
9 28 22
9 29 5
9 30 48
9 31 37
9 32 42
9 33 29
9 34 32
9 35 10
9 36 24
9 37 19
9 38 27
9 39 36
9 40 38
9 41 18
9 42 55
9 43 51
9 44 6
9 45 23
9 46 62
9 47 39
9 48 53
9 49 40
9 50 44
9 51 0
9 52 45
9 53 59
9 54 33
9 55 28
9 56 12
9 57 25
9 58 17
9 59 57
9 60 63
9 61 7
9 62 58
9 63 47
9 64 15
10 1 16
10 2 53
10 3 55
10 4 44
10 5 8
10 6 14
10 7 13
10 8 11
10 9 36
10 10 41
10 11 40
10 12 23
10 13 63
10 14 9
10 15 48
10 16 42
10 17 62
10 18 28
10 19 15
10 20 58
10 21 43
10 22 34
10 23 47
10 24 30
10 25 64
10 26 49
10 27 35
10 28 20
10 29 51
10 30 37
10 31 26
10 32 3
10 33 22
10 34 46
10 35 32
10 36 50
10 37 52
10 38 56
10 39 39
10 40 6
10 41 45
10 42 21
10 43 2
10 44 27
10 45 31
10 46 57
10 47 4
10 48 54
10 49 24
10 50 19
10 51 0
10 52 17
10 53 5
10 54 60
10 55 29
10 56 59
10 57 38
10 58 12
10 59 33
10 60 61
10 61 7
10 62 25
10 63 1
10 64 18
11 1 32
11 2 8
11 3 6
11 4 41
11 5 18
11 6 60
11 7 3
11 8 28
11 9 61
11 10 57
11 11 21
11 12 19
11 13 9
11 14 0
11 15 62
11 16 37
11 17 55
11 18 52
11 19 42
11 20 24
11 21 12
11 22 7
11 23 5
11 24 31
11 25 56
11 26 40
11 27 43
11 28 4
11 29 2
11 30 20
11 31 17
11 32 1
11 33 33
11 34 27
11 35 54
11 36 14
11 37 45
11 38 58
11 39 47
11 40 63
11 41 50
11 42 10
11 43 39
11 44 29
11 45 59
11 46 35
11 47 22
11 48 16
11 49 38
11 50 13
11 51 44
11 52 51
11 53 49
11 54 25
11 55 36
11 56 15
11 57 34
11 58 64
11 59 26
11 60 30
11 61 48
11 62 46
11 63 53
11 64 23
12 1 38
12 2 17
12 3 1
12 4 8
12 5 61
12 6 4
12 7 40
12 8 19
12 9 7
12 10 57
12 11 11
12 12 63
12 13 30
12 14 47
12 15 39
12 16 59
12 17 25
12 18 50
12 19 62
12 20 24
12 21 16
12 22 22
12 23 49
12 24 10
12 25 35
12 26 48
12 27 0
12 28 18
12 29 14
12 30 52
12 31 37
12 32 29
12 33 53
12 34 41
12 35 13
12 36 45
12 37 6
12 38 26
12 39 5
12 40 56
12 41 36
12 42 54
12 43 64
12 44 42
12 45 3
12 46 28
12 47 44
12 48 34
12 49 33
12 50 46
12 51 15
12 52 55
12 53 27
12 54 43
12 55 23
12 56 58
12 57 20
12 58 60
12 59 51
12 60 2
12 61 9
12 62 32
12 63 31
12 64 21
13 1 57
13 2 22
13 3 0
13 4 47
13 5 37
13 6 27
13 7 23
13 8 29
13 9 40
13 10 28
13 11 1
13 12 55
13 13 62
13 14 31
13 15 5
13 16 58
13 17 8
13 18 25
13 19 53
13 20 45
13 21 17
13 22 63
13 23 35
13 24 44
13 25 64
13 26 60
13 27 48
13 28 43
13 29 49
13 30 20
13 31 9
13 32 3
13 33 36
13 34 18
13 35 14
13 36 51
13 37 61
13 38 46
13 39 59
13 40 24
13 41 42
13 42 39
13 43 52
13 44 21
13 45 38
13 46 26
13 47 16
13 48 41
13 49 4
13 50 32
13 51 11
13 52 7
13 53 12
13 54 30
13 55 34
13 56 56
13 57 2
13 58 50
13 59 33
13 60 54
13 61 10
13 62 19
13 63 15
13 64 6
14 1 34
14 2 1
14 3 55
14 4 21
14 5 26
14 6 54
14 7 48
14 8 52
14 9 40
14 10 44
14 11 51
14 12 18
14 13 38
14 14 62
14 15 25
14 16 7
14 17 11
14 18 37
14 19 24
14 20 10
14 21 50
14 22 4
14 23 0
14 24 3
14 25 45
14 26 43
14 27 12
14 28 5
14 29 15
14 30 22
14 31 2
14 32 63
14 33 17
14 34 28
14 35 49
14 36 33
14 37 35
14 38 23
14 39 61
14 40 47
14 41 60
14 42 31
14 43 19
14 44 6
14 45 32
14 46 56
14 47 42
14 48 30
14 49 9
14 50 41
14 51 8
14 52 16
14 53 46
14 54 59
14 55 57
14 56 27
14 57 58
14 58 39
14 59 13
14 60 29
14 61 53
14 62 20
14 63 36
14 64 64
15 1 41
15 2 14
15 3 19
15 4 25
15 5 28
15 6 13
15 7 23
15 8 2
15 9 60
15 10 58
15 11 8
15 12 3
15 13 27
15 14 48
15 15 31
15 16 43
15 17 6
15 18 64
15 19 4
15 20 17
15 21 5
15 22 11
15 23 55
15 24 62
15 25 16
15 26 7
15 27 45
15 28 38
15 29 50
15 30 10
15 31 44
15 32 34
15 33 63
15 34 30
15 35 9
15 36 21
15 37 0
15 38 52
15 39 22
15 40 56
15 41 36
15 42 46
15 43 54
15 44 29
15 45 32
15 46 24
15 47 1
15 48 42
15 49 12
15 50 18
15 51 53
15 52 33
15 53 35
15 54 59
15 55 61
15 56 51
15 57 37
15 58 20
15 59 39
15 60 57
15 61 40
15 62 49
15 63 47
15 64 26
16 1 5
16 2 58
16 3 0
16 4 52
16 5 43
16 6 53
16 7 24
16 8 20
16 9 3
16 10 64
16 11 12
16 12 48
16 13 32
16 14 14
16 15 6
16 16 22
16 17 40
16 18 42
16 19 15
16 20 61
16 21 36
16 22 29
16 23 25
16 24 18
16 25 1
16 26 50
16 27 47
16 28 54
16 29 45
16 30 56
16 31 35
16 32 19
16 33 33
16 34 8
16 35 17
16 36 37
16 37 51
16 38 2
16 39 26
16 40 9
16 41 7
16 42 49
16 43 59
16 44 55
16 45 30
16 46 27
16 47 44
16 48 11
16 49 28
16 50 31
16 51 57
16 52 23
16 53 10
16 54 60
16 55 62
16 56 46
16 57 39
16 58 4
16 59 63
16 60 21
16 61 41
16 62 13
16 63 38
16 64 34
17 1 8
17 2 38
17 3 58
17 4 16
17 5 9
17 6 41
17 7 7
17 8 55
17 9 13
17 10 28
17 11 56
17 12 12
17 13 34
17 14 51
17 15 27
17 16 52
17 17 37
17 18 49
17 19 60
17 20 59
17 21 53
17 22 10
17 23 63
17 24 36
17 25 44
17 26 47
17 27 46
17 28 32
17 29 43
17 30 48
17 31 42
17 32 18
17 33 24
17 34 39
17 35 29
17 36 50
17 37 30
17 38 23
17 39 54
17 40 62
17 41 3
17 42 21
17 43 40
17 44 33
17 45 1
17 46 22
17 47 20
17 48 0
17 49 14
17 50 61
17 51 6
17 52 19
17 53 31
17 54 2
17 55 45
17 56 15
17 57 26
17 58 57
17 59 4
17 60 64
17 61 5
17 62 25
17 63 11
17 64 35
18 1 15
18 2 21
18 3 12
18 4 25
18 5 54
18 6 20
18 7 7
18 8 30
18 9 53
18 10 43
18 11 63
18 12 60
18 13 33
18 14 51
18 15 44
18 16 40
18 17 59
18 18 19
18 19 10
18 20 2
18 21 62
18 22 6
18 23 35
18 24 26
18 25 22
18 26 31
18 27 24
18 28 39
18 29 4
18 30 56
18 31 64
18 32 49
18 33 46
18 34 55
18 35 36
18 36 0
18 37 34
18 38 17
18 39 14
18 40 48
18 41 58
18 42 28
18 43 9
18 44 5
18 45 57
18 46 47
18 47 37
18 48 61
18 49 13
18 50 29
18 51 27
18 52 8
18 53 50
18 54 45
18 55 1
18 56 11
18 57 3
18 58 32
18 59 16
18 60 52
18 61 38
18 62 42
18 63 23
18 64 41
19 1 4
19 2 25
19 3 15
19 4 47
19 5 17
19 6 3
19 7 5
19 8 64
19 9 9
19 10 12
19 11 46
19 12 33
19 13 55
19 14 34
19 15 50
19 16 1
19 17 29
19 18 13
19 19 32
19 20 22
19 21 42
19 22 58
19 23 39
19 24 38
19 25 43
19 26 40
19 27 62
19 28 7
19 29 59
19 30 54
19 31 51
19 32 49
19 33 61
19 34 35
19 35 24
19 36 45
19 37 52
19 38 8
19 39 30
19 40 31
19 41 36
19 42 37
19 43 23
19 44 18
19 45 48
19 46 63
19 47 6
19 48 44
19 49 41
19 50 2
19 51 56
19 52 21
19 53 10
19 54 16
19 55 57
19 56 53
19 57 0
19 58 60
19 59 28
19 60 11
19 61 26
19 62 27
19 63 20
19 64 14
20 1 26
20 2 10
20 3 29
20 4 7
20 5 17
20 6 30
20 7 58
20 8 16
20 9 28
20 10 22
20 11 41
20 12 48
20 13 63
20 14 35
20 15 60
20 16 19
20 17 50
20 18 0
20 19 52
20 20 45
20 21 53
20 22 31
20 23 5
20 24 56
20 25 8
20 26 32
20 27 14
20 28 9
20 29 11
20 30 21
20 31 37
20 32 38
20 33 51
20 34 2
20 35 15
20 36 62
20 37 24
20 38 25
20 39 23
20 40 59
20 41 54
20 42 13
20 43 4
20 44 36
20 45 64
20 46 40
20 47 47
20 48 6
20 49 46
20 50 27
20 51 12
20 52 33
20 53 34
20 54 43
20 55 18
20 56 55
20 57 44
20 58 42
20 59 39
20 60 1
20 61 49
20 62 61
20 63 57
20 64 3
21 1 57
21 2 47
21 3 14
21 4 28
21 5 33
21 6 4
21 7 9
21 8 25
21 9 51
21 10 45
21 11 6
21 12 44
21 13 8
21 14 64
21 15 1
21 16 59
21 17 32
21 18 34
21 19 0
21 20 27
21 21 52
21 22 20
21 23 61
21 24 3
21 25 36
21 26 2
21 27 50
21 28 5
21 29 29
21 30 16
21 31 12
21 32 62
21 33 40
21 34 19
21 35 37
21 36 26
21 37 15
21 38 13
21 39 60
21 40 24
21 41 22
21 42 23
21 43 42
21 44 17
21 45 39
21 46 7
21 47 54
21 48 11
21 49 55
21 50 31
21 51 48
21 52 46
21 53 41
21 54 49
21 55 38
21 56 43
21 57 35
21 58 53
21 59 56
21 60 30
21 61 18
21 62 58
21 63 63
21 64 10
22 1 57
22 2 15
22 3 34
22 4 44
22 5 60
22 6 33
22 7 25
22 8 40
22 9 38
22 10 19
22 11 63
22 12 52
22 13 3
22 14 28
22 15 53
22 16 23
22 17 0
22 18 1
22 19 6
22 20 32
22 21 29
22 22 9
22 23 51
22 24 8
22 25 64
22 26 59
22 27 11
22 28 30
22 29 24
22 30 26
22 31 43
22 32 12
22 33 42
22 34 55
22 35 50
22 36 31
22 37 46
22 38 37
22 39 7
22 40 35
22 41 36
22 42 49
22 43 17
22 44 16
22 45 21
22 46 14
22 47 4
22 48 56
22 49 61
22 50 48
22 51 13
22 52 54
22 53 10
22 54 18
22 55 39
22 56 20
22 57 62
22 58 47
22 59 41
22 60 2
22 61 5
22 62 58
22 63 27
22 64 45
23 1 45
23 2 14
23 3 25
23 4 50
23 5 37
23 6 22
23 7 53
23 8 60
23 9 44
23 10 24
23 11 40
23 12 47
23 13 3
23 14 8
23 15 64
23 16 28
23 17 18
23 18 62
23 19 33
23 20 52
23 21 20
23 22 4
23 23 27
23 24 16
23 25 0
23 26 1
23 27 63
23 28 41
23 29 32
23 30 26
23 31 49
23 32 17
23 33 54
23 34 35
23 35 2
23 36 42
23 37 19
23 38 36
23 39 34
23 40 58
23 41 39
23 42 31
23 43 12
23 44 10
23 45 15
23 46 11
23 47 57
23 48 30
23 49 56
23 50 21
23 51 7
23 52 38
23 53 48
23 54 55
23 55 13
23 56 5
23 57 59
23 58 61
23 59 46
23 60 9
23 61 43
23 62 29
23 63 6
23 64 51
24 1 49
24 2 52
24 3 8
24 4 46
24 5 41
24 6 50
24 7 6
24 8 28
24 9 56
24 10 1
24 11 13
24 12 5
24 13 11
24 14 53
24 15 14
24 16 39
24 17 63
24 18 48
24 19 20
24 20 32
24 21 59
24 22 29
24 23 9
24 24 60
24 25 61
24 26 10
24 27 62
24 28 26
24 29 44
24 30 0
24 31 34
24 32 38
24 33 33
24 34 42
24 35 15
24 36 31
24 37 21
24 38 57
24 39 47
24 40 43
24 41 27
24 42 19
24 43 3
24 44 18
24 45 54
24 46 51
24 47 37
24 48 4
24 49 7
24 50 40
24 51 17
24 52 55
24 53 25
24 54 22
24 55 64
24 56 2
24 57 23
24 58 30
24 59 58
24 60 16
24 61 36
24 62 45
24 63 35
24 64 12
25 1 12
25 2 61
25 3 35
25 4 26
25 5 1
25 6 62
25 7 8
25 8 41
25 9 11
25 10 37
25 11 53
25 12 30
25 13 16
25 14 43
25 15 49
25 16 52
25 17 27
25 18 4
25 19 6
25 20 7
25 21 44
25 22 47
25 23 39
25 24 31
25 25 57
25 26 32
25 27 19
25 28 20
25 29 28
25 30 2
25 31 55
25 32 38
25 33 56
25 34 22
25 35 60
25 36 3
25 37 50
25 38 33
25 39 42
25 40 59
25 41 48
25 42 0
25 43 64
25 44 14
25 45 40
25 46 18
25 47 58
25 48 45
25 49 13
25 50 29
25 51 10
25 52 23
25 53 46
25 54 63
25 55 24
25 56 21
25 57 36
25 58 17
25 59 15
25 60 34
25 61 9
25 62 54
25 63 51
25 64 5
26 1 53
26 2 63
26 3 14
26 4 60
26 5 46
26 6 13
26 7 59
26 8 19
26 9 37
26 10 52
26 11 17
26 12 32
26 13 64
26 14 47
26 15 24
26 16 0
26 17 21
26 18 7
26 19 1
26 20 38
26 21 34
26 22 5
26 23 42
26 24 31
26 25 62
26 26 25
26 27 27
26 28 4
26 29 29
26 30 49
26 31 36
26 32 22
26 33 2
26 34 58
26 35 6
26 36 48
26 37 8
26 38 41
26 39 61
26 40 15
26 41 50
26 42 12
26 43 30
26 44 9
26 45 40
26 46 16
26 47 54
26 48 10
26 49 44
26 50 11
26 51 56
26 52 57
26 53 23
26 54 35
26 55 18
26 56 45
26 57 20
26 58 51
26 59 3
26 60 55
26 61 39
26 62 28
26 63 33
26 64 43
27 1 41
27 2 25
27 3 9
27 4 53
27 5 8
27 6 49
27 7 60
27 8 51
27 9 64
27 10 21
27 11 26
27 12 44
27 13 28
27 14 11
27 15 34
27 16 16
27 17 19
27 18 31
27 19 18
27 20 1
27 21 50
27 22 54
27 23 12
27 24 2
27 25 42
27 26 52
27 27 63
27 28 35
27 29 4
27 30 45
27 31 5
27 32 43
27 33 39
27 34 48
27 35 55
27 36 37
27 37 3
27 38 6
27 39 40
27 40 23
27 41 58
27 42 46
27 43 17
27 44 20
27 45 24
27 46 30
27 47 15
27 48 56
27 49 14
27 50 57
27 51 10
27 52 22
27 53 13
27 54 33
27 55 47
27 56 61
27 57 36
27 58 59
27 59 7
27 60 0
27 61 62
27 62 32
27 63 38
27 64 29
28 1 18
28 2 16
28 3 31
28 4 55
28 5 21
28 6 6
28 7 9
28 8 49
28 9 12
28 10 13
28 11 33
28 12 41
28 13 57
28 14 11
28 15 48
28 16 24
28 17 54
28 18 58
28 19 50
28 20 7
28 21 2
28 22 25
28 23 45
28 24 15
28 25 26
28 26 64
28 27 10
28 28 23
28 29 4
28 30 27
28 31 36
28 32 34
28 33 53
28 34 32
28 35 40
28 36 63
28 37 56
28 38 62
28 39 59
28 40 44
28 41 3
28 42 29
28 43 52
28 44 46
28 45 17
28 46 30
28 47 35
28 48 51
28 49 22
28 50 38
28 51 60
28 52 42
28 53 61
28 54 20
28 55 39
28 56 8
28 57 14
28 58 1
28 59 19
28 60 5
28 61 47
28 62 37
28 63 43
28 64 0
29 1 22
29 2 37
29 3 41
29 4 48
29 5 64
29 6 31
29 7 1
29 8 54
29 9 42
29 10 8
29 11 39
29 12 2
29 13 11
29 14 45
29 15 16
29 16 51
29 17 59
29 18 15
29 19 33
29 20 63
29 21 28
29 22 47
29 23 25
29 24 14
29 25 32
29 26 61
29 27 13
29 28 46
29 29 7
29 30 30
29 31 0
29 32 6
29 33 24
29 34 3
29 35 40
29 36 12
29 37 10
29 38 56
29 39 4
29 40 36
29 41 35
29 42 53
29 43 52
29 44 17
29 45 60
29 46 19
29 47 55
29 48 26
29 49 20
29 50 49
29 51 34
29 52 43
29 53 18
29 54 50
29 55 5
29 56 9
29 57 27
29 58 58
29 59 57
29 60 23
29 61 21
29 62 44
29 63 62
29 64 38
30 1 11
30 2 61
30 3 59
30 4 18
30 5 23
30 6 60
30 7 20
30 8 12
30 9 45
30 10 36
30 11 56
30 12 53
30 13 14
30 14 4
30 15 51
30 16 2
30 17 39
30 18 0
30 19 26
30 20 27
30 21 48
30 22 49
30 23 24
30 24 42
30 25 41
30 26 13
30 27 6
30 28 5
30 29 15
30 30 38
30 31 43
30 32 1
30 33 37
30 34 63
30 35 19
30 36 44
30 37 54
30 38 50
30 39 46
30 40 29
30 41 25
30 42 17
30 43 33
30 44 21
30 45 22
30 46 7
30 47 10
30 48 52
30 49 64
30 50 58
30 51 55
30 52 47
30 53 62
30 54 9
30 55 40
30 56 31
30 57 8
30 58 3
30 59 16
30 60 35
30 61 57
30 62 32
30 63 34
30 64 28
31 1 28
31 2 17
31 3 41
31 4 11
31 5 18
31 6 62
31 7 50
31 8 46
31 9 48
31 10 51
31 11 38
31 12 13
31 13 5
31 14 42
31 15 15
31 16 54
31 17 21
31 18 59
31 19 58
31 20 19
31 21 56
31 22 57
31 23 16
31 24 25
31 25 55
31 26 20
31 27 27
31 28 37
31 29 63
31 30 22
31 31 53
31 32 61
31 33 26
31 34 36
31 35 60
31 36 32
31 37 24
31 38 29
31 39 9
31 40 10
31 41 6
31 42 47
31 43 52
31 44 4
31 45 35
31 46 23
31 47 40
31 48 44
31 49 0
31 50 45
31 51 14
31 52 33
31 53 1
31 54 3
31 55 43
31 56 7
31 57 49
31 58 30
31 59 12
31 60 2
31 61 64
31 62 39
31 63 8
31 64 34
32 1 39
32 2 4
32 3 3
32 4 49
32 5 55
32 6 56
32 7 46
32 8 63
32 9 5
32 10 31
32 11 23
32 12 40
32 13 19
32 14 54
32 15 27
32 16 24
32 17 34
32 18 45
32 19 38
32 20 13
32 21 29
32 22 9
32 23 53
32 24 30
32 25 50
32 26 64
32 27 15
32 28 33
32 29 42
32 30 62
32 31 28
32 32 6
32 33 37
32 34 59
32 35 10
32 36 7
32 37 2
32 38 11
32 39 57
32 40 51
32 41 61
32 42 35
32 43 48
32 44 60
32 45 8
32 46 41
32 47 21
32 48 16
32 49 1
32 50 18
32 51 22
32 52 20
32 53 36
32 54 17
32 55 58
32 56 0
32 57 43
32 58 26
32 59 47
32 60 12
32 61 52
32 62 44
32 63 14
32 64 25
33 1 22
33 2 54
33 3 16
33 4 36
33 5 62
33 6 18
33 7 30
33 8 49
33 9 39
33 10 17
33 11 41
33 12 15
33 13 26
33 14 56
33 15 24
33 16 44
33 17 43
33 18 61
33 19 51
33 20 37
33 21 28
33 22 19
33 23 29
33 24 0
33 25 8
33 26 34
33 27 52
33 28 59
33 29 13
33 30 4
33 31 3
33 32 64
33 33 38
33 34 1
33 35 45
33 36 7
33 37 14
33 38 57
33 39 5
33 40 10
33 41 12
33 42 40
33 43 63
33 44 32
33 45 35
33 46 20
33 47 27
33 48 50
33 49 2
33 50 31
33 51 11
33 52 53
33 53 60
33 54 42
33 55 46
33 56 6
33 57 48
33 58 55
33 59 47
33 60 21
33 61 58
33 62 23
33 63 25
33 64 9
34 1 59
34 2 39
34 3 40
34 4 61
34 5 62
34 6 29
34 7 24
34 8 48
34 9 19
34 10 0
34 11 52
34 12 17
34 13 42
34 14 25
34 15 12
34 16 14
34 17 64
34 18 38
34 19 5
34 20 30
34 21 49
34 22 3
34 23 46
34 24 37
34 25 9
34 26 53
34 27 4
34 28 43
34 29 60
34 30 58
34 31 41
34 32 1
34 33 57
34 34 27
34 35 26
34 36 33
34 37 13
34 38 15
34 39 56
34 40 44
34 41 22
34 42 23
34 43 18
34 44 6
34 45 20
34 46 47
34 47 63
34 48 21
34 49 50
34 50 54
34 51 11
34 52 28
34 53 55
34 54 35
34 55 2
34 56 10
34 57 45
34 58 8
34 59 36
34 60 51
34 61 31
34 62 32
34 63 16
34 64 7
35 1 39
35 2 64
35 3 42
35 4 17
35 5 41
35 6 49
35 7 33
35 8 20
35 9 16
35 10 61
35 11 19
35 12 3
35 13 24
35 14 11
35 15 51
35 16 18
35 17 12
35 18 60
35 19 25
35 20 37
35 21 54
35 22 58
35 23 62
35 24 13
35 25 21
35 26 44
35 27 27
35 28 30
35 29 57
35 30 9
35 31 46
35 32 63
35 33 14
35 34 0
35 35 34
35 36 22
35 37 1
35 38 43
35 39 29
35 40 15
35 41 6
35 42 48
35 43 7
35 44 10
35 45 28
35 46 40
35 47 8
35 48 55
35 49 32
35 50 23
35 51 26
35 52 45
35 53 31
35 54 36
35 55 5
35 56 50
35 57 2
35 58 56
35 59 38
35 60 4
35 61 53
35 62 59
35 63 47
35 64 52
36 1 19
36 2 51
36 3 14
36 4 4
36 5 16
36 6 0
36 7 11
36 8 15
36 9 6
36 10 52
36 11 61
36 12 50
36 13 56
36 14 8
36 15 60
36 16 38
36 17 23
36 18 1
36 19 33
36 20 28
36 21 25
36 22 41
36 23 26
36 24 63
36 25 7
36 26 59
36 27 35
36 28 5
36 29 47
36 30 54
36 31 2
36 32 12
36 33 30
36 34 49
36 35 10
36 36 42
36 37 43
36 38 31
36 39 39
36 40 55
36 41 9
36 42 13
36 43 32
36 44 17
36 45 20
36 46 64
36 47 58
36 48 27
36 49 37
36 50 45
36 51 46
36 52 22
36 53 57
36 54 24
36 55 34
36 56 21
36 57 18
36 58 40
36 59 53
36 60 48
36 61 44
36 62 3
36 63 62
36 64 29
37 1 7
37 2 49
37 3 32
37 4 31
37 5 28
37 6 58
37 7 6
37 8 3
37 9 57
37 10 46
37 11 60
37 12 64
37 13 43
37 14 40
37 15 29
37 16 4
37 17 53
37 18 14
37 19 48
37 20 38
37 21 24
37 22 17
37 23 9
37 24 22
37 25 25
37 26 19
37 27 0
37 28 36
37 29 30
37 30 62
37 31 21
37 32 45
37 33 34
37 34 23
37 35 35
37 36 52
37 37 47
37 38 20
37 39 39
37 40 59
37 41 63
37 42 27
37 43 12
37 44 55
37 45 5
37 46 13
37 47 1
37 48 18
37 49 44
37 50 8
37 51 2
37 52 16
37 53 11
37 54 54
37 55 56
37 56 26
37 57 10
37 58 41
37 59 33
37 60 61
37 61 15
37 62 42
37 63 51
37 64 50
38 1 13
38 2 59
38 3 28
38 4 60
38 5 52
38 6 61
38 7 37
38 8 43
38 9 51
38 10 14
38 11 47
38 12 17
38 13 64
38 14 1
38 15 40
38 16 54
38 17 53
38 18 50
38 19 35
38 20 24
38 21 57
38 22 62
38 23 0
38 24 58
38 25 10
38 26 6
38 27 3
38 28 12
38 29 49
38 30 44
38 31 55
38 32 11
38 33 48
38 34 56
38 35 4
38 36 23
38 37 9
38 38 39
38 39 18
38 40 27
38 41 26
38 42 32
38 43 34
38 44 46
38 45 36
38 46 19
38 47 45
38 48 25
38 49 30
38 50 29
38 51 15
38 52 21
38 53 5
38 54 7
38 55 33
38 56 22
38 57 42
38 58 8
38 59 63
38 60 41
38 61 31
38 62 20
38 63 2
38 64 16
39 1 7
39 2 30
39 3 18
39 4 13
39 5 63
39 6 4
39 7 48
39 8 44
39 9 41
39 10 32
39 11 21
39 12 49
39 13 12
39 14 38
39 15 5
39 16 40
39 17 26
39 18 36
39 19 6
39 20 42
39 21 29
39 22 17
39 23 46
39 24 8
39 25 56
39 26 14
39 27 2
39 28 61
39 29 54
39 30 52
39 31 37
39 32 10
39 33 28
39 34 22
39 35 59
39 36 45
39 37 15
39 38 35
39 39 24
39 40 23
39 41 1
39 42 25
39 43 20
39 44 9
39 45 16
39 46 62
39 47 60
39 48 11
39 49 58
39 50 19
39 51 34
39 52 51
39 53 57
39 54 31
39 55 50
39 56 27
39 57 33
39 58 64
39 59 47
39 60 3
39 61 0
39 62 55
39 63 43
39 64 53
40 1 63
40 2 23
40 3 52
40 4 64
40 5 16
40 6 47
40 7 54
40 8 12
40 9 50
40 10 5
40 11 22
40 12 30
40 13 31
40 14 41
40 15 9
40 16 0
40 17 8
40 18 62
40 19 15
40 20 34
40 21 57
40 22 45
40 23 56
40 24 58
40 25 32
40 26 6
40 27 14
40 28 25
40 29 55
40 30 1
40 31 13
40 32 38
40 33 42
40 34 4
40 35 24
40 36 19
40 37 33
40 38 37
40 39 29
40 40 10
40 41 46
40 42 3
40 43 21
40 44 51
40 45 39
40 46 2
40 47 60
40 48 48
40 49 17
40 50 7
40 51 44
40 52 18
40 53 49
40 54 26
40 55 28
40 56 27
40 57 11
40 58 61
40 59 35
40 60 59
40 61 36
40 62 43
40 63 20
40 64 53
41 1 11
41 2 32
41 3 55
41 4 7
41 5 40
41 6 63
41 7 0
41 8 51
41 9 58
41 10 60
41 11 25
41 12 14
41 13 35
41 14 64
41 15 45
41 16 36
41 17 15
41 18 39
41 19 3
41 20 53
41 21 5
41 22 54
41 23 9
41 24 8
41 25 50
41 26 43
41 27 47
41 28 57
41 29 49
41 30 28
41 31 24
41 32 33
41 33 12
41 34 18
41 35 46
41 36 30
41 37 37
41 38 61
41 39 59
41 40 26
41 41 19
41 42 21
41 43 13
41 44 10
41 45 56
41 46 6
41 47 29
41 48 20
41 49 42
41 50 27
41 51 22
41 52 62
41 53 4
41 54 38
41 55 17
41 56 1
41 57 2
41 58 34
41 59 48
41 60 31
41 61 44
41 62 52
41 63 23
41 64 16
42 1 1
42 2 40
42 3 19
42 4 33
42 5 41
42 6 21
42 7 15
42 8 17
42 9 52
42 10 11
42 11 9
42 12 49
42 13 55
42 14 53
42 15 61
42 16 43
42 17 32
42 18 54
42 19 16
42 20 14
42 21 62
42 22 2
42 23 36
42 24 22
42 25 64
42 26 51
42 27 6
42 28 35
42 29 8
42 30 57
42 31 48
42 32 10
42 33 7
42 34 59
42 35 39
42 36 46
42 37 44
42 38 13
42 39 24
42 40 31
42 41 37
42 42 34
42 43 38
42 44 28
42 45 5
42 46 0
42 47 58
42 48 56
42 49 63
42 50 25
42 51 60
42 52 18
42 53 45
42 54 27
42 55 20
42 56 29
42 57 50
42 58 12
42 59 26
42 60 23
42 61 47
42 62 30
42 63 4
42 64 3
43 1 33
43 2 46
43 3 39
43 4 28
43 5 35
43 6 26
43 7 44
43 8 8
43 9 6
43 10 45
43 11 15
43 12 27
43 13 25
43 14 57
43 15 51
43 16 29
43 17 7
43 18 2
43 19 12
43 20 53
43 21 58
43 22 20
43 23 63
43 24 34
43 25 61
43 26 11
43 27 37
43 28 59
43 29 1
43 30 23
43 31 56
43 32 50
43 33 54
43 34 5
43 35 60
43 36 16
43 37 21
43 38 36
43 39 24
43 40 22
43 41 14
43 42 10
43 43 31
43 44 49
43 45 9
43 46 52
43 47 48
43 48 40
43 49 62
43 50 32
43 51 18
43 52 4
43 53 47
43 54 13
43 55 0
43 56 41
43 57 38
43 58 55
43 59 19
43 60 3
43 61 30
43 62 64
43 63 42
43 64 17
44 1 31
44 2 55
44 3 21
44 4 4
44 5 27
44 6 30
44 7 6
44 8 59
44 9 63
44 10 38
44 11 37
44 12 16
44 13 51
44 14 50
44 15 29
44 16 2
44 17 49
44 18 54
44 19 11
44 20 28
44 21 3
44 22 8
44 23 47
44 24 26
44 25 52
44 26 12
44 27 24
44 28 13
44 29 40
44 30 0
44 31 15
44 32 35
44 33 62
44 34 64
44 35 10
44 36 5
44 37 53
44 38 1
44 39 14
44 40 25
44 41 23
44 42 43
44 43 34
44 44 56
44 45 17
44 46 7
44 47 60
44 48 33
44 49 22
44 50 32
44 51 41
44 52 19
44 53 58
44 54 39
44 55 42
44 56 57
44 57 45
44 58 36
44 59 9
44 60 20
44 61 46
44 62 18
44 63 48
44 64 61
45 1 14
45 2 51
45 3 40
45 4 13
45 5 33
45 6 38
45 7 16
45 8 11
45 9 37
45 10 4
45 11 28
45 12 57
45 13 30
45 14 56
45 15 47
45 16 59
45 17 20
45 18 39
45 19 48
45 20 44
45 21 3
45 22 23
45 23 18
45 24 53
45 25 60
45 26 25
45 27 35
45 28 58
45 29 5
45 30 8
45 31 64
45 32 27
45 33 22
45 34 12
45 35 19
45 36 21
45 37 24
45 38 29
45 39 61
45 40 49
45 41 9
45 42 62
45 43 0
45 44 34
45 45 6
45 46 36
45 47 15
45 48 43
45 49 63
45 50 46
45 51 31
45 52 32
45 53 54
45 54 1
45 55 42
45 56 10
45 57 17
45 58 55
45 59 50
45 60 2
45 61 7
45 62 26
45 63 52
45 64 41
46 1 1
46 2 34
46 3 36
46 4 6
46 5 17
46 6 9
46 7 39
46 8 31
46 9 37
46 10 25
46 11 40
46 12 3
46 13 4
46 14 22
46 15 16
46 16 61
46 17 50
46 18 52
46 19 30
46 20 10
46 21 43
46 22 27
46 23 63
46 24 38
46 25 48
46 26 41
46 27 45
46 28 53
46 29 7
46 30 11
46 31 5
46 32 57
46 33 64
46 34 13
46 35 54
46 36 58
46 37 51
46 38 33
46 39 62
46 40 8
46 41 21
46 42 49
46 43 47
46 44 28
46 45 0
46 46 24
46 47 26
46 48 12
46 49 23
46 50 56
46 51 42
46 52 2
46 53 15
46 54 18
46 55 20
46 56 55
46 57 44
46 58 35
46 59 59
46 60 14
46 61 19
46 62 60
46 63 32
46 64 29
47 1 25
47 2 10
47 3 14
47 4 39
47 5 5
47 6 34
47 7 50
47 8 60
47 9 30
47 10 43
47 11 49
47 12 1
47 13 22
47 14 63
47 15 48
47 16 8
47 17 16
47 18 38
47 19 44
47 20 6
47 21 58
47 22 19
47 23 28
47 24 21
47 25 55
47 26 29
47 27 42
47 28 33
47 29 56
47 30 18
47 31 57
47 32 61
47 33 13
47 34 27
47 35 64
47 36 52
47 37 4
47 38 53
47 39 62
47 40 31
47 41 51
47 42 15
47 43 45
47 44 26
47 45 9
47 46 59
47 47 7
47 48 35
47 49 23
47 50 46
47 51 20
47 52 2
47 53 54
47 54 17
47 55 37
47 56 11
47 57 40
47 58 41
47 59 32
47 60 3
47 61 0
47 62 36
47 63 24
47 64 12
48 1 50
48 2 33
48 3 44
48 4 13
48 5 11
48 6 40
48 7 23
48 8 29
48 9 46
48 10 51
48 11 1
48 12 62
48 13 35
48 14 61
48 15 60
48 16 52
48 17 37
48 18 54
48 19 30
48 20 18
48 21 47
48 22 4
48 23 0
48 24 12
48 25 27
48 26 55
48 27 9
48 28 25
48 29 14
48 30 28
48 31 3
48 32 7
48 33 15
48 34 22
48 35 8
48 36 63
48 37 31
48 38 5
48 39 10
48 40 39
48 41 26
48 42 43
48 43 19
48 44 49
48 45 32
48 46 34
48 47 58
48 48 45
48 49 20
48 50 38
48 51 64
48 52 17
48 53 36
48 54 6
48 55 41
48 56 24
48 57 16
48 58 2
48 59 21
48 60 42
48 61 59
48 62 56
48 63 57
48 64 53
49 1 45
49 2 19
49 3 2
49 4 41
49 5 12
49 6 3
49 7 56
49 8 38
49 9 54
49 10 16
49 11 34
49 12 31
49 13 50
49 14 33
49 15 35
49 16 43
49 17 6
49 18 21
49 19 39
49 20 26
49 21 47
49 22 64
49 23 32
49 24 42
49 25 61
49 26 63
49 27 60
49 28 51
49 29 20
49 30 13
49 31 55
49 32 27
49 33 8
49 34 18
49 35 59
49 36 40
49 37 29
49 38 9
49 39 53
49 40 37
49 41 10
49 42 24
49 43 0
49 44 23
49 45 30
49 46 28
49 47 62
49 48 1
49 49 57
49 50 5
49 51 48
49 52 25
49 53 36
49 54 44
49 55 17
49 56 14
49 57 22
49 58 52
49 59 11
49 60 4
49 61 15
49 62 46
49 63 58
49 64 7
50 1 44
50 2 31
50 3 7
50 4 28
50 5 1
50 6 11
50 7 30
50 8 43
50 9 41
50 10 21
50 11 48
50 12 3
50 13 10
50 14 2
50 15 6
50 16 45
50 17 35
50 18 60
50 19 29
50 20 25
50 21 59
50 22 37
50 23 4
50 24 26
50 25 63
50 26 22
50 27 61
50 28 40
50 29 38
50 30 53
50 31 20
50 32 56
50 33 46
50 34 42
50 35 36
50 36 39
50 37 54
50 38 57
50 39 58
50 40 49
50 41 47
50 42 62
50 43 27
50 44 51
50 45 19
50 46 23
50 47 14
50 48 5
50 49 33
50 50 24
50 51 52
50 52 8
50 53 18
50 54 9
50 55 0
50 56 13
50 57 34
50 58 55
50 59 17
50 60 64
50 61 32
50 62 15
50 63 16
50 64 12
51 1 59
51 2 14
51 3 17
51 4 34
51 5 37
51 6 58
51 7 18
51 8 23
51 9 29
51 10 5
51 11 57
51 12 46
51 13 26
51 14 55
51 15 19
51 16 0
51 17 9
51 18 20
51 19 13
51 20 3
51 21 49
51 22 33
51 23 6
51 24 54
51 25 60
51 26 63
51 27 10
51 28 48
51 29 53
51 30 11
51 31 41
51 32 31
51 33 45
51 34 22
51 35 2
51 36 38
51 37 40
51 38 27
51 39 12
51 40 39
51 41 21
51 42 42
51 43 52
51 44 32
51 45 36
51 46 7
51 47 61
51 48 50
51 49 64
51 50 1
51 51 28
51 52 8
51 53 43
51 54 62
51 55 25
51 56 15
51 57 44
51 58 30
51 59 24
51 60 4
51 61 16
51 62 56
51 63 35
51 64 47
52 1 22
52 2 49
52 3 42
52 4 51
52 5 12
52 6 24
52 7 39
52 8 28
52 9 45
52 10 7
52 11 19
52 12 4
52 13 13
52 14 56
52 15 37
52 16 59
52 17 40
52 18 64
52 19 0
52 20 58
52 21 63
52 22 20
52 23 17
52 24 31
52 25 21
52 26 46
52 27 9
52 28 26
52 29 15
52 30 11
52 31 55
52 32 2
52 33 54
52 34 61
52 35 30
52 36 50
52 37 57
52 38 5
52 39 18
52 40 6
52 41 47
52 42 25
52 43 3
52 44 27
52 45 62
52 46 48
52 47 38
52 48 53
52 49 33
52 50 44
52 51 32
52 52 34
52 53 16
52 54 10
52 55 43
52 56 29
52 57 8
52 58 23
52 59 1
52 60 36
52 61 41
52 62 14
52 63 35
52 64 60
53 1 5
53 2 40
53 3 24
53 4 20
53 5 44
53 6 43
53 7 64
53 8 62
53 9 28
53 10 59
53 11 22
53 12 60
53 13 8
53 14 55
53 15 26
53 16 6
53 17 23
53 18 10
53 19 52
53 20 12
53 21 33
53 22 54
53 23 37
53 24 38
53 25 31
53 26 45
53 27 48
53 28 30
53 29 34
53 30 57
53 31 16
53 32 3
53 33 2
53 34 18
53 35 42
53 36 17
53 37 4
53 38 0
53 39 61
53 40 51
53 41 9
53 42 14
53 43 21
53 44 47
53 45 35
53 46 25
53 47 36
53 48 39
53 49 50
53 50 7
53 51 63
53 52 27
53 53 11
53 54 46
53 55 13
53 56 29
53 57 58
53 58 49
53 59 41
53 60 1
53 61 19
53 62 56
53 63 15
53 64 32
54 1 28
54 2 35
54 3 7
54 4 25
54 5 1
54 6 48
54 7 62
54 8 44
54 9 36
54 10 21
54 11 43
54 12 19
54 13 23
54 14 22
54 15 63
54 16 11
54 17 27
54 18 13
54 19 49
54 20 24
54 21 3
54 22 0
54 23 55
54 24 4
54 25 2
54 26 6
54 27 51
54 28 5
54 29 9
54 30 29
54 31 45
54 32 16
54 33 31
54 34 42
54 35 15
54 36 64
54 37 50
54 38 60
54 39 10
54 40 8
54 41 53
54 42 61
54 43 30
54 44 14
54 45 34
54 46 17
54 47 18
54 48 47
54 49 38
54 50 58
54 51 37
54 52 41
54 53 56
54 54 32
54 55 40
54 56 59
54 57 33
54 58 46
54 59 12
54 60 57
54 61 39
54 62 26
54 63 20
54 64 52
55 1 35
55 2 44
55 3 6
55 4 63
55 5 20
55 6 54
55 7 34
55 8 40
55 9 42
55 10 36
55 11 32
55 12 26
55 13 27
55 14 4
55 15 11
55 16 13
55 17 14
55 18 47
55 19 51
55 20 19
55 21 7
55 22 53
55 23 37
55 24 8
55 25 5
55 26 41
55 27 50
55 28 9
55 29 12
55 30 28
55 31 30
55 32 56
55 33 43
55 34 57
55 35 0
55 36 29
55 37 3
55 38 61
55 39 60
55 40 62
55 41 39
55 42 38
55 43 18
55 44 49
55 45 22
55 46 1
55 47 2
55 48 15
55 49 45
55 50 33
55 51 46
55 52 64
55 53 24
55 54 10
55 55 52
55 56 16
55 57 58
55 58 31
55 59 21
55 60 59
55 61 17
55 62 48
55 63 25
55 64 23
56 1 58
56 2 27
56 3 26
56 4 59
56 5 48
56 6 38
56 7 29
56 8 42
56 9 17
56 10 11
56 11 37
56 12 62
56 13 57
56 14 22
56 15 2
56 16 64
56 17 23
56 18 54
56 19 31
56 20 19
56 21 6
56 22 4
56 23 12
56 24 63
56 25 60
56 26 3
56 27 1
56 28 0
56 29 18
56 30 20
56 31 25
56 32 35
56 33 5
56 34 30
56 35 55
56 36 15
56 37 46
56 38 9
56 39 8
56 40 40
56 41 53
56 42 52
56 43 51
56 44 33
56 45 50
56 46 49
56 47 41
56 48 39
56 49 13
56 50 24
56 51 14
56 52 21
56 53 34
56 54 43
56 55 28
56 56 36
56 57 47
56 58 16
56 59 44
56 60 32
56 61 45
56 62 10
56 63 7
56 64 61
57 1 23
57 2 9
57 3 56
57 4 62
57 5 25
57 6 55
57 7 34
57 8 42
57 9 7
57 10 32
57 11 28
57 12 21
57 13 15
57 14 31
57 15 53
57 16 49
57 17 8
57 18 30
57 19 58
57 20 39
57 21 33
57 22 17
57 23 46
57 24 4
57 25 20
57 26 1
57 27 59
57 28 11
57 29 0
57 30 43
57 31 47
57 32 60
57 33 5
57 34 24
57 35 26
57 36 29
57 37 40
57 38 10
57 39 19
57 40 41
57 41 37
57 42 18
57 43 52
57 44 36
57 45 63
57 46 38
57 47 12
57 48 14
57 49 64
57 50 3
57 51 44
57 52 61
57 53 6
57 54 22
57 55 50
57 56 2
57 57 45
57 58 54
57 59 16
57 60 48
57 61 27
57 62 35
57 63 13
57 64 51
58 1 62
58 2 10
58 3 56
58 4 35
58 5 48
58 6 40
58 7 52
58 8 59
58 9 55
58 10 47
58 11 27
58 12 7
58 13 63
58 14 12
58 15 13
58 16 18
58 17 16
58 18 20
58 19 19
58 20 9
58 21 0
58 22 53
58 23 34
58 24 8
58 25 14
58 26 49
58 27 33
58 28 41
58 29 6
58 30 45
58 31 32
58 32 2
58 33 38
58 34 57
58 35 46
58 36 64
58 37 11
58 38 39
58 39 42
58 40 26
58 41 44
58 42 15
58 43 3
58 44 23
58 45 25
58 46 28
58 47 37
58 48 61
58 49 36
58 50 1
58 51 22
58 52 24
58 53 43
58 54 54
58 55 60
58 56 51
58 57 50
58 58 5
58 59 21
58 60 17
58 61 30
58 62 31
58 63 29
58 64 4
59 1 54
59 2 63
59 3 22
59 4 46
59 5 37
59 6 31
59 7 35
59 8 33
59 9 50
59 10 12
59 11 39
59 12 15
59 13 19
59 14 18
59 15 14
59 16 16
59 17 41
59 18 26
59 19 6
59 20 23
59 21 29
59 22 56
59 23 48
59 24 47
59 25 13
59 26 2
59 27 0
59 28 17
59 29 40
59 30 3
59 31 30
59 32 51
59 33 4
59 34 11
59 35 55
59 36 9
59 37 10
59 38 32
59 39 42
59 40 38
59 41 28
59 42 25
59 43 61
59 44 7
59 45 60
59 46 64
59 47 27
59 48 5
59 49 34
59 50 43
59 51 21
59 52 52
59 53 8
59 54 57
59 55 36
59 56 20
59 57 49
59 58 58
59 59 1
59 60 45
59 61 44
59 62 24
59 63 53
59 64 62
60 1 52
60 2 13
60 3 49
60 4 63
60 5 34
60 6 38
60 7 7
60 8 8
60 9 57
60 10 48
60 11 6
60 12 43
60 13 29
60 14 24
60 15 21
60 16 62
60 17 32
60 18 54
60 19 46
60 20 28
60 21 41
60 22 1
60 23 11
60 24 53
60 25 12
60 26 56
60 27 3
60 28 55
60 29 20
60 30 31
60 31 4
60 32 39
60 33 35
60 34 26
60 35 58
60 36 0
60 37 17
60 38 22
60 39 5
60 40 64
60 41 9
60 42 16
60 43 33
60 44 23
60 45 30
60 46 37
60 47 25
60 48 2
60 49 15
60 50 59
60 51 10
60 52 18
60 53 40
60 54 47
60 55 50
60 56 45
60 57 14
60 58 36
60 59 51
60 60 44
60 61 27
60 62 19
60 63 61
60 64 42
61 1 5
61 2 18
61 3 58
61 4 7
61 5 53
61 6 8
61 7 39
61 8 4
61 9 38
61 10 55
61 11 62
61 12 23
61 13 44
61 14 36
61 15 14
61 16 0
61 17 16
61 18 51
61 19 13
61 20 24
61 21 59
61 22 10
61 23 50
61 24 49
61 25 35
61 26 41
61 27 27
61 28 22
61 29 15
61 30 42
61 31 48
61 32 6
61 33 60
61 34 56
61 35 31
61 36 2
61 37 40
61 38 20
61 39 45
61 40 64
61 41 9
61 42 3
61 43 57
61 44 28
61 45 21
61 46 26
61 47 33
61 48 52
61 49 30
61 50 47
61 51 11
61 52 19
61 53 1
61 54 34
61 55 54
61 56 63
61 57 17
61 58 43
61 59 46
61 60 32
61 61 37
61 62 29
61 63 12
61 64 25
62 1 26
62 2 49
62 3 31
62 4 0
62 5 14
62 6 9
62 7 13
62 8 17
62 9 48
62 10 35
62 11 46
62 12 61
62 13 55
62 14 22
62 15 21
62 16 50
62 17 27
62 18 56
62 19 54
62 20 15
62 21 25
62 22 43
62 23 60
62 24 16
62 25 7
62 26 1
62 27 10
62 28 12
62 29 59
62 30 47
62 31 36
62 32 63
62 33 51
62 34 28
62 35 45
62 36 8
62 37 57
62 38 39
62 39 33
62 40 34
62 41 20
62 42 5
62 43 52
62 44 23
62 45 19
62 46 41
62 47 58
62 48 32
62 49 64
62 50 11
62 51 30
62 52 18
62 53 2
62 54 44
62 55 53
62 56 42
62 57 37
62 58 4
62 59 24
62 60 38
62 61 3
62 62 40
62 63 6
62 64 29
63 1 26
63 2 56
63 3 2
63 4 46
63 5 22
63 6 27
63 7 61
63 8 47
63 9 42
63 10 52
63 11 41
63 12 34
63 13 0
63 14 50
63 15 18
63 16 51
63 17 19
63 18 44
63 19 53
63 20 49
63 21 24
63 22 30
63 23 59
63 24 4
63 25 20
63 26 16
63 27 17
63 28 39
63 29 32
63 30 48
63 31 6
63 32 25
63 33 43
63 34 37
63 35 38
63 36 13
63 37 40
63 38 36
63 39 31
63 40 33
63 41 60
63 42 58
63 43 54
63 44 28
63 45 12
63 46 3
63 47 21
63 48 1
63 49 57
63 50 8
63 51 11
63 52 55
63 53 23
63 54 35
63 55 29
63 56 15
63 57 9
63 58 45
63 59 5
63 60 14
63 61 10
63 62 62
63 63 64
63 64 7
64 1 17
64 2 31
64 3 20
64 4 44
64 5 46
64 6 40
64 7 51
64 8 42
64 9 35
64 10 1
64 11 34
64 12 49
64 13 38
64 14 58
64 15 21
64 16 33
64 17 39
64 18 36
64 19 62
64 20 25
64 21 45
64 22 29
64 23 37
64 24 60
64 25 47
64 26 43
64 27 55
64 28 12
64 29 26
64 30 10
64 31 52
64 32 27
64 33 61
64 34 2
64 35 30
64 36 4
64 37 3
64 38 57
64 39 54
64 40 56
64 41 11
64 42 22
64 43 9
64 44 0
64 45 48
64 46 28
64 47 8
64 48 50
64 49 14
64 50 16
64 51 24
64 52 59
64 53 7
64 54 5
64 55 23
64 56 15
64 57 18
64 58 53
64 59 13
64 60 6
64 61 19
64 62 32
64 63 63
64 64 41