0 1 4
0 2 49
0 3 41
0 4 39
0 5 8
0 6 17
0 7 51
0 8 22
0 9 16
0 10 33
0 11 31
0 12 25
0 13 48
0 14 35
0 15 43
0 16 27
0 17 15
0 18 2
0 19 52
0 20 3
0 21 12
0 22 6
0 23 34
0 24 47
0 25 36
0 26 26
0 27 7
0 28 24
0 29 5
0 30 29
0 31 23
0 32 44
0 33 46
0 34 1
0 35 54
0 36 42
0 37 21
0 38 50
0 39 11
0 40 9
0 41 37
0 42 45
0 43 20
0 44 19
0 45 13
0 46 38
0 47 14
0 48 28
0 49 30
0 50 10
0 51 18
0 52 40
0 53 32
0 54 53
1 1 38
1 2 37
1 3 22
1 4 39
1 5 25
1 6 3
1 7 8
1 8 12
1 9 29
1 10 36
1 11 26
1 12 13
1 13 2
1 14 44
1 15 10
1 16 51
1 17 47
1 18 9
1 19 5
1 20 11
1 21 53
1 22 19
1 23 14
1 24 31
1 25 27
1 26 50
1 27 28
1 28 30
1 29 49
1 30 34
1 31 24
1 32 32
1 33 52
1 34 20
1 35 15
1 36 4
1 37 16
1 38 40
1 39 0
1 40 7
1 41 6
1 42 33
1 43 48
1 44 35
1 45 21
1 46 45
1 47 43
1 48 42
1 49 46
1 50 54
1 51 41
1 52 17
1 53 18
1 54 23
2 1 23
2 2 29
2 3 26
2 4 10
2 5 25
2 6 19
2 7 16
2 8 20
2 9 30
2 10 7
2 11 44
2 12 33
2 13 8
2 14 15
2 15 18
2 16 3
2 17 27
2 18 9
2 19 24
2 20 35
2 21 1
2 22 39
2 23 50
2 24 11
2 25 21
2 26 45
2 27 34
2 28 48
2 29 6
2 30 4
2 31 13
2 32 42
2 33 5
2 34 32
2 35 0
2 36 46
2 37 51
2 38 14
2 39 49
2 40 12
2 41 36
2 42 22
2 43 53
2 44 37
2 45 52
2 46 31
2 47 38
2 48 43
2 49 28
2 50 47
2 51 40
2 52 54
2 53 41
2 54 17
3 1 30
3 2 26
3 3 21
3 4 37
3 5 27
3 6 38
3 7 9
3 8 34
3 9 40
3 10 11
3 11 54
3 12 39
3 13 5
3 14 22
3 15 1
3 16 29
3 17 52
3 18 46
3 19 14
3 20 44
3 21 35
3 22 7
3 23 53
3 24 47
3 25 32
3 26 28
3 27 24
3 28 20
3 29 19
3 30 8
3 31 50
3 32 49
3 33 15
3 34 48
3 35 23
3 36 25
3 37 18
3 38 33
3 39 17
3 40 13
3 41 10
3 42 45
3 43 42
3 44 41
3 45 6
3 46 36
3 47 12
3 48 16
3 49 51
3 50 0
3 51 43
3 52 31
3 53 4
3 54 2
4 1 43
4 2 54
4 3 52
4 4 23
4 5 22
4 6 36
4 7 13
4 8 33
4 9 8
4 10 35
4 11 20
4 12 29
4 13 27
4 14 16
4 15 34
4 16 49
4 17 51
4 18 31
4 19 30
4 20 44
4 21 28
4 22 0
4 23 48
4 24 1
4 25 17
4 26 14
4 27 26
4 28 5
4 29 32
4 30 19
4 31 37
4 32 3
4 33 50
4 34 7
4 35 11
4 36 21
4 37 46
4 38 40
4 39 47
4 40 12
4 41 18
4 42 53
4 43 39
4 44 24
4 45 42
4 46 10
4 47 6
4 48 41
4 49 15
4 50 25
4 51 45
4 52 2
4 53 9
4 54 38
5 1 54
5 2 34
5 3 40
5 4 32
5 5 12
5 6 11
5 7 10
5 8 39
5 9 7
5 10 17
5 11 28
5 12 45
5 13 4
5 14 30
5 15 42
5 16 25
5 17 33
5 18 15
5 19 1
5 20 50
5 21 31
5 22 8
5 23 27
5 24 53
5 25 0
5 26 43
5 27 19
5 28 21
5 29 41
5 30 37
5 31 49
5 32 35
5 33 46
5 34 36
5 35 14
5 36 38
5 37 22
5 38 13
5 39 3
5 40 18
5 41 26
5 42 51
5 43 47
5 44 6
5 45 20
5 46 48
5 47 44
5 48 52
5 49 2
5 50 29
5 51 16
5 52 23
5 53 24
5 54 9
6 1 44
6 2 52
6 3 31
6 4 39
6 5 54
6 6 19
6 7 32
6 8 33
6 9 27
6 10 36
6 11 43
6 12 24
6 13 0
6 14 41
6 15 20
6 16 46
6 17 38
6 18 48
6 19 17
6 20 34
6 21 14
6 22 45
6 23 25
6 24 4
6 25 53
6 26 7
6 27 2
6 28 26
6 29 21
6 30 10
6 31 40
6 32 13
6 33 5
6 34 3
6 35 51
6 36 50
6 37 47
6 38 37
6 39 30
6 40 15
6 41 28
6 42 42
6 43 16
6 44 8
6 45 18
6 46 23
6 47 22
6 48 49
6 49 12
6 50 9
6 51 35
6 52 1
6 53 29
6 54 11
7 1 46
7 2 21
7 3 0
7 4 47
7 5 3
7 6 49
7 7 25
7 8 54
7 9 33
7 10 32
7 11 6
7 12 39
7 13 26
7 14 29
7 15 35
7 16 5
7 17 4
7 18 18
7 19 50
7 20 52
7 21 2
7 22 22
7 23 24
7 24 37
7 25 19
7 26 20
7 27 23
7 28 44
7 29 51
7 30 12
7 31 48
7 32 13
7 33 42
7 34 40
7 35 8
7 36 41
7 37 30
7 38 14
7 39 27
7 40 31
7 41 53
7 42 45
7 43 11
7 44 9
7 45 28
7 46 10
7 47 43
7 48 17
7 49 36
7 50 16
7 51 1
7 52 15
7 53 34
7 54 38
8 1 11
8 2 37
8 3 45
8 4 20
8 5 22
8 6 29
8 7 26
8 8 51
8 9 12
8 10 25
8 11 42
8 12 32
8 13 4
8 14 1
8 15 23
8 16 0
8 17 18
8 18 35
8 19 44
8 20 50
8 21 34
8 22 16
8 23 40
8 24 13
8 25 3
8 26 39
8 27 10
8 28 49
8 29 24
8 30 7
8 31 27
8 32 38
8 33 54
8 34 36
8 35 46
8 36 15
8 37 9
8 38 2
8 39 19
8 40 43
8 41 14
8 42 52
8 43 48
8 44 47
8 45 31
8 46 17
8 47 41
8 48 5
8 49 53
8 50 30
8 51 28
8 52 6
8 53 33
8 54 21
9 1 35
9 2 4
9 3 43
9 4 22
9 5 8
9 6 40
9 7 13
9 8 54
9 9 33
9 10 38
9 11 5
9 12 31
9 13 2
9 14 45
9 15 34
9 16 0
9 17 12
9 18 30
9 19 19
9 20 7
9 21 17
9 22 50
9 23 52
9 24 48
9 25 47
9 26 1
9 27 53
9 28 28
9 29 29
9 30 6
9 31 26
9 32 41
9 33 10
9 34 18
9 35 37
9 36 25
9 37 49
9 38 36
9 39 39
9 40 15
9 41 42
9 42 21
9 43 46
9 44 44
9 45 16
9 46 27
9 47 32
9 48 11
9 49 24
9 50 3
9 51 20
9 52 23
9 53 14
9 54 51
10 1 28
10 2 5
10 3 13
10 4 20
10 5 27
10 6 11
10 7 46
10 8 47
10 9 51
10 10 39
10 11 18
10 12 44
10 13 25
10 14 7
10 15 24
10 16 48
10 17 19
10 18 34
10 19 49
10 20 45
10 21 0
10 22 3
10 23 26
10 24 8
10 25 35
10 26 4
10 27 37
10 28 41
10 29 50
10 30 14
10 31 1
10 32 23
10 33 22
10 34 2
10 35 16
10 36 33
10 37 29
10 38 40
10 39 36
10 40 42
10 41 53
10 42 31
10 43 32
10 44 12
10 45 15
10 46 43
10 47 30
10 48 52
10 49 54
10 50 6
10 51 38
10 52 21
10 53 17
10 54 9
11 1 24
11 2 12
11 3 21
11 4 15
11 5 48
11 6 8
11 7 49
11 8 35
11 9 52
11 10 46
11 11 34
11 12 25
11 13 7
11 14 47
11 15 20
11 16 33
11 17 54
11 18 1
11 19 6
11 20 23
11 21 31
11 22 18
11 23 16
11 24 28
11 25 17
11 26 26
11 27 36
11 28 10
11 29 30
11 30 19
11 31 51
11 32 45
11 33 22
11 34 3
11 35 37
11 36 44
11 37 29
11 38 13
11 39 50
11 40 0
11 41 43
11 42 38
11 43 9
11 44 42
11 45 4
11 46 53
11 47 5
11 48 14
11 49 41
11 50 2
11 51 27
11 52 40
11 53 39
11 54 32
12 1 45
12 2 42
12 3 13
12 4 38
12 5 24
12 6 34
12 7 11
12 8 43
12 9 46
12 10 49
12 11 36
12 12 30
12 13 39
12 14 29
12 15 48
12 16 31
12 17 27
12 18 19
12 19 51
12 20 54
12 21 10
12 22 6
12 23 26
12 24 35
12 25 7
12 26 22
12 27 14
12 28 9
12 29 21
12 30 16
12 31 5
12 32 2
12 33 32
12 34 52
12 35 23
12 36 50
12 37 25
12 38 44
12 39 17
12 40 15
12 41 20
12 42 8
12 43 1
12 44 18
12 45 41
12 46 33
12 47 47
12 48 28
12 49 4
12 50 40
12 51 0
12 52 53
12 53 37
12 54 3
13 1 47
13 2 4
13 3 8
13 4 26
13 5 54
13 6 12
13 7 16
13 8 2
13 9 33
13 10 52
13 11 46
13 12 29
13 13 9
13 14 49
13 15 20
13 16 22
13 17 27
13 18 21
13 19 3
13 20 35
13 21 43
13 22 34
13 23 53
13 24 39
13 25 36
13 26 32
13 27 38
13 28 37
13 29 15
13 30 48
13 31 14
13 32 40
13 33 30
13 34 0
13 35 31
13 36 50
13 37 5
13 38 17
13 39 24
13 40 1
13 41 10
13 42 11
13 43 51
13 44 45
13 45 25
13 46 42
13 47 28
13 48 6
13 49 7
13 50 18
13 51 44
13 52 23
13 53 19
13 54 41
14 1 42
14 2 39
14 3 13
14 4 29
14 5 41
14 6 46
14 7 47
14 8 25
14 9 15
14 10 5
14 11 34
14 12 2
14 13 3
14 14 33
14 15 44
14 16 30
14 17 35
14 18 17
14 19 43
14 20 50
14 21 19
14 22 9
14 23 20
14 24 54
14 25 26
14 26 53
14 27 21
14 28 18
14 29 28
14 30 8
14 31 40
14 32 1
14 33 51
14 34 22
14 35 23
14 36 49
14 37 0
14 38 7
14 39 4
14 40 11
14 41 38
14 42 12
14 43 27
14 44 52
14 45 36
14 46 24
14 47 45
14 48 10
14 49 37
14 50 32
14 51 16
14 52 6
14 53 31
14 54 48
15 1 33
15 2 45
15 3 18
15 4 19
15 5 21
15 6 17
15 7 5
15 8 20
15 9 37
15 10 24
15 11 6
15 12 22
15 13 26
15 14 2
15 15 42
15 16 7
15 17 43
15 18 30
15 19 47
15 20 13
15 21 46
15 22 12
15 23 48
15 24 9
15 25 53
15 26 31
15 27 23
15 28 51
15 29 44
15 30 1
15 31 39
15 32 28
15 33 27
15 34 3
15 35 16
15 36 4
15 37 0
15 38 41
15 39 32
15 40 52
15 41 11
15 42 50
15 43 36
15 44 40
15 45 49
15 46 25
15 47 34
15 48 14
15 49 35
15 50 8
15 51 38
15 52 29
15 53 10
15 54 54
16 1 33
16 2 41
16 3 48
16 4 25
16 5 21
16 6 5
16 7 14
16 8 46
16 9 54
16 10 9
16 11 26
16 12 34
16 13 44
16 14 38
16 15 40
16 16 52
16 17 1
16 18 45
16 19 28
16 20 31
16 21 12
16 22 8
16 23 37
16 24 6
16 25 27
16 26 47
16 27 22
16 28 23
16 29 3
16 30 7
16 31 17
16 32 13
16 33 24
16 34 42
16 35 49
16 36 32
16 37 39
16 38 53
16 39 18
16 40 36
16 41 29
16 42 30
16 43 19
16 44 50
16 45 51
16 46 15
16 47 4
16 48 2
16 49 35
16 50 43
16 51 20
16 52 11
16 53 0
16 54 10
17 1 24
17 2 32
17 3 14
17 4 21
17 5 41
17 6 19
17 7 8
17 8 46
17 9 20
17 10 42
17 11 12
17 12 27
17 13 5
17 14 33
17 15 6
17 16 49
17 17 11
17 18 15
17 19 54
17 20 39
17 21 23
17 22 47
17 23 10
17 24 40
17 25 4
17 26 16
17 27 38
17 28 9
17 29 25
17 30 52
17 31 37
17 32 51
17 33 28
17 34 44
17 35 3
17 36 36
17 37 30
17 38 45
17 39 22
17 40 31
17 41 1
17 42 13
17 43 0
17 44 35
17 45 48
17 46 7
17 47 29
17 48 53
17 49 50
17 50 26
17 51 18
17 52 2
17 53 34
17 54 43
18 1 13
18 2 51
18 3 19
18 4 0
18 5 9
18 6 20
18 7 44
18 8 30
18 9 43
18 10 16
18 11 28
18 12 25
18 13 31
18 14 3
18 15 27
18 16 38
18 17 8
18 18 42
18 19 1
18 20 6
18 21 14
18 22 5
18 23 41
18 24 49
18 25 10
18 26 39
18 27 7
18 28 45
18 29 47
18 30 32
18 31 35
18 32 15
18 33 22
18 34 17
18 35 21
18 36 46
18 37 29
18 38 26
18 39 33
18 40 24
18 41 53
18 42 11
18 43 48
18 44 4
18 45 34
18 46 50
18 47 36
18 48 52
18 49 23
18 50 54
18 51 12
18 52 2
18 53 40
18 54 37
19 1 21
19 2 40
19 3 36
19 4 48
19 5 5
19 6 8
19 7 20
19 8 44
19 9 30
19 10 46
19 11 1
19 12 16
19 13 51
19 14 22
19 15 42
19 16 35
19 17 41
19 18 17
19 19 43
19 20 50
19 21 32
19 22 3
19 23 53
19 24 12
19 25 39
19 26 47
19 27 33
19 28 15
19 29 49
19 30 34
19 31 45
19 32 29
19 33 31
19 34 28
19 35 27
19 36 54
19 37 23
19 38 11
19 39 26
19 40 6
19 41 4
19 42 18
19 43 9
19 44 7
19 45 37
19 46 14
19 47 38
19 48 25
19 49 2
19 50 13
19 51 10
19 52 0
19 53 52
19 54 24
20 1 2
20 2 54
20 3 41
20 4 18
20 5 28
20 6 11
20 7 31
20 8 36
20 9 12
20 10 37
20 11 43
20 12 52
20 13 42
20 14 15
20 15 25
20 16 7
20 17 10
20 18 9
20 19 21
20 20 34
20 21 46
20 22 27
20 23 5
20 24 13
20 25 44
20 26 3
20 27 35
20 28 51
20 29 47
20 30 29
20 31 45
20 32 33
20 33 16
20 34 19
20 35 53
20 36 0
20 37 6
20 38 8
20 39 22
20 40 50
20 41 48
20 42 38
20 43 14
20 44 1
20 45 4
20 46 39
20 47 40
20 48 30
20 49 17
20 50 24
20 51 23
20 52 32
20 53 26
20 54 49
21 1 46
21 2 30
21 3 11
21 4 4
21 5 26
21 6 41
21 7 37
21 8 5
21 9 42
21 10 10
21 11 1
21 12 47
21 13 49
21 14 36
21 15 54
21 16 32
21 17 29
21 18 12
21 19 6
21 20 20
21 21 27
21 22 18
21 23 44
21 24 8
21 25 19
21 26 25
21 27 9
21 28 15
21 29 51
21 30 52
21 31 53
21 32 50
21 33 34
21 34 2
21 35 16
21 36 24
21 37 31
21 38 48
21 39 14
21 40 39
21 41 0
21 42 33
21 43 7
21 44 3
21 45 43
21 46 35
21 47 40
21 48 13
21 49 28
21 50 38
21 51 23
21 52 22
21 53 45
21 54 17
22 1 45
22 2 14
22 3 44
22 4 10
22 5 36
22 6 35
22 7 20
22 8 7
22 9 39
22 10 28
22 11 3
22 12 17
22 13 6
22 14 37
22 15 25
22 16 40
22 17 24
22 18 38
22 19 47
22 20 48
22 21 49
22 22 21
22 23 31
22 24 52
22 25 12
22 26 43
22 27 32
22 28 2
22 29 50
22 30 41
22 31 27
22 32 8
22 33 9
22 34 53
22 35 23
22 36 30
22 37 13
22 38 29
22 39 26
22 40 15
22 41 34
22 42 54
22 43 46
22 44 33
22 45 1
22 46 18
22 47 42
22 48 0
22 49 11
22 50 4
22 51 19
22 52 5
22 53 51
22 54 16
23 1 31
23 2 18
23 3 25
23 4 30
23 5 33
23 6 37
23 7 7
23 8 40
23 9 6
23 10 9
23 11 47
23 12 24
23 13 20
23 14 42
23 15 2
23 16 43
23 17 22
23 18 44
23 19 38
23 20 35
23 21 16
23 22 21
23 23 5
23 24 4
23 25 1
23 26 53
23 27 10
23 28 14
23 29 28
23 30 45
23 31 51
23 32 52
23 33 46
23 34 11
23 35 41
23 36 0
23 37 13
23 38 48
23 39 27
23 40 39
23 41 3
23 42 34
23 43 49
23 44 15
23 45 32
23 46 50
23 47 29
23 48 17
23 49 19
23 50 8
23 51 54
23 52 36
23 53 26
23 54 12
24 1 30
24 2 31
24 3 15
24 4 48
24 5 1
24 6 2
24 7 54
24 8 25
24 9 40
24 10 37
24 11 4
24 12 10
24 13 41
24 14 36
24 15 7
24 16 39
24 17 35
24 18 49
24 19 12
24 20 34
24 21 52
24 22 5
24 23 18
24 24 9
24 25 51
24 26 3
24 27 38
24 28 23
24 29 50
24 30 14
24 31 42
24 32 22
24 33 20
24 34 27
24 35 45
24 36 44
24 37 0
24 38 46
24 39 28
24 40 33
24 41 29
24 42 53
24 43 13
24 44 43
24 45 21
24 46 16
24 47 8
24 48 11
24 49 6
24 50 47
24 51 17
24 52 19
24 53 32
24 54 26
25 1 3
25 2 42
25 3 38
25 4 46
25 5 13
25 6 47
25 7 26
25 8 44
25 9 27
25 10 5
25 11 24
25 12 6
25 13 39
25 14 9
25 15 52
25 16 4
25 17 19
25 18 20
25 19 36
25 20 34
25 21 41
25 22 28
25 23 17
25 24 16
25 25 53
25 26 48
25 27 7
25 28 18
25 29 22
25 30 8
25 31 50
25 32 11
25 33 23
25 34 33
25 35 35
25 36 21
25 37 40
25 38 10
25 39 14
25 40 32
25 41 12
25 42 54
25 43 49
25 44 51
25 45 30
25 46 43
25 47 31
25 48 2
25 49 29
25 50 15
25 51 45
25 52 0
25 53 37
25 54 1
26 1 10
26 2 11
26 3 33
26 4 2
26 5 40
26 6 48
26 7 41
26 8 46
26 9 51
26 10 3
26 11 18
26 12 21
26 13 13
26 14 7
26 15 20
26 16 39
26 17 52
26 18 28
26 19 4
26 20 29
26 21 27
26 22 22
26 23 36
26 24 43
26 25 35
26 26 17
26 27 49
26 28 44
26 29 34
26 30 12
26 31 32
26 32 15
26 33 54
26 34 45
26 35 9
26 36 0
26 37 14
26 38 31
26 39 1
26 40 19
26 41 23
26 42 53
26 43 16
26 44 30
26 45 37
26 46 50
26 47 8
26 48 47
26 49 38
26 50 42
26 51 6
26 52 24
26 53 25
26 54 5
27 1 37
27 2 48
27 3 50
27 4 9
27 5 4
27 6 23
27 7 24
27 8 31
27 9 36
27 10 51
27 11 44
27 12 10
27 13 28
27 14 5
27 15 3
27 16 26
27 17 54
27 18 35
27 19 15
27 20 0
27 21 41
27 22 1
27 23 42
27 24 46
27 25 16
27 26 21
27 27 17
27 28 43
27 29 7
27 30 38
27 31 33
27 32 45
27 33 25
27 34 30
27 35 52
27 36 29
27 37 11
27 38 53
27 39 2
27 40 13
27 41 22
27 42 12
27 43 49
27 44 47
27 45 8
27 46 32
27 47 34
27 48 6
27 49 14
27 50 20
27 51 19
27 52 40
27 53 18
27 54 39
28 1 33
28 2 38
28 3 27
28 4 3
28 5 53
28 6 52
28 7 21
28 8 26
28 9 8
28 10 36
28 11 51
28 12 49
28 13 5
28 14 17
28 15 20
28 16 47
28 17 44
28 18 41
28 19 31
28 20 15
28 21 48
28 22 29
28 23 40
28 24 23
28 25 43
28 26 22
28 27 42
28 28 6
28 29 14
28 30 4
28 31 24
28 32 30
28 33 1
28 34 45
28 35 46
28 36 39
28 37 2
28 38 10
28 39 37
28 40 18
28 41 50
28 42 13
28 43 9
28 44 12
28 45 34
28 46 32
28 47 19
28 48 0
28 49 54
28 50 16
28 51 7
28 52 11
28 53 25
28 54 35
29 1 0
29 2 32
29 3 37
29 4 28
29 5 22
29 6 11
29 7 54
29 8 44
29 9 52
29 10 4
29 11 18
29 12 47
29 13 8
29 14 31
29 15 10
29 16 6
29 17 46
29 18 3
29 19 7
29 20 35
29 21 2
29 22 39
29 23 12
29 24 5
29 25 15
29 26 38
29 27 1
29 28 13
29 29 49
29 30 24
29 31 51
29 32 53
29 33 33
29 34 21
29 35 43
29 36 27
29 37 40
29 38 34
29 39 16
29 40 20
29 41 36
29 42 30
29 43 14
29 44 9
29 45 26
29 46 19
29 47 50
29 48 41
29 49 17
29 50 45
29 51 23
29 52 25
29 53 48
29 54 42
30 1 15
30 2 45
30 3 9
30 4 13
30 5 35
30 6 27
30 7 29
30 8 33
30 9 8
30 10 22
30 11 25
30 12 23
30 13 18
30 14 39
30 15 0
30 16 40
30 17 49
30 18 14
30 19 43
30 20 7
30 21 28
30 22 20
30 23 53
30 24 1
30 25 12
30 26 10
30 27 37
30 28 2
30 29 52
30 30 17
30 31 6
30 32 51
30 33 21
30 34 34
30 35 32
30 36 4
30 37 41
30 38 31
30 39 42
30 40 11
30 41 24
30 42 47
30 43 36
30 44 3
30 45 50
30 46 5
30 47 16
30 48 48
30 49 46
30 50 54
30 51 44
30 52 26
30 53 19
30 54 38
31 1 19
31 2 1
31 3 27
31 4 9
31 5 26
31 6 48
31 7 12
31 8 21
31 9 51
31 10 43
31 11 17
31 12 15
31 13 18
31 14 24
31 15 45
31 16 7
31 17 8
31 18 38
31 19 2
31 20 47
31 21 10
31 22 0
31 23 53
31 24 22
31 25 33
31 26 20
31 27 4
31 28 14
31 29 40
31 30 3
31 31 50
31 32 34
31 33 39
31 34 25
31 35 16
31 36 42
31 37 32
31 38 46
31 39 29
31 40 13
31 41 37
31 42 54
31 43 23
31 44 36
31 45 6
31 46 49
31 47 30
31 48 11
31 49 28
31 50 5
31 51 35
31 52 41
31 53 44
31 54 52
32 1 25
32 2 30
32 3 41
32 4 44
32 5 0
32 6 11
32 7 42
32 8 31
32 9 5
32 10 27
32 11 29
32 12 14
32 13 12
32 14 33
32 15 37
32 16 26
32 17 50
32 18 53
32 19 23
32 20 20
32 21 4
32 22 24
32 23 13
32 24 51
32 25 3
32 26 40
32 27 48
32 28 38
32 29 21
32 30 46
32 31 39
32 32 36
32 33 9
32 34 45
32 35 43
32 36 52
32 37 10
32 38 19
32 39 18
32 40 17
32 41 35
32 42 6
32 43 15
32 44 2
32 45 1
32 46 28
32 47 49
32 48 34
32 49 54
32 50 16
32 51 8
32 52 22
32 53 7
32 54 47
33 1 41
33 2 25
33 3 54
33 4 15
33 5 53
33 6 2
33 7 23
33 8 45
33 9 11
33 10 29
33 11 6
33 12 40
33 13 46
33 14 48
33 15 38
33 16 39
33 17 51
33 18 10
33 19 20
33 20 27
33 21 52
33 22 4
33 23 5
33 24 22
33 25 42
33 26 13
33 27 32
33 28 44
33 29 21
33 30 1
33 31 18
33 32 31
33 33 3
33 34 17
33 35 30
33 36 50
33 37 0
33 38 49
33 39 26
33 40 9
33 41 28
33 42 16
33 43 14
33 44 37
33 45 8
33 46 35
33 47 24
33 48 47
33 49 34
33 50 7
33 51 19
33 52 12
33 53 36
33 54 43
34 1 3
34 2 52
34 3 29
34 4 9
34 5 0
34 6 14
34 7 27
34 8 49
34 9 19
34 10 39
34 11 7
34 12 25
34 13 40
34 14 6
34 15 28
34 16 48
34 17 46
34 18 30
34 19 45
34 20 31
34 21 50
34 22 20
34 23 23
34 24 8
34 25 38
34 26 15
34 27 10
34 28 17
34 29 26
34 30 5
34 31 33
34 32 22
34 33 18
34 34 53
34 35 13
34 36 4
34 37 36
34 38 35
34 39 32
34 40 21
34 41 41
34 42 43
34 43 37
34 44 51
34 45 54
34 46 42
34 47 24
34 48 2
34 49 1
34 50 44
34 51 11
34 52 16
34 53 47
34 54 12
35 1 24
35 2 44
35 3 33
35 4 6
35 5 42
35 6 13
35 7 12
35 8 39
35 9 51
35 10 15
35 11 37
35 12 50
35 13 18
35 14 10
35 15 32
35 16 3
35 17 11
35 18 38
35 19 7
35 20 14
35 21 36
35 22 0
35 23 9
35 24 28
35 25 25
35 26 30
35 27 17
35 28 40
35 29 43
35 30 27
35 31 19
35 32 1
35 33 16
35 34 46
35 35 20
35 36 8
35 37 45
35 38 41
35 39 21
35 40 48
35 41 49
35 42 53
35 43 34
35 44 23
35 45 54
35 46 22
35 47 5
35 48 2
35 49 31
35 50 47
35 51 26
35 52 29
35 53 52
35 54 4
36 1 42
36 2 35
36 3 7
36 4 6
36 5 4
36 6 5
36 7 46
36 8 33
36 9 15
36 10 1
36 11 25
36 12 41
36 13 9
36 14 32
36 15 44
36 16 21
36 17 26
36 18 37
36 19 16
36 20 0
36 21 40
36 22 13
36 23 27
36 24 3
36 25 52
36 26 22
36 27 49
36 28 34
36 29 17
36 30 53
36 31 29
36 32 19
36 33 48
36 34 12
36 35 28
36 36 47
36 37 14
36 38 31
36 39 30
36 40 20
36 41 43
36 42 50
36 43 11
36 44 39
36 45 24
36 46 8
36 47 10
36 48 38
36 49 51
36 50 23
36 51 18
36 52 45
36 53 2
36 54 54
37 1 34
37 2 18
37 3 22
37 4 49
37 5 24
37 6 9
37 7 54
37 8 50
37 9 32
37 10 13
37 11 39
37 12 33
37 13 30
37 14 17
37 15 29
37 16 12
37 17 23
37 18 7
37 19 36
37 20 52
37 21 48
37 22 41
37 23 2
37 24 1
37 25 51
37 26 44
37 27 8
37 28 11
37 29 28
37 30 45
37 31 26
37 32 31
37 33 46
37 34 6
37 35 25
37 36 38
37 37 15
37 38 14
37 39 42
37 40 0
37 41 4
37 42 40
37 43 27
37 44 20
37 45 3
37 46 10
37 47 47
37 48 5
37 49 53
37 50 16
37 51 21
37 52 19
37 53 43
37 54 35
38 1 9
38 2 18
38 3 25
38 4 39
38 5 35
38 6 22
38 7 52
38 8 27
38 9 44
38 10 4
38 11 42
38 12 50
38 13 47
38 14 19
38 15 6
38 16 41
38 17 29
38 18 40
38 19 16
38 20 10
38 21 7
38 22 15
38 23 48
38 24 23
38 25 43
38 26 13
38 27 32
38 28 53
38 29 46
38 30 30
38 31 12
38 32 33
38 33 3
38 34 0
38 35 51
38 36 1
38 37 8
38 38 26
38 39 54
38 40 11
38 41 5
38 42 49
38 43 28
38 44 36
38 45 24
38 46 37
38 47 45
38 48 21
38 49 31
38 50 20
38 51 17
38 52 2
38 53 14
38 54 34
39 1 0
39 2 2
39 3 44
39 4 37
39 5 4
39 6 14
39 7 29
39 8 19
39 9 16
39 10 36
39 11 51
39 12 17
39 13 32
39 14 49
39 15 27
39 16 31
39 17 6
39 18 46
39 19 15
39 20 20
39 21 50
39 22 30
39 23 47
39 24 33
39 25 28
39 26 11
39 27 35
39 28 23
39 29 8
39 30 54
39 31 34
39 32 41
39 33 40
39 34 5
39 35 24
39 36 26
39 37 48
39 38 52
39 39 21
39 40 42
39 41 45
39 42 1
39 43 12
39 44 9
39 45 7
39 46 18
39 47 22
39 48 10
39 49 53
39 50 13
39 51 43
39 52 3
39 53 25
39 54 38
40 1 25
40 2 1
40 3 48
40 4 6
40 5 16
40 6 53
40 7 24
40 8 35
40 9 28
40 10 18
40 11 31
40 12 22
40 13 21
40 14 52
40 15 19
40 16 54
40 17 37
40 18 33
40 19 46
40 20 49
40 21 11
40 22 44
40 23 26
40 24 7
40 25 29
40 26 12
40 27 41
40 28 36
40 29 13
40 30 34
40 31 30
40 32 43
40 33 38
40 34 51
40 35 23
40 36 8
40 37 4
40 38 17
40 39 39
40 40 15
40 41 2
40 42 14
40 43 42
40 44 20
40 45 10
40 46 50
40 47 32
40 48 47
40 49 3
40 50 45
40 51 0
40 52 9
40 53 27
40 54 5
41 1 6
41 2 27
41 3 26
41 4 4
41 5 18
41 6 1
41 7 51
41 8 25
41 9 45
41 10 43
41 11 54
41 12 0
41 13 3
41 14 10
41 15 14
41 16 35
41 17 21
41 18 13
41 19 34
41 20 28
41 21 19
41 22 46
41 23 49
41 24 32
41 25 2
41 26 20
41 27 50
41 28 40
41 29 15
41 30 42
41 31 8
41 32 53
41 33 11
41 34 30
41 35 36
41 36 23
41 37 29
41 38 52
41 39 47
41 40 38
41 41 24
41 42 39
41 43 17
41 44 7
41 45 22
41 46 48
41 47 9
41 48 31
41 49 5
41 50 37
41 51 33
41 52 44
41 53 12
41 54 16
42 1 49
42 2 10
42 3 25
42 4 18
42 5 32
42 6 48
42 7 12
42 8 43
42 9 21
42 10 46
42 11 8
42 12 24
42 13 11
42 14 36
42 15 13
42 16 17
42 17 37
42 18 27
42 19 7
42 20 0
42 21 34
42 22 44
42 23 23
42 24 15
42 25 45
42 26 3
42 27 2
42 28 54
42 29 28
42 30 40
42 31 20
42 32 35
42 33 31
42 34 50
42 35 4
42 36 1
42 37 39
42 38 47
42 39 38
42 40 16
42 41 33
42 42 53
42 43 51
42 44 5
42 45 19
42 46 41
42 47 30
42 48 9
42 49 29
42 50 6
42 51 22
42 52 26
42 53 52
42 54 14
43 1 18
43 2 50
43 3 47
43 4 16
43 5 41
43 6 34
43 7 40
43 8 9
43 9 17
43 10 33
43 11 37
43 12 3
43 13 10
43 14 19
43 15 28
43 16 13
43 17 22
43 18 23
43 19 32
43 20 4
43 21 1
43 22 38
43 23 53
43 24 45
43 25 15
43 26 46
43 27 20
43 28 11
43 29 14
43 30 0
43 31 12
43 32 7
43 33 49
43 34 54
43 35 36
43 36 39
43 37 35
43 38 52
43 39 6
43 40 31
43 41 29
43 42 2
43 43 27
43 44 5
43 45 24
43 46 44
43 47 51
43 48 21
43 49 25
43 50 26
43 51 48
43 52 30
43 53 8
43 54 42
44 1 20
44 2 46
44 3 7
44 4 52
44 5 36
44 6 10
44 7 54
44 8 40
44 9 16
44 10 11
44 11 31
44 12 53
44 13 41
44 14 51
44 15 37
44 16 47
44 17 19
44 18 35
44 19 30
44 20 14
44 21 23
44 22 12
44 23 43
44 24 5
44 25 1
44 26 24
44 27 48
44 28 22
44 29 18
44 30 8
44 31 39
44 32 33
44 33 4
44 34 0
44 35 49
44 36 38
44 37 3
44 38 32
44 39 9
44 40 29
44 41 15
44 42 34
44 43 45
44 44 42
44 45 13
44 46 21
44 47 28
44 48 25
44 49 2
44 50 26
44 51 27
44 52 6
44 53 17
44 54 50
45 1 37
45 2 47
45 3 9
45 4 23
45 5 34
45 6 40
45 7 20
45 8 31
45 9 28
45 10 6
45 11 50
45 12 44
45 13 10
45 14 30
45 15 25
45 16 0
45 17 19
45 18 12
45 19 24
45 20 15
45 21 14
45 22 1
45 23 51
45 24 11
45 25 36
45 26 42
45 27 18
45 28 26
45 29 22
45 30 43
45 31 52
45 32 29
45 33 33
45 34 4
45 35 16
45 36 46
45 37 2
45 38 13
45 39 27
45 40 49
45 41 8
45 42 54
45 43 7
45 44 5
45 45 48
45 46 17
45 47 21
45 48 53
45 49 3
45 50 32
45 51 35
45 52 41
45 53 39
45 54 38
46 1 41
46 2 52
46 3 45
46 4 42
46 5 6
46 6 38
46 7 24
46 8 34
46 9 51
46 10 8
46 11 4
46 12 3
46 13 37
46 14 11
46 15 21
46 16 2
46 17 31
46 18 5
46 19 29
46 20 50
46 21 17
46 22 49
46 23 0
46 24 14
46 25 27
46 26 28
46 27 47
46 28 22
46 29 48
46 30 23
46 31 10
46 32 35
46 33 53
46 34 9
46 35 1
46 36 12
46 37 20
46 38 54
46 39 33
46 40 43
46 41 25
46 42 18
46 43 44
46 44 32
46 45 26
46 46 40
46 47 16
46 48 39
46 49 13
46 50 15
46 51 19
46 52 36
46 53 7
46 54 30
47 1 10
47 2 27
47 3 21
47 4 19
47 5 5
47 6 3
47 7 1
47 8 22
47 9 48
47 10 25
47 11 2
47 12 51
47 13 15
47 14 26
47 15 14
47 16 42
47 17 54
47 18 40
47 19 16
47 20 37
47 21 9
47 22 29
47 23 34
47 24 50
47 25 11
47 26 12
47 27 4
47 28 30
47 29 20
47 30 44
47 31 32
47 32 17
47 33 6
47 34 35
47 35 33
47 36 38
47 37 8
47 38 7
47 39 0
47 40 31
47 41 36
47 42 13
47 43 53
47 44 45
47 45 28
47 46 18
47 47 49
47 48 24
47 49 52
47 50 43
47 51 46
47 52 39
47 53 41
47 54 23
48 1 17
48 2 33
48 3 30
48 4 15
48 5 7
48 6 16
48 7 2
48 8 12
48 9 28
48 10 52
48 11 25
48 12 38
48 13 39
48 14 31
48 15 53
48 16 14
48 17 26
48 18 29
48 19 54
48 20 41
48 21 6
48 22 0
48 23 50
48 24 27
48 25 18
48 26 9
48 27 49
48 28 34
48 29 47
48 30 21
48 31 1
48 32 43
48 33 42
48 34 13
48 35 45
48 36 19
48 37 22
48 38 36
48 39 44
48 40 40
48 41 4
48 42 20
48 43 35
48 44 10
48 45 23
48 46 37
48 47 11
48 48 51
48 49 5
48 50 24
48 51 3
48 52 32
48 53 8
48 54 46
49 1 42
49 2 38
49 3 46
49 4 2
49 5 10
49 6 3
49 7 1
49 8 51
49 9 5
49 10 15
49 11 47
49 12 34
49 13 8
49 14 50
49 15 16
49 16 53
49 17 30
49 18 25
49 19 9
49 20 18
49 21 28
49 22 37
49 23 26
49 24 12
49 25 48
49 26 23
49 27 32
49 28 54
49 29 24
49 30 35
49 31 20
49 32 19
49 33 13
49 34 36
49 35 52
49 36 39
49 37 7
49 38 27
49 39 31
49 40 33
49 41 14
49 42 43
49 43 29
49 44 22
49 45 11
49 46 21
49 47 17
49 48 45
49 49 6
49 50 4
49 51 40
49 52 44
49 53 41
49 54 0
50 1 53
50 2 25
50 3 54
50 4 11
50 5 24
50 6 28
50 7 12
50 8 19
50 9 39
50 10 41
50 11 37
50 12 2
50 13 22
50 14 51
50 15 13
50 16 32
50 17 36
50 18 44
50 19 49
50 20 9
50 21 52
50 22 29
50 23 34
50 24 31
50 25 48
50 26 23
50 27 46
50 28 17
50 29 21
50 30 20
50 31 16
50 32 14
50 33 4
50 34 33
50 35 15
50 36 45
50 37 42
50 38 18
50 39 10
50 40 38
50 41 3
50 42 7
50 43 35
50 44 1
50 45 30
50 46 43
50 47 8
50 48 6
50 49 5
50 50 27
50 51 26
50 52 0
50 53 40
50 54 47
51 1 9
51 2 34
51 3 16
51 4 6
51 5 18
51 6 40
51 7 21
51 8 47
51 9 13
51 10 50
51 11 20
51 12 41
51 13 42
51 14 32
51 15 54
51 16 38
51 17 36
51 18 39
51 19 3
51 20 8
51 21 14
51 22 31
51 23 37
51 24 44
51 25 27
51 26 12
51 27 15
51 28 10
51 29 17
51 30 29
51 31 35
51 32 49
51 33 22
51 34 25
51 35 26
51 36 2
51 37 7
51 38 1
51 39 4
51 40 33
51 41 45
51 42 19
51 43 28
51 44 48
51 45 52
51 46 46
51 47 23
51 48 24
51 49 0
51 50 30
51 51 5
51 52 53
51 53 43
51 54 11
52 1 30
52 2 16
52 3 6
52 4 9
52 5 28
52 6 20
52 7 48
52 8 1
52 9 0
52 10 42
52 11 46
52 12 27
52 13 50
52 14 19
52 15 54
52 16 41
52 17 13
52 18 15
52 19 25
52 20 51
52 21 49
52 22 8
52 23 34
52 24 23
52 25 47
52 26 45
52 27 12
52 28 17
52 29 38
52 30 33
52 31 44
52 32 31
52 33 36
52 34 11
52 35 24
52 36 2
52 37 18
52 38 43
52 39 35
52 40 40
52 41 22
52 42 32
52 43 53
52 44 37
52 45 39
52 46 4
52 47 5
52 48 14
52 49 29
52 50 3
52 51 26
52 52 7
52 53 10
52 54 21
53 1 28
53 2 19
53 3 4
53 4 22
53 5 15
53 6 38
53 7 48
53 8 24
53 9 21
53 10 41
53 11 43
53 12 27
53 13 46
53 14 5
53 15 3
53 16 54
53 17 1
53 18 16
53 19 36
53 20 10
53 21 30
53 22 31
53 23 26
53 24 40
53 25 18
53 26 49
53 27 23
53 28 47
53 29 34
53 30 35
53 31 17
53 32 42
53 33 45
53 34 50
53 35 25
53 36 9
53 37 39
53 38 44
53 39 7
53 40 37
53 41 13
53 42 33
53 43 12
53 44 29
53 45 14
53 46 52
53 47 0
53 48 8
53 49 20
53 50 11
53 51 32
53 52 51
53 53 6
53 54 2
54 1 9
54 2 50
54 3 35
54 4 30
54 5 23
54 6 3
54 7 44
54 8 17
54 9 4
54 10 0
54 11 8
54 12 7
54 13 20
54 14 13
54 15 38
54 16 45
54 17 34
54 18 1
54 19 27
54 20 46
54 21 48
54 22 2
54 23 53
54 24 29
54 25 47
54 26 19
54 27 21
54 28 33
54 29 52
54 30 25
54 31 40
54 32 18
54 33 5
54 34 16
54 35 26
54 36 22
54 37 41
54 38 15
54 39 42
54 40 37
54 41 39
54 42 31
54 43 10
54 44 6
54 45 11
54 46 51
54 47 12
54 48 28
54 49 24
54 50 43
54 51 36
54 52 32
54 53 49
54 54 14