0 54
1 54
2 38
3 54
4 38
5 54
6 13
7 54
8 54
9 38
10 39
11 38
12 29
13 52
14 38
15 38
16 6
17 49
18 38
19 30
20 2
21 2
22 2
23 8
24 31
25 2
26 2
27 25
28 2
29 31
30 2
31 25
32 12
33 2
34 25
35 25
36 31
37 26
38 2
39 2
40 20
41 7
42 41
43 15
44 31
45 30
46 2
47 20
48 12
49 7
50 25
51 25
52 25
53 37
54 25
55 36
56 25
57 19
58 25
59 25
60 25
61 37
62 25
63 25
64 25
65 25
66 25
67 7
68 6
69 6
70 7
71 6
72 9
73 7
74 6
75 6
76 6
77 9
78 6
79 6
80 6
81 11
82 6
83 6
84 11
85 6
86 6
87 6
88 6
89 6
90 6
91 12
92 12
93 12
94 12
95 12
96 20
97 12
98 20
99 12
100 9
101 9
102 12
103 9
104 12
105 12
106 26
107 26
108 26
109 6
110 26
111 36
112 25
113 26
114 8
115 8
116 21
117 26
118 26
119 43
120 26
121 20
122 26
123 26
124 26
125 8
126 36
127 22
128 36
129 26
130 23
131 26
132 26
133 34
134 24
135 24
136 26
137 23
138 19
139 26
140 26
141 54
142 26
143 28
144 23
145 23
146 28
147 28
148 28
149 28
150 28
151 28
152 12
153 28
154 12
155 28
156 28
157 9
158 23
159 28
160 28
161 28
162 28
163 31
164 12
165 0
166 0
167 20
168 0
169 0
170 0
171 0
172 20
173 0
174 7
175 0
176 0
177 0
178 0
179 44
180 11
181 0
182 0
183 0
184 32
185 32
186 17
187 32
188 31
189 31
190 32
191 32
192 31
193 32
194 32
195 32
196 32
197 32
198 32
199 32
200 32
201 27
202 32
203 32
204 32
205 47
206 32
207 32
208 32
209 38
210 37
211 38
212 39
213 47
214 32
215 32
216 32
217 36
218 32
219 33
220 28
221 32
222 31
223 31
224 30
225 30
226 31
227 31
228 40
229 30
230 37
231 5
232 5
233 5
234 5
235 5
236 4
237 5
238 7
239 8
240 7
241 7
242 7
243 7
244 20
245 12
246 7
247 8
248 7
249 7
250 7
251 7
252 8
253 7
254 7
255 7
256 12
257 9
258 9
259 9
260 9
261 9
262 9
263 9
264 9
265 9
266 9
267 9
268 9
269 9
270 10
271 9
272 9
273 9
274 9
275 9
276 9
277 9
278 9
279 0
280 9
281 9
282 9
283 9
284 9
285 44
286 9
287 9
288 9
289 9
290 9
291 9
292 9
293 9
294 9
295 9
296 50
297 9
298 9
299 9
300 9
301 9
302 7
303 7
304 7
305 2
306 7
307 7
308 8
309 7
310 2
311 7
312 2
313 21
314 2
315 7
316 3
317 7
318 3
319 3
320 3
321 7
322 28
323 7
324 7
325 7
326 7
327 7
328 7
329 23
330 7
331 23
332 7
333 30
334 7
335 7
336 7
337 7
338 7
339 11
340 7
341 4
342 30
343 30
344 3
345 7
346 7
347 44
348 44
349 44
350 40
351 44
352 44
353 33
354 18
355 44
356 44
357 44
358 41
359 44
360 44
361 49
362 44
363 39
364 44
365 44
366 47
367 44
368 48
369 45
370 44
371 35
372 47
373 35
374 37
375 23
376 12
377 12
378 12
379 12
380 12
381 12
382 38
383 38
384 38
385 38
386 37
387 38
388 39
389 38
390 39
391 39
392 27
393 39
394 50
395 39
396 40
397 39
398 40
399 39
400 39
401 39
402 39
403 39
404 37
405 37
406 37
407 37
408 37
409 37
410 28
411 37
412 37
413 37
414 35
415 35
416 35
417 35
418 35
419 36
420 35
421 35
422 35
423 36
424 35
425 35
426 36
427 35
428 54
429 35
430 35
431 28
432 28
433 11
434 28
435 28
436 28
437 28
438 28
439 28
440 28
441 28
442 28
443 28
444 14
445 14
446 14
447 14
448 14
449 14
450 14
451 14
452 14
453 14
454 14
455 14
456 15
457 14
458 14
459 14
460 15
461 14
462 14
463 14
464 14
465 15
466 14
467 14
468 13
469 14
470 14
471 14
472 14
473 14
474 14
475 53
476 53
477 15
478 23
479 23
480 23
481 23
482 22
483 23
484 23
485 18
486 23
487 0
488 22
489 7
490 7
491 20
492 7
493 46
494 7
495 11
496 7
497 7
498 34
499 43
500 8
501 7
502 7
503 7
504 29
505 6
506 7
507 12
508 12
509 31
510 31
511 7
512 5
513 19
514 12
515 19
516 12
517 23
518 0
519 12
520 12
521 11
522 12
523 12
524 9
525 10
526 12
527 12
528 9
529 12
530 12
531 11
532 9
533 44
534 12
535 9
536 11
537 12
538 10
539 43
540 9
541 10
542 12
543 12
544 12
545 12
546 9
547 12
548 49
549 11
550 11
551 49
552 11
553 4
554 11
555 12
556 11
557 11
558 11
559 11
560 12
561 8
562 8
563 38
564 38
565 38
566 23
567 38
568 38
569 38
570 38
571 38
572 4
573 42
574 38
575 38
576 38
577 40
578 38
579 38
580 38
581 36
582 36
583 36
584 36
585 36
586 36
587 36
588 36
589 36
590 36
591 36
592 36
593 29
594 13
595 13
596 13
597 13
598 13
599 13
600 13
601 16
602 13
603 13
604 9
605 11
606 10
607 11
608 10
609 9
610 9
611 11
612 11
613 11
614 12
615 16
616 24
617 9
618 10
619 37
620 37
621 37
622 49
623 33
624 37
625 49
626 49
627 49
628 8
629 49
630 49
631 23
632 23
633 29
634 23
635 23
636 22
637 22
638 22
639 22
640 21
641 22
642 22
643 22
644 21
645 25
646 50
647 21
648 21
649 21
650 39
651 21
652 21
653 21
654 21
655 21
656 54
657 43
658 28
659 28
660 43
661 43
662 43
663 9
664 11
665 6
666 7
667 7
668 12
669 21
670 8
671 7
672 4
673 8
674 8
675 22
676 53
677 31
678 2
679 31
680 31
681 31
682 31
683 31
684 31
685 31
686 31
687 31
688 0
689 31
690 0
691 40
692 31
693 28
694 28
695 28
696 28
697 33
698 28
699 28
700 1
701 39
702 28
703 18
704 1
705 28
706 28
707 28
708 51
709 51
710 51
711 51
712 51
713 51
714 51
715 51
716 51
717 51
718 51
719 51
720 45
721 51
722 51
723 51
724 9
725 9
726 12
727 12
728 7
729 43
730 43
731 43
732 16
733 26
734 50
735 43
736 43
737 46
738 16
739 43
740 43
741 46
742 16
743 43
744 43
745 43
746 29
747 27
748 18
749 27
750 27
751 27
752 27
753 27
754 27
755 35
756 35
757 29
758 27
759 29
760 27
761 27
762 4
763 51
764 4
765 51
766 4
767 4
768 4
769 4
770 4
771 4
772 3
773 4
774 4
775 4
776 33
777 33
778 33
779 33
780 33
781 33
782 33
783 35
784 35
785 35
786 35
787 35
788 35
789 35
790 35
791 35
792 11
793 11
794 11
795 50
796 11
797 48
798 48
799 48
800 48
801 48
802 48
803 15
804 48
805 48
806 31
807 31
808 31
809 34
810 31
811 31
812 37
813 37
814 37
815 37
816 37
817 25
818 25
819 25
820 25
821 25
822 25
823 25
824 25
825 25
826 25
827 25
828 54
829 54
830 54
831 54
832 12
833 12
834 23
835 23
836 23
837 23
838 23
839 23
840 23
841 23
842 23
843 23
844 53
845 53
846 53
847 23
848 15
849 23
850 20
851 23
852 23
853 39
854 28
855 18
856 21
857 28
858 4
859 29
860 28
861 6
862 6
863 6
864 5
865 5
866 5
867 5
868 4
869 5
870 5
871 5
872 5
873 5
874 3
875 5
876 5
877 10
878 10
879 10
880 10
881 10
882 10
883 10
884 11
885 11
886 11
887 11
888 27
889 32
890 27
891 28
892 27
893 34
894 34
895 32
896 28
897 34
898 34
899 34
900 53
901 34
902 34
903 34
904 31
905 34
906 34
907 34
908 35
909 34
910 39
911 37
912 39
913 36
914 34
915 39
916 39
917 38
918 39
919 39
920 39
921 38
922 39
923 39
924 39
925 39
926 37
927 34
928 16
929 1
930 37
931 27
932 37
933 37
934 5
935 37
936 37
937 37
938 37
939 4
940 36
941 37
942 37
943 34
944 46
945 47
946 46
947 46
948 43
949 46
950 46
951 46
952 46
953 47
954 46
955 46
956 46
957 46
958 46
959 47
960 47
961 49
962 46
963 47
964 47
965 47
966 47
967 47
968 44
969 47
970 47
971 47
972 47
973 20
974 47
975 41
976 0
977 52
978 47
979 26
980 26
981 26
982 26
983 26
984 26
985 26
986 50
987 26
988 26
989 26
990 26
991 26
992 26
993 50
994 52
995 52
996 50
997 50
998 52
999 50
1000 50
1001 50
1002 50
1003 52
1004 52
1005 52
1006 52
1007 52
1008 53
1009 52
1010 52
1011 52
1012 52
1013 52
1014 42
1015 42
1016 19
1017 42
1018 42
1019 42
1020 42
1021 2
1022 42
1023 46
1024 3
1025 44
1026 18
1027 25
1028 25
1029 25
1030 25
1031 25
1032 25
1033 25
1034 29
1035 29
1036 29
1037 29
1038 29
1039 29
1040 29
1041 29
1042 50
1043 50
1044 50
1045 30
1046 15
1047 50
1048 21
1049 21
1050 21
1051 16
1052 16
1053 16
1054 22
1055 16
1056 16
1057 16
1058 16
1059 16
1060 17
1061 45
1062 16
1063 16
1064 21
1065 20
1066 16
1067 18
1068 16
1069 16
1070 20
1071 20
1072 20
1073 20
1074 18
1075 18
1076 18
1077 18
1078 18
1079 18
1080 18
1081 18
1082 18
1083 18
1084 18
1085 18
1086 22
1087 22
1088 29
1089 29
1090 29
1091 3
1092 3
1093 29
1094 29
1095 29
1096 49
1097 29
1098 29
1099 3
1100 6
1101 6
1102 45
1103 45
1104 45
1105 45
1106 45
1107 45
1108 45
1109 45
1110 45
1111 45
1112 45
1113 45
1114 45
1115 45
1116 45
1117 50
1118 45
1119 45
1120 45
1121 47
1122 47
1123 38
1124 38
1125 38
1126 38
1127 38
1128 38
1129 5
1130 38
1131 38
1132 38
1133 24
1134 8
1135 24
1136 24
1137 24
1138 24
1139 24
1140 24
1141 24
1142 24
1143 24
1144 24
1145 24
1146 24
1147 24
1148 24
1149 24
1150 24
1151 24
1152 24
1153 26
1154 24
1155 24
1156 15
1157 15
1158 15
1159 18
1160 15
1161 15
1162 15
1163 15
1164 15
1165 38
1166 37
1167 31
1168 15
1169 15
1170 15
1171 15
1172 15
1173 15
1174 15
1175 15
1176 15
1177 8
1178 15
1179 15
1180 15
1181 15
1182 15
1183 15
1184 15
1185 15
1186 45
1187 45
1188 45
1189 45
1190 45
1191 45
1192 50
1193 50
1194 50
1195 50
1196 50
1197 50
1198 50
1199 50
1200 50
1201 50
1202 50
1203 41
1204 33
1205 41
1206 41
1207 41
1208 41
1209 41
1210 41
1211 41
1212 41
1213 41
1214 41
1215 41
1216 41
1217 17
1218 17
1219 17
1220 17
1221 17
1222 17
1223 17
1224 17
1225 17
1226 17
1227 17
1228 17
1229 23
1230 23
1231 23
1232 46
1233 23
1234 23
1235 23
1236 36
1237 36
1238 33
1239 33
1240 33
1241 33
1242 33
1243 33
1244 33
1245 33
1246 33
1247 33
1248 33
1249 33
1250 33
1251 33
1252 33
1253 33
1254 33
1255 33
1256 33
1257 33
1258 33
1259 33
1260 33
1261 33
1262 33
1263 33
1264 33
1265 33
1266 33
1267 33
1268 33
1269 33
1270 33
1271 33
1272 33
1273 33
1274 33
1275 33
1276 33
1277 33
1278 33
1279 28
1280 28
1281 28
1282 15
1283 15
1284 15
1285 15
1286 15
1287 33
1288 48
1289 48
1290 40
1291 44
1292 40
1293 40
1294 40
1295 40
1296 40
1297 40
1298 17
1299 17
1300 17
1301 17
1302 17
1303 17
1304 17
1305 17
1306 17
1307 17
1308 17
1309 17
1310 17
1311 35
1312 17
1313 17
1314 17
1315 17
1316 17
1317 35
1318 17
1319 17
1320 17
1321 17
1322 17
1323 17
1324 18
1325 18
1326 18
1327 18
1328 18
1329 18
1330 5
1331 3
1332 12
1333 22
1334 12
1335 22
1336 22
1337 22
1338 22
1339 22
1340 22
1341 5
1342 46
1343 29
1344 5
1345 20
1346 20
1347 20
1348 20
1349 20
1350 20
1351 20
1352 20
1353 20
1354 21
1355 21
1356 21
1357 21
1358 21
1359 21
1360 21
1361 8
1362 21
1363 21
1364 18
1365 8
1366 21
1367 54
1368 18
1369 18
1370 18
1371 18
1372 18
1373 40
1374 40
1375 40
1376 40
1377 40
1378 40
1379 40
1380 31
1381 20
1382 43
1383 43
1384 43
1385 43
1386 43
1387 43
1388 43
1389 43
1390 42
1391 43
1392 43
1393 43
1394 49
1395 43
1396 9
1397 44
1398 44
1399 45
1400 44
1401 44
1402 45
1403 28
1404 20
1405 20
1406 20
1407 16
1408 16
1409 16
1410 16
1411 16
1412 16
1413 16
1414 16
1415 54
1416 54
1417 54
1418 54
1419 54
1420 54
1421 54
1422 50
1423 44
1424 50
1425 44
1426 44
1427 44
1428 44
1429 44
1430 44
1431 44
1432 16
1433 16
1434 16
1435 16
1436 16
1437 16
1438 16
1439 44
1440 49
1441 44
1442 49
1443 19
1444 44
1445 44
1446 18
1447 44
1448 14
1449 48
1450 48
1451 48
1452 48
1453 48
1454 44
1455 48
1456 48
1457 48
1458 48
1459 48
1460 14
1461 14
1462 14
1463 14
1464 14
1465 14
1466 14
1467 14
1468 13
1469 13
1470 14
1471 14
1472 14
1473 14
1474 54
1475 54
1476 54
1477 54
1478 53
1479 54
1480 30
1481 30
1482 30
1483 30
1484 36
1485 30
1486 30
1487 30
1488 30
1489 47
1490 47
1491 42
1492 42
1493 42
1494 42
1495 42
1496 42
1497 42
1498 42
1499 42
1500 42
1501 42
1502 22
1503 36
1504 42
1505 42
1506 42
1507 42
1508 42
1509 35
1510 42
1511 19
1512 19
1513 19
1514 19
1515 30
1516 30
1517 30
1518 30
1519 30
1520 3
1521 31
1522 3
1523 39
1524 8
1525 4
1526 4
1527 4
1528 5
1529 4
1530 4
1531 4
1532 4
1533 29
1534 4
1535 4
1536 5
1537 5
1538 4
1539 4
1540 52
1541 4
1542 5
1543 5
1544 4
1545 4
1546 4
1547 4
1548 4
1549 5
1550 4
1551 4
1552 5
1553 52
1554 4
1555 5
1556 5
1557 50
1558 23
1559 26
1560 23
1561 23
1562 10
1563 52
1564 52
1565 51
1566 51
1567 52
1568 22
1569 16
1570 16
1571 16
1572 24
1573 24
1574 24
1575 24
1576 32
1577 40
1578 40
1579 40
1580 40
1581 40
1582 49
1583 38
1584 38
1585 38
1586 38
1587 34
1588 34
1589 34
1590 34
1591 34
1592 32
1593 39
1594 39
1595 39
1596 39
1597 39
1598 36
1599 34
1600 34
1601 34
1602 34
1603 34
1604 34
1605 34
1606 34
1607 34
1608 34
1609 34
1610 34
1611 53
1612 34
1613 34
1614 34
1615 34
1616 34
1617 34
1618 39
1619 39
1620 17
1621 17
1622 39
1623 25
1624 25
1625 25
1626 25
1627 45
1628 45
1629 45
1630 45
1631 45
1632 45
1633 50
1634 50
1635 32
1636 32
1637 32
1638 32
1639 32
1640 32
1641 32
1642 32
1643 26
1644 26
1645 26
1646 26
1647 20
1648 20
1649 20
1650 20
1651 20
1652 20
1653 20
1654 20
1655 20
1656 11
1657 20
1658 20
1659 20
1660 20
1661 39
1662 39
1663 39
1664 37
1665 39
1666 50
1667 50
1668 22
1669 50
1670 52
1671 31
1672 50
1673 50
1674 33
1675 37
1676 8
1677 37
1678 37
1679 33
1680 7
1681 7
1682 7
1683 37
1684 37
1685 40
1686 11
1687 11
1688 5
1689 29
1690 31
1691 31
1692 45
1693 31
1694 46
1695 31
1696 31
1697 31
1698 11
1699 11
1700 11
1701 40
1702 40
1703 38
1704 38
1705 22
1706 49
1707 22
1708 22
1709 22
1710 18
1711 18
1712 23
1713 23
1714 23
1715 23
1716 54
1717 54
1718 27
1719 27
1720 27
1721 27
1722 27
1723 27
1724 27
1725 27
1726 27
1727 20
1728 25
1729 42
1730 4
1731 4
1732 4
1733 4
1734 4
1735 4
1736 4
1737 4
1738 4
1739 4
1740 4
1741 4
1742 4
1743 4
1744 4
1745 13
1746 13
1747 13
1748 13
1749 27
1750 13
1751 13
1752 13
1753 13
1754 13
1755 13
1756 20
1757 35
1758 20
1759 53
1760 1
1761 20
1762 20
1763 27
1764 20
1765 20
1766 30
1767 30
1768 45
1769 49
1770 5
1771 16
1772 3
1773 5
1774 3
1775 3
1776 3
1777 32
1778 32
1779 32
1780 24
1781 24
1782 24
1783 20
1784 24
1785 24
1786 24
1787 24
1788 24
1789 24
1790 24
1791 54
1792 24
1793 5
1794 3
1795 5
1796 3
1797 3
1798 3
1799 3
1800 5
1801 3
1802 3
1803 5
1804 5
1805 5
1806 5
1807 5
1808 17
1809 40
1810 40
1811 40
1812 40
1813 40
1814 40
1815 39
1816 39
1817 39
1818 39
1819 27
1820 27
1821 27
1822 27
1823 27
1824 27
1825 27
1826 49
1827 49
1828 49
1829 49
1830 3
1831 4
1832 5
1833 4
1834 5
1835 5
1836 5
1837 26
1838 26
1839 44
1840 44
1841 42
1842 44
1843 44
1844 44
1845 44
1846 42
1847 44
1848 44
1849 44
1850 12
1851 8
1852 12
1853 12
1854 1
1855 8
1856 17
1857 47
1858 18
1859 47
1860 47
1861 47
1862 47
1863 47
1864 49
1865 47
1866 47
1867 47
1868 47
1869 47
1870 47
1871 21
1872 21
1873 21
1874 21
1875 21
1876 21
1877 21
1878 21
1879 21
1880 21
1881 21
1882 21
1883 21
1884 21
1885 21
1886 21
1887 21
1888 21
1889 21
1890 21
1891 21
1892 21
1893 21
1894 21
1895 21
1896 21
1897 21
1898 21
1899 21
1900 21
1901 21
1902 21
1903 21
1904 21
1905 50
1906 38
1907 50
1908 50
1909 52
1910 50
1911 50
1912 37
1913 23
1914 23
1915 23
1916 40
1917 26
1918 16
1919 16
1920 26
1921 26
1922 26
1923 26
1924 5
1925 5
1926 40
1927 40
1928 23
1929 23
1930 14
1931 15
1932 16
1933 16
1934 15
1935 16
1936 8
1937 8
1938 8
1939 8
1940 8
1941 8
1942 24
1943 8
1944 30
1945 1
1946 54
1947 1
1948 1
1949 44
1950 44
1951 37
1952 36
1953 1
1954 1
1955 37
1956 36
1957 37
1958 37
1959 19
1960 53
1961 53
1962 53
1963 53
1964 53
1965 53
1966 53
1967 53
1968 53
1969 53
1970 53
1971 53
1972 54
1973 53
1974 53
1975 53
1976 53
1977 53
1978 53
1979 53
1980 53
1981 53
1982 53
1983 36
1984 29
1985 29
1986 40
1987 40
1988 54
1989 54
1990 54
1991 39
1992 54
1993 54
1994 37
1995 37
1996 37
1997 51
1998 25
1999 25
2000 25
2001 23
2002 5
2003 5
2004 5
2005 16
2006 11
2007 36
2008 11
2009 11
2010 1
2011 36
2012 36
2013 36
2014 36
2015 36
2016 36
2017 31
2018 31
2019 31
2020 31
2021 31
2022 43
2023 43
2024 43
2025 43
2026 43
2027 3
2028 3
2029 3
2030 49
2031 39
2032 49
2033 49
2034 0
2035 16
2036 16
2037 16
2038 41
2039 5
2040 5
2041 5
2042 32
2043 32
2044 32
2045 32
2046 32
2047 30
2048 30
2049 30
2050 30
2051 54
2052 30
2053 30
2054 46
2055 30
2056 30
2057 30
2058 30
2059 40
2060 40
2061 16
2062 16
2063 16
2064 16
2065 16
2066 52
2067 27
2068 52
2069 52
2070 52
2071 52
2072 52
2073 25
2074 51
2075 49
2076 49
2077 49
2078 49
2079 49
2080 49
2081 49
2082 54
2083 54
2084 54
2085 30
2086 54
2087 54
2088 11
2089 10
2090 11
2091 11
2092 11
2093 47
2094 47
2095 47
2096 44
2097 44
2098 44
2099 44
2100 44
2101 44
2102 44
2103 15
2104 15
2105 38
2106 0
2107 0
2108 0
2109 28
2110 28
2111 28
2112 28
2113 52
2114 44
2115 52
2116 44
2117 21
2118 30
2119 21
2120 21
2121 21
2122 21
2123 21
2124 27
2125 27
2126 27
2127 27
2128 27
2129 27
2130 27
2131 22
2132 22
2133 22
2134 26
2135 26
2136 26
2137 26
2138 13
2139 13
2140 13
2141 13
2142 50
2143 38
2144 38
2145 31
2146 38
2147 9
2148 14
2149 43
2150 54
2151 54
2152 43
2153 43
2154 13
2155 13
2156 13
2157 13
2158 13
2159 13
2160 24
2161 24
2162 33
2163 3
2164 3
2165 3
2166 3
2167 3
2168 3
2169 3
2170 4
2171 3
2172 24
2173 3
2174 3
2175 3
2176 53
2177 53
2178 53
2179 53
2180 53
2181 53
2182 53
2183 27
2184 27
2185 15
2186 15
2187 15
2188 10
2189 10
2190 10
2191 46
2192 46
2193 46
2194 46
2195 47
2196 46
2197 44
2198 7
2199 7
2200 14
2201 14
2202 8
2203 45
2204 47
2205 46
2206 1
2207 26
2208 26
2209 42
2210 47
2211 17
2212 17
2213 22
2214 20
2215 20
2216 20
2217 20
2218 29
2219 29
2220 29
2221 21
2222 49
2223 49
2224 49
2225 49
2226 20
2227 51
2228 51
2229 51
2230 51
2231 51
2232 51
2233 46
2234 46
2235 51
2236 51
2237 51
2238 51
2239 42
2240 51
2241 51
2242 51
2243 51
2244 32
2245 8
2246 8
2247 8
2248 8
2249 8
2250 26
2251 40
2252 33
2253 40
2254 33
2255 40
2256 40
2257 31
2258 31
2259 31
2260 31
2261 31
2262 31
2263 6
2264 53
2265 53
2266 53
2267 53
2268 35
2269 53
2270 53
2271 39
2272 39
2273 39
2274 39
2275 39
2276 39
2277 39
2278 39
2279 27
2280 27
2281 27
2282 27
2283 27
2284 2
2285 18
2286 18
2287 45
2288 0
2289 0
2290 0
2291 0
2292 0
2293 0
2294 28
2295 34
2296 34
2297 34
2298 34
2299 34
2300 34
2301 22
2302 22
2303 22
2304 22
2305 22
2306 22
2307 22
2308 22
2309 1
2310 46
2311 22
2312 39
2313 30
2314 30
2315 38
2316 38
2317 38
2318 38
2319 35
2320 35
2321 35
2322 35
2323 35
2324 35
2325 35
2326 44
2327 44
2328 47
2329 44
2330 43
2331 50
2332 53
2333 53
2334 53
2335 52
2336 52
2337 53
2338 43
2339 31
2340 31
2341 31
2342 31
2343 33
2344 8
2345 40
2346 40
2347 40
2348 40
2349 40
2350 40
2351 40
2352 40
2353 40
2354 32
2355 0
2356 0
2357 0
2358 0
2359 0
2360 0
2361 52
2362 52
2363 52
2364 52
2365 52
2366 18
2367 18
2368 18
2369 18
2370 18
2371 18
2372 18
2373 35
2374 18
2375 18
2376 18
2377 18
2378 33
2379 18
2380 18
2381 51
2382 51
2383 51
2384 51
2385 51
2386 24
2387 24
2388 38
2389 38
2390 26
2391 26
2392 26
2393 26
2394 26
2395 26
2396 26
2397 26
2398 22
2399 22
2400 22
2401 22
2402 22
2403 41
2404 41
2405 41
2406 41
2407 41
2408 8
2409 8
2410 8
2411 8
2412 8
2413 8
2414 8
2415 50
2416 34
2417 27
2418 27
2419 27
2420 27
2421 27
2422 27
2423 27
2424 17
2425 8
2426 5
2427 5
2428 29
2429 29
2430 29
2431 29
2432 29
2433 29
2434 4
2435 4
2436 4
2437 10
2438 4
2439 4
2440 10
2441 10
2442 10
2443 10
2444 4
2445 10
2446 4
2447 4
2448 4
2449 9
2450 10
2451 10
2452 4
2453 9
2454 4
2455 4
2456 10
2457 3
2458 3
2459 10
2460 10
2461 10
2462 10
2463 10
2464 10
2465 41
2466 41
2467 41
2468 41
2469 46
2470 46
2471 46
2472 5
2473 28
2474 28
2475 13
2476 13
2477 13
2478 13
2479 13
2480 22
2481 30
2482 22
2483 22
2484 22
2485 22
2486 22
2487 22
2488 22
2489 41
2490 22
2491 22
2492 22
2493 10
2494 26
2495 26
2496 26
2497 26
2498 23
2499 23
2500 12
2501 9
2502 10
2503 10
2504 10
2505 10
2506 10
2507 37
2508 37
2509 37
2510 37
2511 37
2512 37
2513 37
2514 30
2515 32
2516 1
2517 1
2518 49
2519 2
2520 48
2521 48
2522 48
2523 40
2524 38
2525 36
2526 36
2527 19
2528 19
2529 36
2530 36
2531 19
2532 18
2533 18
2534 25
2535 25
2536 25
2537 25
2538 47
2539 25
2540 25
2541 25
2542 25
2543 25
2544 25
2545 25
2546 25
2547 25
2548 25
2549 25
2550 25
2551 25
2552 25
2553 12
2554 12
2555 34
2556 22
2557 34
2558 34
2559 34
2560 34
2561 34
2562 34
2563 34
2564 7
2565 7
2566 7
2567 7
2568 7
2569 29
2570 29
2571 29
2572 29
2573 29
2574 29
2575 29
2576 10
2577 29
2578 29
2579 29
2580 51
2581 51
2582 18
2583 30
2584 30
2585 1
2586 30
2587 42
2588 42
2589 42
2590 42
2591 42
2592 42
2593 42
2594 42
2595 42
2596 26
2597 49
2598 49
2599 54
2600 54
2601 54
2602 21
2603 21
2604 19
2605 15
2606 15
2607 15
2608 15
2609 15
2610 15
2611 19
2612 37
2613 37
2614 37
2615 37
2616 37
2617 48
2618 43
2619 43
2620 34
2621 43
2622 43
2623 38
2624 19
2625 19
2626 6
2627 6
2628 6
2629 6
2630 6
2631 6
2632 6
2633 6
2634 6
2635 6
2636 1
2637 4
2638 1
2639 6
2640 49
2641 30
2642 35
2643 23
2644 35
2645 13
2646 49
2647 14
2648 49
2649 49
2650 49
2651 36
2652 13
2653 37
2654 37
2655 16
2656 51
2657 51
2658 51
2659 51
2660 51
2661 51
2662 51
2663 51
2664 51
2665 51
2666 53
2667 51
2668 51
2669 51
2670 51
2671 42
2672 42
2673 54
2674 42
2675 42
2676 42
2677 45
2678 45
2679 38
2680 38
2681 38
2682 34
2683 38
2684 38
2685 40
2686 40
2687 40
2688 40
2689 40
2690 40
2691 40
2692 40
2693 40
2694 29
2695 29
2696 29
2697 29
2698 29
2699 29
2700 29
2701 29
2702 29
2703 29
2704 50
2705 50
2706 50
2707 50
2708 50
2709 50
2710 50
2711 36
2712 36
2713 36
2714 36
2715 36
2716 36
2717 36
2718 23
2719 1
2720 23
2721 46
2722 47
2723 47
2724 47
2725 47
2726 47
2727 49
2728 47
2729 47
2730 47
2731 47
2732 47
2733 47
2734 47
2735 47
2736 47
2737 35
2738 45
2739 45
2740 45
2741 35
2742 45
2743 45
2744 45
2745 43
2746 42
2747 43
2748 36
2749 36
2750 36
2751 31
2752 8
2753 36
2754 31
2755 31
2756 53
2757 49
2758 49
2759 46
2760 46
2761 46
2762 46
2763 46
2764 47
2765 31
2766 47
2767 44
2768 44
2769 1
2770 12
2771 1
2772 1
2773 1
2774 19
2775 1
2776 19
2777 10
2778 10
2779 10
2780 10
2781 1
2782 1
2783 17
2784 30
2785 31
2786 46
2787 46
2788 54
2789 54
2790 54
2791 54
2792 54
2793 16
2794 28
2795 3
2796 3
2797 3
2798 3
2799 3
2800 3
2801 6
2802 6
2803 6
2804 6
2805 6
2806 23
2807 32
2808 1
2809 13
2810 13
2811 13
2812 14
2813 52
2814 52
2815 52
2816 52
2817 52
2818 52
2819 52
2820 45
2821 41
2822 27
2823 10
2824 47
2825 47
2826 47
2827 52
2828 52
2829 28
2830 28
2831 28
2832 28
2833 28
2834 28
2835 28
2836 28
2837 25
2838 34
2839 25
2840 29
2841 29
2842 29
2843 5
2844 5
2845 24
2846 26
2847 11
2848 24
2849 41
2850 41
2851 41
2852 41
2853 16
2854 16
2855 16
2856 16
2857 16
2858 16
2859 16
2860 38
2861 38
2862 38
2863 15
2864 8
2865 8
2866 8
2867 8
2868 41
2869 49
2870 33
2871 49
2872 49
2873 49
2874 49
2875 49
2876 49
2877 49
2878 49
2879 53
2880 32
2881 42
2882 49
2883 49
2884 34
2885 34
2886 32
2887 45
2888 45
2889 20
2890 11
2891 20
2892 20
2893 20
2894 17
2895 20
2896 20
2897 26
2898 26
2899 12
2900 1
2901 8
2902 12
2903 41
2904 41
2905 41
2906 41
2907 27
2908 35
2909 35
2910 35
2911 35
2912 34
2913 34
2914 23
2915 23
2916 27
2917 31
2918 37
2919 2
2920 2
2921 2
2922 2
2923 2
2924 2
2925 2
2926 15
2927 15
2928 1
2929 1
2930 1
2931 1
2932 8
2933 24
2934 8
2935 52
2936 52
2937 52
2938 45
2939 45
2940 45
2941 45
2942 45
2943 45
2944 45
2945 45
2946 45
2947 45
2948 45
2949 45
2950 20
2951 20
2952 39
2953 1
2954 1
2955 1
2956 48
2957 1
2958 1
2959 1
2960 1
2961 1
2962 1
2963 53
2964 53
2965 53
2966 18
2967 18
2968 17
2969 18
2970 18
2971 6
2972 6
2973 6
2974 6
2975 6
2976 6
2977 6
2978 6
2979 6
2980 34
2981 34
2982 34
2983 34
2984 34
2985 34
2986 34
2987 34
2988 52
2989 52
2990 28
2991 28
2992 28
2993 28
2994 31
2995 31
2996 31
2997 31
2998 8
2999 50
3000 50
3001 50
3002 50
3003 50
3004 14
3005 14
3006 8
3007 8
3008 8
3009 8
3010 8
3011 33
3012 53
3013 14
3014 14
3015 14
3016 14
3017 14
3018 14
3019 14
3020 32
3021 32
3022 32
3023 32
3024 32
3025 32
3026 32
3027 32
3028 32
3029 32
3030 9
3031 27
3032 27
3033 27
3034 45
3035 46
3036 15
3037 15
3038 15
3039 15
3040 15
3041 52
3042 15
3043 15
3044 15
3045 15
3046 15
3047 26
3048 26
3049 26
3050 34
3051 34
3052 34
3053 34
3054 36
3055 36
3056 36
3057 36
3058 36
3059 36
3060 36
3061 42
3062 25
3063 53
3064 53
3065 53
3066 42
3067 42
3068 47
3069 47
3070 47
3071 15
3072 29
3073 29
3074 29
3075 29
3076 29
3077 6
3078 6
3079 6
3080 6
3081 6
3082 27
3083 27
3084 49
3085 42
3086 42
3087 42
3088 42
3089 43
3090 43
3091 45
3092 45
3093 45
3094 35
3095 42
3096 42
3097 42
3098 22
3099 45
3100 18
3101 18
3102 51
3103 30
3104 4
3105 43
3106 43
3107 27
3108 27
3109 52
3110 52
3111 52
3112 17
3113 17
3114 17
3115 17
3116 4
3117 4
3118 4
3119 15
3120 14
3121 42
3122 15
3123 15
3124 3
3125 3
3126 3
3127 3
3128 38
3129 17
3130 17
3131 27
3132 27
3133 47
3134 5
3135 5
3136 3
3137 5
3138 3
3139 5
3140 5
3141 4
3142 4
3143 35
3144 35
3145 35
3146 35
3147 35
3148 35
3149 35
3150 35
3151 35
3152 35
3153 26
3154 17
3155 17
3156 32
3157 32
3158 13
3159 42
3160 42
3161 42
3162 42
3163 39
3164 10
3165 10
3166 10
3167 10
3168 10
3169 10
3170 40
3171 40
3172 40
3173 15
3174 15
3175 13
3176 13
3177 51
3178 51
3179 19
3180 28
3181 8
3182 11
3183 43
3184 43
3185 43
3186 43
3187 43
3188 43
3189 43
3190 16
3191 16
3192 16
3193 8
3194 8
3195 11
3196 11
3197 11
3198 11
3199 11
3200 41
3201 41
3202 17
3203 17
3204 1
3205 1
3206 1
3207 1
3208 1
3209 39
3210 52
3211 52
3212 47
3213 47
3214 47
3215 47
3216 52
3217 52
3218 52
3219 52
3220 52
3221 35
3222 35
3223 35
3224 35
3225 35
3226 35
3227 35
3228 35
3229 35
3230 20
3231 20
3232 20
3233 18
3234 18
3235 42
3236 42
3237 42
3238 19
3239 42
3240 42
3241 42
3242 19
3243 19
3244 20
3245 32
3246 32
3247 32
3248 50
3249 32
3250 35
3251 46
3252 46
3253 46
3254 46
3255 46
3256 46
3257 46
3258 46
3259 46
3260 46
3261 46
3262 46
3263 46
3264 46
3265 44
3266 33
3267 33
3268 17
3269 33
3270 10
3271 33
3272 10
3273 47
3274 54
3275 54
3276 54
3277 54
3278 54
3279 54
3280 54
3281 54
3282 19
3283 19
3284 19
3285 19
3286 19
3287 19
3288 19
3289 19
3290 19
3291 22
3292 5
3293 5
3294 5
3295 5
3296 2
3297 2
3298 2
3299 2
3300 2
3301 2
3302 30
3303 30
3304 30
3305 30
3306 30
3307 30
3308 30
3309 30
3310 30
3311 30
3312 30
3313 30
3314 30
3315 30
3316 30
3317 30
3318 37
3319 37
3320 37
3321 23
3322 5
3323 5
3324 47
3325 10
3326 10
3327 10
3328 10
3329 10
3330 10
3331 10
3332 33
3333 39
3334 10
3335 39
3336 10
3337 33
3338 10
3339 10
3340 24
3341 10
3342 16
3343 41
3344 41
3345 41
3346 41
3347 41
3348 41
3349 41
3350 41
3351 41
3352 41
3353 41
3354 41
3355 41
3356 41
3357 26
3358 12
3359 24
3360 24
3361 24
3362 24
3363 24
3364 23
3365 23
3366 23
3367 23
3368 23
3369 23
3370 23
3371 23
3372 23
3373 23
3374 8
3375 8
3376 39
3377 19
3378 19
3379 19
3380 19
3381 19
3382 19
3383 19
3384 19
3385 19
3386 49
3387 49
3388 49
3389 45
3390 45
3391 52
3392 52
3393 52
3394 52
3395 52
3396 52
3397 6
3398 6
3399 6
3400 6
3401 6
3402 6
3403 6
3404 6
3405 6
3406 6
3407 6
3408 6
3409 6
3410 3
3411 26
3412 26
3413 42
3414 42
3415 50
3416 50
3417 50
3418 50
3419 50
3420 32
3421 32
3422 33
3423 33
3424 31
3425 31
3426 31
3427 38
3428 38
3429 38
3430 46
3431 51
3432 51
3433 51
3434 7
3435 7
3436 27
3437 9
3438 9
3439 10
3440 0
3441 9
3442 9
3443 12
3444 12
3445 12
3446 12
3447 37
3448 42
3449 53
3450 42
3451 26
3452 38
3453 38
3454 38
3455 2
3456 2
3457 2
3458 2
3459 2
3460 2
3461 2
3462 2
3463 2
3464 2
3465 2
3466 2
3467 2
3468 2
3469 2
3470 2
3471 2
3472 2
3473 2
3474 2
3475 2
3476 2
3477 2
3478 2
3479 2
3480 2
3481 2
3482 2
3483 2
3484 0
3485 0
3486 28
3487 28
3488 28
3489 37
3490 37
3491 1
3492 1
3493 1
3494 1
3495 44
3496 44
3497 44
3498 44
3499 32
3500 36
3501 51
3502 51
3503 51
3504 5
3505 51
3506 51
3507 51
3508 51
3509 53
3510 53
3511 53
3512 53
3513 53
3514 53
3515 53
3516 53
3517 13
3518 13
3519 13
3520 13
3521 13
3522 13
3523 13
3524 13
3525 13
3526 13
3527 13
3528 13
3529 13
3530 13
3531 13
3532 13
3533 13
3534 13
3535 13
3536 13
3537 13
3538 13
3539 13
3540 23
3541 23
3542 23
3543 24
3544 52
3545 52
3546 52
3547 52
3548 9
3549 9
3550 1
3551 50
3552 50
3553 50
3554 40
3555 40
3556 40
3557 50
3558 50
3559 11
3560 14
3561 14
3562 14
3563 14
3564 9
3565 9
3566 9
3567 9
3568 9
3569 47
3570 47
3571 47
3572 37
3573 54
3574 54
3575 43
3576 43
3577 43
3578 43
3579 43
3580 43
3581 43
3582 43
3583 43
3584 43
3585 46
3586 43
3587 53
3588 10
3589 46
3590 11
3591 35
3592 42
3593 23
3594 7
3595 7
3596 20
3597 29
3598 18
3599 1
3600 18
3601 6
3602 2
3603 51
3604 52
3605 36
3606 36
3607 36
3608 36
3609 36
3610 47
3611 39
3612 40
3613 20
3614 20
3615 20
3616 20
3617 22
3618 22
3619 43
3620 43
3621 8
3622 22
3623 22
3624 30
3625 30
3626 30
3627 30
3628 30
3629 30
3630 19
3631 19
3632 19
3633 19
3634 19
3635 19
3636 19
3637 19
3638 27
3639 27
3640 52
3641 52
3642 52
3643 0
3644 0
3645 0
3646 0
3647 0
3648 0
3649 0
3650 0
3651 0
3652 0
3653 46
3654 46
3655 46
3656 5
3657 18
3658 48
3659 48
3660 48
3661 48
3662 48
3663 48
3664 48
3665 48
3666 48
3667 48
3668 48
3669 48
3670 48
3671 48
3672 48
3673 48
3674 48
3675 48
3676 48
3677 48
3678 48
3679 48
3680 48
3681 48
3682 48
3683 48
3684 48
3685 48
3686 48
3687 48
3688 48
3689 48
3690 48
3691 48
3692 29
3693 29
3694 29
3695 53
3696 19
3697 42
3698 13
3699 13
3700 13
3701 13
3702 5
3703 41
3704 1
3705 1
3706 1
3707 29
3708 22
3709 22
3710 41
3711 41
3712 41
3713 18
3714 18
3715 41
3716 41
3717 41
3718 41
3719 41
3720 50
3721 11
3722 11
3723 11
3724 11
3725 53
3726 44
3727 44
3728 44
3729 28
3730 35
3731 35
3732 46
3733 29
3734 2
3735 2
3736 2
3737 2
3738 13
3739 14
3740 14
3741 14
3742 14
3743 14
3744 24
3745 24
3746 24
3747 24
3748 24
3749 24
3750 24
3751 24
3752 24
3753 24
3754 24
3755 24
3756 27
3757 27
3758 1
3759 1
3760 1
3761 1
3762 45
3763 50
3764 50
3765 6
3766 6
3767 6
3768 10
3769 10
3770 10
3771 10
3772 40
3773 54
3774 54
3775 19
3776 19
3777 19
3778 19
3779 19
3780 2
3781 12
3782 1
3783 1
3784 17
3785 17
3786 17
3787 17
3788 17
3789 48
3790 48
3791 48
3792 36
3793 36
3794 46
3795 46
3796 46
3797 0
3798 0
3799 0
3800 18
3801 18
3802 18
3803 41
3804 41
3805 2
3806 35
3807 54
3808 54
3809 19
3810 19
3811 19
3812 19
3813 19
3814 19
3815 54
3816 44
3817 49
3818 33
3819 12
3820 12
3821 12
3822 12
3823 12
3824 12
3825 12
3826 12
3827 41
3828 41
3829 41
3830 41
3831 48
3832 48
3833 51
3834 39
3835 39
3836 53
3837 22
3838 22
3839 18
3840 3
3841 3
3842 3
3843 3
3844 3
3845 3
3846 27
3847 27
3848 27
3849 2
3850 22
3851 22
3852 35
3853 10
3854 22
3855 25
3856 17
3857 17
3858 17
3859 49
3860 49
3861 49
3862 49
3863 54
3864 54
3865 54
3866 53
3867 14
3868 14
3869 14
3870 14
3871 14
3872 14
3873 33
3874 1
3875 1
3876 1
3877 1
3878 1
3879 1
3880 1
3881 1
3882 1
3883 1
3884 2
3885 19
3886 19
3887 19
3888 19
3889 19
3890 25
3891 45
3892 45
3893 46
3894 8
3895 8
3896 8
3897 8
3898 8
3899 45
3900 46
3901 46
3902 46
3903 46
3904 46
3905 46
3906 46
3907 46
3908 24
3909 24
3910 24
3911 24
3912 29
3913 29
3914 18
3915 18
3916 48
3917 48
3918 48
3919 48
3920 48
3921 48
3922 48
3923 48
3924 48
3925 49
3926 49
3927 49
3928 16
3929 16
3930 16
3931 16
3932 16
3933 49
3934 43
3935 43
3936 43
3937 36
3938 36
3939 36
3940 36
3941 32
3942 32
3943 32
3944 46
3945 15
3946 39
3947 17
3948 17
3949 17
3950 42
3951 7
3952 53
3953 21
3954 20
3955 19
3956 40
3957 40
3958 40
3959 40
3960 40
3961 25
3962 25
3963 17
3964 18
3965 47
3966 3
3967 51
3968 3
3969 3
3970 3
3971 3
3972 0
3973 0
3974 0
3975 0
3976 0
3977 0
3978 0
3979 0
3980 0
3981 0
3982 0
3983 0
3984 0
3985 0
3986 0
3987 28
3988 20
3989 20
3990 20
3991 44
3992 19
3993 19
3994 19
3995 21
3996 7
3997 7
3998 32
3999 33
4000 32
4001 24
4002 24
4003 24
4004 42
4005 18
4006 18
4007 0
4008 0
4009 0
4010 0
4011 0
4012 37
4013 12
4014 20
4015 36
4016 30
4017 29
4018 51
4019 39
4020 39
4021 39
4022 11
4023 1
4024 1
4025 1
4026 39
4027 4
4028 17
4029 17
4030 17
4031 19
4032 19
4033 19
4034 27
4035 37
4036 38
4037 8
4038 8
4039 16
4040 16
4041 16
4042 16
4043 16
4044 11
4045 11
4046 31
4047 31
4048 30
4049 36
4050 36
4051 14
4052 17
4053 54
4054 54
4055 54
4056 54
4057 54
4058 33
4059 37
4060 37
4061 37
4062 42
4063 2
4064 2
4065 38
4066 43
4067 18
4068 43
4069 30
4070 11
4071 11
4072 11
4073 11
4074 11
4075 11
4076 11
4077 11
4078 11
4079 11
4080 11
4081 11
4082 11
4083 11
4084 11
4085 32
4086 32
4087 24
4088 24
4089 51
4090 53
4091 53
4092 22
4093 22
4094 22
4095 28
4096 25
4097 25
4098 25
4099 14
4100 41
4101 41
4102 39
4103 49
4104 49
4105 15
4106 15
4107 15
4108 8
4109 29
4110 1
4111 1
4112 1
4113 31
4114 41
4115 15
4116 30
4117 30
4118 5
4119 3
4120 3
4121 3
4122 3
4123 3
4124 3
4125 3
4126 3
4127 14
4128 14
4129 41
4130 41
4131 41
4132 41
4133 2
4134 2
4135 32
4136 46
4137 0
4138 44
4139 14
4140 14
4141 39
4142 39
4143 39
4144 11
4145 48
4146 48
4147 48
4148 21
4149 21
4150 33
4151 43
4152 25
4153 36
4154 49
4155 44
4156 16
4157 34
