0 13
1 13
2 51
3 13
4 51
5 13
6 14
7 13
8 13
9 42
10 54
11 51
12 40
13 35
14 51
15 51
16 69
17 5
18 51
19 45
20 41
21 41
22 41
23 67
24 6
25 66
26 41
27 41
28 41
29 43
30 41
31 41
32 67
33 1
34 42
35 41
36 6
37 42
38 41
39 41
40 64
41 68
42 0
43 3
44 6
45 24
46 41
47 58
48 52
49 68
50 41
51 41
52 38
53 51
54 41
55 37
56 41
57 41
58 15
59 41
60 38
61 41
62 41
63 41
64 41
65 41
66 1
67 68
68 69
69 69
70 68
71 69
72 68
73 68
74 70
75 69
76 70
77 74
78 58
79 69
80 70
81 71
82 70
83 70
84 70
85 60
86 69
87 69
88 60
89 69
90 69
91 72
92 72
93 72
94 72
95 72
96 63
97 62
98 63
99 70
100 74
101 74
102 72
103 72
104 72
105 70
106 57
107 57
108 68
109 66
110 57
111 38
112 41
113 57
114 57
115 57
116 44
117 3
118 57
119 57
120 3
121 58
122 3
123 57
124 57
125 57
126 24
127 12
128 57
129 57
130 67
131 57
132 57
133 4
134 57
135 56
136 57
137 51
138 46
139 57
140 57
141 57
142 57
143 54
144 42
145 51
146 39
147 39
148 39
149 39
150 39
151 39
152 62
153 39
154 62
155 39
156 39
157 74
158 62
159 39
160 39
161 39
162 39
163 43
164 62
165 13
166 13
167 64
168 13
169 13
170 13
171 13
172 63
173 13
174 68
175 13
176 13
177 13
178 13
179 34
180 58
181 13
182 13
183 13
184 22
185 22
186 26
187 22
188 22
189 18
190 22
191 24
192 22
193 22
194 22
195 22
196 22
197 22
198 22
199 22
200 22
201 22
202 10
203 22
204 22
205 31
206 22
207 24
208 22
209 43
210 43
211 51
212 55
213 30
214 22
215 22
216 22
217 24
218 24
219 25
220 39
221 24
222 5
223 6
224 18
225 49
226 6
227 6
228 53
229 44
230 52
231 48
232 48
233 48
234 50
235 50
236 48
237 50
238 68
239 71
240 68
241 68
242 68
243 68
244 58
245 72
246 68
247 69
248 68
249 68
250 68
251 68
252 68
253 68
254 68
255 68
256 72
257 74
258 74
259 74
260 74
261 74
262 74
263 74
264 74
265 74
266 73
267 74
268 74
269 74
270 73
271 74
272 74
273 74
274 74
275 74
276 74
277 74
278 74
279 2
280 74
281 74
282 74
283 74
284 74
285 35
286 74
287 74
288 74
289 74
290 74
291 74
292 74
293 66
294 74
295 74
296 20
297 74
298 74
299 74
300 74
301 74
302 30
303 68
304 68
305 66
306 68
307 68
308 68
309 68
310 66
311 68
312 66
313 64
314 66
315 66
316 49
317 68
318 49
319 49
320 49
321 68
322 40
323 68
324 68
325 68
326 68
327 52
328 68
329 62
330 52
331 67
332 69
333 18
334 69
335 68
336 69
337 69
338 69
339 67
340 69
341 66
342 19
343 19
344 49
345 69
346 68
347 69
348 32
349 69
350 53
351 32
352 69
353 67
354 36
355 69
356 49
357 69
358 0
359 32
360 32
361 26
362 35
363 55
364 32
365 32
366 31
367 35
368 32
369 32
370 46
371 17
372 31
373 27
374 54
375 42
376 70
377 70
378 62
379 70
380 70
381 70
382 43
383 43
384 43
385 51
386 43
387 43
388 54
389 38
390 54
391 54
392 53
393 54
394 21
395 54
396 53
397 54
398 53
399 54
400 54
401 54
402 54
403 54
404 43
405 43
406 43
407 43
408 43
409 43
410 39
411 43
412 43
413 43
414 27
415 27
416 27
417 27
418 27
419 19
420 27
421 27
422 27
423 19
424 27
425 27
426 19
427 27
428 27
429 27
430 27
431 39
432 39
433 71
434 39
435 39
436 39
437 39
438 39
439 39
440 39
441 39
442 39
443 39
444 17
445 17
446 17
447 17
448 17
449 17
450 17
451 17
452 16
453 17
454 17
455 17
456 15
457 16
458 16
459 16
460 17
461 17
462 17
463 17
464 17
465 15
466 17
467 16
468 16
469 17
470 17
471 17
472 17
473 17
474 17
475 9
476 9
477 15
478 62
479 62
480 62
481 62
482 43
483 62
484 62
485 36
486 62
487 69
488 69
489 73
490 68
491 64
492 68
493 29
494 68
495 71
496 68
497 68
498 55
499 13
500 68
501 68
502 68
503 68
504 40
505 70
506 68
507 73
508 73
509 21
510 43
511 73
512 50
513 73
514 73
515 73
516 72
517 42
518 59
519 72
520 72
521 71
522 72
523 72
524 60
525 72
526 72
527 72
528 71
529 72
530 72
531 58
532 58
533 71
534 72
535 60
536 71
537 72
538 72
539 14
540 71
541 72
542 72
543 73
544 60
545 72
546 12
547 72
548 14
549 67
550 67
551 14
552 67
553 50
554 67
555 72
556 67
557 67
558 67
559 67
560 72
561 57
562 57
563 51
564 42
565 51
566 62
567 51
568 51
569 51
570 51
571 51
572 50
573 33
574 51
575 51
576 51
577 53
578 51
579 51
580 51
581 24
582 24
583 24
584 24
585 24
586 24
587 24
588 37
589 38
590 38
591 37
592 37
593 37
594 14
595 14
596 14
597 14
598 14
599 71
600 14
601 60
602 14
603 14
604 74
605 71
606 71
607 71
608 71
609 73
610 73
611 71
612 71
613 71
614 72
615 60
616 63
617 74
618 71
619 21
620 21
621 21
622 21
623 25
624 52
625 21
626 21
627 21
628 67
629 21
630 21
631 42
632 42
633 40
634 42
635 42
636 43
637 43
638 43
639 43
640 45
641 43
642 43
643 43
644 64
645 41
646 45
647 44
648 45
649 44
650 45
651 45
652 45
653 45
654 45
655 44
656 45
657 28
658 39
659 39
660 28
661 32
662 28
663 58
664 58
665 2
666 44
667 68
668 68
669 44
670 68
671 44
672 65
673 68
674 69
675 58
676 7
677 6
678 1
679 24
680 6
681 6
682 6
683 26
684 6
685 6
686 24
687 6
688 2
689 53
690 2
691 53
692 6
693 40
694 40
695 40
696 40
697 25
698 40
699 40
700 22
701 55
702 40
703 18
704 18
705 40
706 40
707 40
708 47
709 47
710 47
711 47
712 47
713 47
714 47
715 47
716 47
717 47
718 9
719 47
720 22
721 47
722 9
723 47
724 74
725 74
726 52
727 52
728 68
729 13
730 13
731 13
732 13
733 3
734 43
735 13
736 13
737 28
738 60
739 13
740 13
741 28
742 60
743 13
744 13
745 13
746 40
747 40
748 40
749 40
750 40
751 40
752 60
753 40
754 40
755 40
756 40
757 40
758 40
759 40
760 40
761 40
762 48
763 9
764 48
765 9
766 48
767 48
768 48
769 48
770 48
771 48
772 47
773 48
774 48
775 48
776 25
777 25
778 25
779 36
780 25
781 25
782 25
783 40
784 39
785 19
786 40
787 19
788 27
789 53
790 40
791 53
792 71
793 64
794 71
795 21
796 71
797 32
798 32
799 32
800 32
801 32
802 32
803 3
804 32
805 32
806 6
807 6
808 6
809 6
810 5
811 6
812 18
813 18
814 35
815 52
816 52
817 41
818 41
819 41
820 41
821 41
822 41
823 41
824 41
825 41
826 41
827 41
828 27
829 13
830 27
831 13
832 73
833 73
834 62
835 62
836 62
837 62
838 62
839 62
840 42
841 62
842 62
843 62
844 8
845 8
846 8
847 62
848 62
849 62
850 64
851 62
852 62
853 54
854 54
855 54
856 45
857 54
858 54
859 40
860 39
861 66
862 66
863 66
864 49
865 49
866 50
867 49
868 48
869 50
870 50
871 48
872 50
873 50
874 49
875 50
876 50
877 71
878 71
879 71
880 71
881 71
882 71
883 71
884 71
885 71
886 71
887 71
888 4
889 23
890 23
891 4
892 4
893 4
894 4
895 23
896 4
897 6
898 6
899 4
900 8
901 6
902 6
903 6
904 6
905 6
906 6
907 6
908 8
909 6
910 55
911 54
912 55
913 55
914 4
915 55
916 55
917 51
918 55
919 55
920 55
921 55
922 55
923 55
924 55
925 54
926 54
927 49
928 3
929 6
930 18
931 11
932 51
933 51
934 50
935 51
936 51
937 51
938 51
939 50
940 52
941 18
942 51
943 42
944 28
945 28
946 28
947 29
948 28
949 28
950 28
951 28
952 28
953 31
954 28
955 28
956 28
957 28
958 28
959 31
960 30
961 30
962 30
963 30
964 31
965 30
966 30
967 30
968 35
969 31
970 30
971 30
972 30
973 64
974 30
975 64
976 2
977 10
978 67
979 3
980 3
981 3
982 3
983 3
984 2
985 3
986 5
987 3
988 3
989 3
990 3
991 3
992 3
993 5
994 7
995 7
996 43
997 5
998 7
999 5
1000 5
1001 5
1002 5
1003 7
1004 7
1005 7
1006 7
1007 7
1008 7
1009 7
1010 7
1011 7
1012 7
1013 7
1014 34
1015 34
1016 34
1017 33
1018 34
1019 34
1020 34
1021 72
1022 36
1023 35
1024 49
1025 35
1026 34
1027 41
1028 41
1029 41
1030 41
1031 41
1032 41
1033 41
1034 40
1035 40
1036 40
1037 40
1038 40
1039 40
1040 40
1041 38
1042 21
1043 7
1044 21
1045 20
1046 15
1047 21
1048 45
1049 45
1050 45
1051 60
1052 61
1053 60
1054 58
1055 60
1056 60
1057 60
1058 60
1059 60
1060 61
1061 30
1062 60
1063 60
1064 44
1065 63
1066 52
1067 35
1068 60
1069 60
1070 63
1071 63
1072 63
1073 63
1074 35
1075 35
1076 36
1077 35
1078 35
1079 35
1080 35
1081 36
1082 35
1083 35
1084 35
1085 35
1086 43
1087 43
1088 37
1089 38
1090 38
1091 38
1092 38
1093 38
1094 38
1095 37
1096 5
1097 38
1098 38
1099 38
1100 60
1101 60
1102 30
1103 30
1104 30
1105 30
1106 30
1107 30
1108 30
1109 30
1110 30
1111 30
1112 30
1113 30
1114 30
1115 30
1116 30
1117 6
1118 30
1119 30
1120 61
1121 30
1122 30
1123 42
1124 42
1125 42
1126 42
1127 42
1128 42
1129 50
1130 42
1131 42
1132 42
1133 56
1134 56
1135 56
1136 56
1137 56
1138 56
1139 56
1140 56
1141 56
1142 56
1143 56
1144 56
1145 56
1146 56
1147 56
1148 56
1149 56
1150 56
1151 56
1152 56
1153 2
1154 56
1155 56
1156 15
1157 15
1158 15
1159 36
1160 15
1161 15
1162 15
1163 15
1164 15
1165 51
1166 43
1167 22
1168 15
1169 15
1170 15
1171 15
1172 15
1173 15
1174 15
1175 15
1176 15
1177 67
1178 16
1179 16
1180 16
1181 16
1182 16
1183 16
1184 16
1185 16
1186 23
1187 23
1188 23
1189 23
1190 23
1191 23
1192 20
1193 20
1194 20
1195 20
1196 20
1197 20
1198 20
1199 20
1200 20
1201 20
1202 20
1203 0
1204 0
1205 0
1206 0
1207 0
1208 0
1209 0
1210 0
1211 0
1212 0
1213 0
1214 0
1215 0
1216 0
1217 61
1218 61
1219 61
1220 61
1221 61
1222 61
1223 63
1224 61
1225 61
1226 61
1227 61
1228 61
1229 62
1230 62
1231 62
1232 28
1233 62
1234 62
1235 62
1236 24
1237 24
1238 25
1239 25
1240 25
1241 25
1242 25
1243 25
1244 25
1245 25
1246 25
1247 25
1248 25
1249 25
1250 25
1251 25
1252 25
1253 25
1254 25
1255 25
1256 25
1257 25
1258 25
1259 25
1260 25
1261 25
1262 25
1263 25
1264 25
1265 25
1266 25
1267 25
1268 25
1269 25
1270 25
1271 25
1272 25
1273 25
1274 25
1275 25
1276 25
1277 25
1278 25
1279 39
1280 39
1281 39
1282 3
1283 3
1284 3
1285 3
1286 3
1287 67
1288 32
1289 32
1290 53
1291 32
1292 53
1293 53
1294 53
1295 53
1296 53
1297 53
1298 61
1299 61
1300 61
1301 61
1302 61
1303 61
1304 61
1305 61
1306 61
1307 61
1308 61
1309 61
1310 61
1311 8
1312 61
1313 61
1314 61
1315 61
1316 61
1317 8
1318 61
1319 61
1320 61
1321 61
1322 61
1323 61
1324 36
1325 36
1326 36
1327 36
1328 36
1329 36
1330 48
1331 48
1332 23
1333 23
1334 62
1335 23
1336 23
1337 23
1338 23
1339 23
1340 23
1341 50
1342 29
1343 37
1344 50
1345 64
1346 58
1347 64
1348 64
1349 64
1350 64
1351 58
1352 64
1353 64
1354 64
1355 64
1356 64
1357 44
1358 44
1359 64
1360 64
1361 64
1362 64
1363 64
1364 64
1365 64
1366 64
1367 20
1368 36
1369 36
1370 36
1371 36
1372 36
1373 67
1374 53
1375 53
1376 53
1377 53
1378 53
1379 53
1380 43
1381 64
1382 5
1383 5
1384 5
1385 5
1386 5
1387 5
1388 5
1389 5
1390 33
1391 5
1392 5
1393 5
1394 26
1395 5
1396 73
1397 35
1398 35
1399 11
1400 35
1401 35
1402 11
1403 39
1404 64
1405 64
1406 64
1407 60
1408 60
1409 60
1410 60
1411 60
1412 60
1413 60
1414 60
1415 13
1416 13
1417 13
1418 13
1419 13
1420 13
1421 13
1422 20
1423 20
1424 20
1425 20
1426 20
1427 20
1428 20
1429 20
1430 20
1431 20
1432 60
1433 60
1434 60
1435 60
1436 60
1437 60
1438 60
1439 32
1440 26
1441 69
1442 26
1443 46
1444 35
1445 34
1446 35
1447 35
1448 16
1449 32
1450 32
1451 32
1452 32
1453 32
1454 34
1455 32
1456 32
1457 32
1458 32
1459 32
1460 17
1461 17
1462 17
1463 17
1464 15
1465 17
1466 17
1467 17
1468 17
1469 17
1470 17
1471 16
1472 17
1473 17
1474 20
1475 20
1476 20
1477 20
1478 8
1479 20
1480 19
1481 19
1482 19
1483 19
1484 18
1485 19
1486 19
1487 19
1488 19
1489 31
1490 31
1491 33
1492 33
1493 33
1494 9
1495 33
1496 33
1497 33
1498 33
1499 33
1500 33
1501 33
1502 33
1503 52
1504 33
1505 33
1506 33
1507 33
1508 33
1509 33
1510 3
1511 5
1512 5
1513 29
1514 5
1515 18
1516 18
1517 18
1518 18
1519 49
1520 49
1521 18
1522 49
1523 55
1524 18
1525 50
1526 48
1527 66
1528 50
1529 50
1530 47
1531 49
1532 50
1533 37
1534 48
1535 50
1536 50
1537 49
1538 48
1539 50
1540 36
1541 48
1542 50
1543 50
1544 50
1545 48
1546 65
1547 48
1548 48
1549 50
1550 48
1551 66
1552 50
1553 36
1554 50
1555 50
1556 50
1557 43
1558 42
1559 42
1560 42
1561 42
1562 65
1563 10
1564 10
1565 9
1566 9
1567 10
1568 12
1569 60
1570 60
1571 60
1572 63
1573 63
1574 63
1575 63
1576 22
1577 53
1578 53
1579 53
1580 53
1581 53
1582 21
1583 51
1584 51
1585 51
1586 51
1587 4
1588 4
1589 4
1590 4
1591 4
1592 22
1593 55
1594 55
1595 55
1596 55
1597 55
1598 38
1599 4
1600 4
1601 4
1602 4
1603 4
1604 4
1605 4
1606 4
1607 4
1608 4
1609 4
1610 4
1611 8
1612 4
1613 4
1614 4
1615 4
1616 4
1617 4
1618 54
1619 54
1620 61
1621 57
1622 45
1623 38
1624 38
1625 38
1626 38
1627 31
1628 31
1629 31
1630 31
1631 31
1632 31
1633 6
1634 6
1635 21
1636 21
1637 21
1638 21
1639 21
1640 21
1641 21
1642 21
1643 42
1644 42
1645 42
1646 42
1647 64
1648 64
1649 64
1650 64
1651 64
1652 63
1653 58
1654 58
1655 58
1656 58
1657 54
1658 58
1659 58
1660 58
1661 54
1662 54
1663 54
1664 54
1665 54
1666 43
1667 15
1668 58
1669 43
1670 19
1671 43
1672 43
1673 43
1674 24
1675 18
1676 68
1677 46
1678 46
1679 24
1680 18
1681 18
1682 18
1683 46
1684 46
1685 54
1686 58
1687 58
1688 40
1689 37
1690 21
1691 21
1692 27
1693 43
1694 29
1695 24
1696 34
1697 24
1698 58
1699 58
1700 71
1701 53
1702 53
1703 51
1704 51
1705 23
1706 22
1707 23
1708 23
1709 23
1710 40
1711 36
1712 67
1713 67
1714 67
1715 67
1716 20
1717 20
1718 23
1719 23
1720 23
1721 23
1722 23
1723 23
1724 23
1725 23
1726 23
1727 58
1728 58
1729 3
1730 48
1731 65
1732 48
1733 48
1734 48
1735 48
1736 48
1737 48
1738 48
1739 48
1740 48
1741 48
1742 48
1743 48
1744 48
1745 14
1746 14
1747 16
1748 14
1749 11
1750 14
1751 14
1752 14
1753 14
1754 14
1755 16
1756 63
1757 63
1758 63
1759 8
1760 65
1761 63
1762 63
1763 11
1764 63
1765 63
1766 18
1767 19
1768 30
1769 21
1770 50
1771 60
1772 49
1773 49
1774 49
1775 49
1776 49
1777 24
1778 21
1779 21
1780 63
1781 63
1782 63
1783 63
1784 63
1785 63
1786 63
1787 63
1788 63
1789 63
1790 63
1791 57
1792 63
1793 48
1794 48
1795 48
1796 48
1797 48
1798 48
1799 48
1800 50
1801 49
1802 48
1803 50
1804 50
1805 50
1806 50
1807 50
1808 61
1809 54
1810 54
1811 54
1812 54
1813 46
1814 55
1815 54
1816 54
1817 72
1818 54
1819 11
1820 11
1821 11
1822 11
1823 11
1824 11
1825 11
1826 21
1827 21
1828 21
1829 21
1830 49
1831 50
1832 50
1833 48
1834 50
1835 49
1836 50
1837 42
1838 42
1839 34
1840 31
1841 34
1842 34
1843 34
1844 31
1845 31
1846 34
1847 34
1848 34
1849 34
1850 71
1851 69
1852 71
1853 71
1854 65
1855 69
1856 71
1857 31
1858 35
1859 31
1860 30
1861 30
1862 30
1863 30
1864 14
1865 30
1866 31
1867 29
1868 30
1869 30
1870 30
1871 44
1872 44
1873 44
1874 44
1875 44
1876 44
1877 44
1878 44
1879 44
1880 44
1881 44
1882 44
1883 44
1884 44
1885 44
1886 44
1887 44
1888 44
1889 44
1890 44
1891 44
1892 44
1893 44
1894 44
1895 44
1896 44
1897 44
1898 44
1899 44
1900 44
1901 44
1902 44
1903 44
1904 44
1905 5
1906 51
1907 6
1908 6
1909 11
1910 6
1911 6
1912 52
1913 42
1914 42
1915 42
1916 53
1917 2
1918 52
1919 52
1920 2
1921 2
1922 2
1923 2
1924 50
1925 50
1926 46
1927 46
1928 62
1929 62
1930 16
1931 17
1932 60
1933 60
1934 17
1935 60
1936 67
1937 67
1938 57
1939 57
1940 73
1941 57
1942 73
1943 57
1944 20
1945 20
1946 20
1947 20
1948 20
1949 35
1950 46
1951 46
1952 55
1953 22
1954 22
1955 46
1956 46
1957 46
1958 46
1959 46
1960 8
1961 8
1962 8
1963 8
1964 8
1965 8
1966 8
1967 8
1968 8
1969 8
1970 8
1971 7
1972 8
1973 8
1974 8
1975 8
1976 8
1977 8
1978 8
1979 8
1980 7
1981 8
1982 8
1983 37
1984 37
1985 37
1986 53
1987 53
1988 57
1989 57
1990 33
1991 55
1992 57
1993 57
1994 52
1995 54
1996 54
1997 47
1998 41
1999 41
2000 58
2001 62
2002 50
2003 50
2004 50
2005 60
2006 71
2007 19
2008 71
2009 71
2010 18
2011 19
2012 19
2013 19
2014 19
2015 19
2016 19
2017 5
2018 5
2019 5
2020 5
2021 5
2022 28
2023 28
2024 28
2025 12
2026 28
2027 49
2028 49
2029 49
2030 21
2031 55
2032 21
2033 21
2034 13
2035 60
2036 60
2037 60
2038 0
2039 40
2040 40
2041 50
2042 23
2043 23
2044 23
2045 23
2046 23
2047 44
2048 24
2049 24
2050 44
2051 13
2052 24
2053 24
2054 28
2055 24
2056 44
2057 24
2058 24
2059 53
2060 53
2061 61
2062 61
2063 61
2064 61
2065 61
2066 11
2067 11
2068 11
2069 11
2070 11
2071 3
2072 11
2073 1
2074 9
2075 14
2076 14
2077 30
2078 5
2079 5
2080 5
2081 5
2082 20
2083 20
2084 20
2085 20
2086 20
2087 20
2088 10
2089 73
2090 10
2091 58
2092 58
2093 31
2094 31
2095 31
2096 33
2097 33
2098 33
2099 33
2100 33
2101 33
2102 33
2103 16
2104 41
2105 42
2106 2
2107 2
2108 2
2109 39
2110 39
2111 40
2112 39
2113 36
2114 69
2115 36
2116 69
2117 44
2118 44
2119 44
2120 44
2121 45
2122 45
2123 45
2124 11
2125 11
2126 11
2127 11
2128 11
2129 11
2130 11
2131 23
2132 23
2133 23
2134 3
2135 3
2136 3
2137 3
2138 16
2139 16
2140 16
2141 16
2142 6
2143 43
2144 43
2145 43
2146 43
2147 74
2148 16
2149 13
2150 13
2151 13
2152 13
2153 13
2154 12
2155 14
2156 14
2157 14
2158 14
2159 14
2160 73
2161 63
2162 25
2163 49
2164 49
2165 47
2166 49
2167 49
2168 49
2169 47
2170 49
2171 47
2172 56
2173 49
2174 49
2175 47
2176 8
2177 8
2178 8
2179 8
2180 8
2181 8
2182 8
2183 23
2184 23
2185 15
2186 15
2187 15
2188 72
2189 73
2190 72
2191 28
2192 28
2193 28
2194 28
2195 31
2196 28
2197 34
2198 69
2199 73
2200 16
2201 16
2202 12
2203 12
2204 31
2205 29
2206 18
2207 42
2208 42
2209 31
2210 31
2211 71
2212 71
2213 43
2214 63
2215 64
2216 63
2217 64
2218 37
2219 37
2220 37
2221 45
2222 21
2223 21
2224 21
2225 21
2226 63
2227 9
2228 9
2229 9
2230 9
2231 9
2232 9
2233 29
2234 29
2235 9
2236 9
2237 9
2238 9
2239 9
2240 9
2241 9
2242 9
2243 9
2244 10
2245 67
2246 67
2247 67
2248 67
2249 67
2250 3
2251 53
2252 25
2253 53
2254 25
2255 53
2256 53
2257 43
2258 43
2259 43
2260 43
2261 43
2262 43
2263 70
2264 8
2265 8
2266 7
2267 8
2268 8
2269 8
2270 8
2271 55
2272 55
2273 55
2274 55
2275 55
2276 55
2277 55
2278 55
2279 22
2280 22
2281 22
2282 22
2283 4
2284 35
2285 36
2286 36
2287 30
2288 2
2289 2
2290 2
2291 2
2292 2
2293 2
2294 40
2295 55
2296 55
2297 55
2298 55
2299 42
2300 55
2301 12
2302 12
2303 12
2304 12
2305 12
2306 12
2307 12
2308 12
2309 12
2310 12
2311 12
2312 20
2313 20
2314 18
2315 38
2316 38
2317 38
2318 38
2319 19
2320 19
2321 19
2322 19
2323 19
2324 19
2325 19
2326 35
2327 34
2328 30
2329 34
2330 14
2331 7
2332 7
2333 7
2334 7
2335 7
2336 7
2337 7
2338 5
2339 22
2340 24
2341 24
2342 24
2343 24
2344 68
2345 53
2346 53
2347 53
2348 53
2349 53
2350 55
2351 53
2352 53
2353 53
2354 23
2355 13
2356 13
2357 13
2358 13
2359 13
2360 13
2361 36
2362 19
2363 19
2364 36
2365 36
2366 36
2367 36
2368 36
2369 36
2370 36
2371 36
2372 36
2373 27
2374 36
2375 35
2376 36
2377 35
2378 26
2379 35
2380 35
2381 9
2382 9
2383 9
2384 9
2385 9
2386 73
2387 73
2388 51
2389 51
2390 2
2391 2
2392 2
2393 2
2394 2
2395 2
2396 2
2397 2
2398 58
2399 58
2400 58
2401 58
2402 58
2403 29
2404 29
2405 29
2406 29
2407 29
2408 69
2409 69
2410 69
2411 69
2412 69
2413 69
2414 69
2415 43
2416 42
2417 11
2418 11
2419 26
2420 11
2421 11
2422 26
2423 6
2424 26
2425 26
2426 49
2427 50
2428 37
2429 37
2430 37
2431 37
2432 40
2433 40
2434 65
2435 66
2436 66
2437 73
2438 66
2439 66
2440 65
2441 65
2442 65
2443 65
2444 66
2445 26
2446 66
2447 66
2448 66
2449 66
2450 73
2451 26
2452 66
2453 66
2454 66
2455 66
2456 73
2457 47
2458 47
2459 34
2460 34
2461 34
2462 73
2463 34
2464 34
2465 0
2466 0
2467 0
2468 34
2469 29
2470 29
2471 29
2472 35
2473 40
2474 39
2475 14
2476 16
2477 16
2478 16
2479 16
2480 58
2481 18
2482 58
2483 58
2484 58
2485 58
2486 58
2487 58
2488 58
2489 64
2490 58
2491 58
2492 58
2493 73
2494 2
2495 2
2496 2
2497 2
2498 62
2499 62
2500 62
2501 73
2502 73
2503 73
2504 73
2505 73
2506 73
2507 38
2508 38
2509 38
2510 38
2511 38
2512 38
2513 38
2514 44
2515 22
2516 65
2517 57
2518 14
2519 66
2520 32
2521 32
2522 32
2523 55
2524 53
2525 52
2526 52
2527 52
2528 52
2529 52
2530 52
2531 52
2532 34
2533 34
2534 1
2535 1
2536 1
2537 1
2538 29
2539 1
2540 1
2541 1
2542 1
2543 1
2544 1
2545 1
2546 1
2547 1
2548 1
2549 1
2550 1
2551 1
2552 1
2553 73
2554 73
2555 42
2556 43
2557 4
2558 4
2559 4
2560 4
2561 4
2562 4
2563 4
2564 69
2565 69
2566 69
2567 69
2568 69
2569 37
2570 37
2571 37
2572 37
2573 37
2574 37
2575 37
2576 72
2577 37
2578 37
2579 37
2580 9
2581 9
2582 36
2583 18
2584 18
2585 65
2586 18
2587 33
2588 33
2589 33
2590 9
2591 9
2592 36
2593 9
2594 9
2595 9
2596 3
2597 14
2598 14
2599 57
2600 57
2601 57
2602 45
2603 45
2604 46
2605 62
2606 62
2607 62
2608 62
2609 62
2610 62
2611 52
2612 19
2613 19
2614 19
2615 19
2616 19
2617 32
2618 32
2619 32
2620 32
2621 32
2622 32
2623 51
2624 47
2625 46
2626 66
2627 66
2628 70
2629 66
2630 66
2631 66
2632 66
2633 66
2634 66
2635 66
2636 65
2637 66
2638 65
2639 70
2640 21
2641 45
2642 27
2643 67
2644 27
2645 14
2646 14
2647 16
2648 14
2649 14
2650 14
2651 24
2652 14
2653 52
2654 52
2655 52
2656 9
2657 9
2658 9
2659 9
2660 9
2661 9
2662 9
2663 9
2664 9
2665 10
2666 7
2667 9
2668 9
2669 9
2670 9
2671 33
2672 33
2673 33
2674 33
2675 33
2676 33
2677 32
2678 32
2679 51
2680 51
2681 51
2682 51
2683 51
2684 51
2685 46
2686 46
2687 46
2688 46
2689 46
2690 46
2691 46
2692 46
2693 46
2694 37
2695 37
2696 37
2697 37
2698 37
2699 37
2700 37
2701 37
2702 37
2703 37
2704 21
2705 21
2706 21
2707 21
2708 21
2709 21
2710 21
2711 24
2712 24
2713 24
2714 24
2715 24
2716 24
2717 24
2718 62
2719 65
2720 62
2721 28
2722 31
2723 31
2724 31
2725 31
2726 31
2727 30
2728 31
2729 31
2730 31
2731 31
2732 31
2733 31
2734 31
2735 31
2736 31
2737 27
2738 27
2739 27
2740 27
2741 27
2742 27
2743 27
2744 27
2745 14
2746 36
2747 13
2748 18
2749 18
2750 18
2751 18
2752 18
2753 18
2754 18
2755 18
2756 8
2757 14
2758 14
2759 28
2760 28
2761 28
2762 28
2763 28
2764 31
2765 24
2766 31
2767 39
2768 39
2769 65
2770 72
2771 65
2772 65
2773 65
2774 52
2775 65
2776 52
2777 73
2778 73
2779 73
2780 73
2781 65
2782 65
2783 61
2784 45
2785 18
2786 28
2787 28
2788 8
2789 8
2790 8
2791 8
2792 8
2793 60
2794 40
2795 49
2796 49
2797 49
2798 49
2799 49
2800 49
2801 70
2802 70
2803 70
2804 70
2805 70
2806 42
2807 21
2808 18
2809 17
2810 17
2811 17
2812 17
2813 10
2814 10
2815 10
2816 10
2817 10
2818 10
2819 10
2820 11
2821 34
2822 11
2823 72
2824 30
2825 30
2826 30
2827 10
2828 10
2829 39
2830 39
2831 39
2832 39
2833 39
2834 39
2835 39
2836 39
2837 42
2838 4
2839 42
2840 37
2841 37
2842 37
2843 50
2844 50
2845 56
2846 3
2847 67
2848 63
2849 34
2850 34
2851 34
2852 34
2853 61
2854 61
2855 61
2856 61
2857 61
2858 61
2859 61
2860 38
2861 38
2862 38
2863 3
2864 67
2865 67
2866 67
2867 67
2868 0
2869 26
2870 24
2871 26
2872 26
2873 26
2874 26
2875 26
2876 26
2877 26
2878 26
2879 7
2880 10
2881 36
2882 26
2883 26
2884 49
2885 49
2886 21
2887 23
2888 23
2889 63
2890 63
2891 63
2892 63
2893 63
2894 63
2895 63
2896 63
2897 2
2898 2
2899 72
2900 71
2901 71
2902 72
2903 0
2904 0
2905 0
2906 0
2907 23
2908 27
2909 27
2910 27
2911 27
2912 4
2913 4
2914 15
2915 42
2916 6
2917 6
2918 43
2919 1
2920 72
2921 1
2922 0
2923 0
2924 35
2925 72
2926 3
2927 3
2928 71
2929 71
2930 71
2931 71
2932 71
2933 56
2934 69
2935 36
2936 36
2937 36
2938 11
2939 11
2940 11
2941 11
2942 11
2943 12
2944 12
2945 22
2946 12
2947 11
2948 11
2949 11
2950 63
2951 63
2952 20
2953 65
2954 65
2955 65
2956 59
2957 65
2958 65
2959 65
2960 65
2961 65
2962 65
2963 7
2964 7
2965 7
2966 35
2967 35
2968 26
2969 35
2970 35
2971 66
2972 66
2973 66
2974 66
2975 66
2976 66
2977 66
2978 66
2979 66
2980 4
2981 4
2982 4
2983 4
2984 4
2985 4
2986 4
2987 4
2988 7
2989 7
2990 40
2991 40
2992 40
2993 40
2994 6
2995 6
2996 6
2997 6
2998 67
2999 15
3000 15
3001 15
3002 15
3003 15
3004 16
3005 16
3006 67
3007 67
3008 67
3009 67
3010 67
3011 25
3012 16
3013 16
3014 16
3015 16
3016 16
3017 16
3018 16
3019 16
3020 22
3021 22
3022 22
3023 22
3024 22
3025 22
3026 22
3027 22
3028 22
3029 22
3030 74
3031 11
3032 11
3033 11
3034 22
3035 22
3036 3
3037 3
3038 3
3039 3
3040 3
3041 3
3042 3
3043 3
3044 3
3045 3
3046 3
3047 57
3048 57
3049 57
3050 51
3051 4
3052 4
3053 4
3054 38
3055 38
3056 38
3057 38
3058 38
3059 38
3060 38
3061 33
3062 41
3063 7
3064 7
3065 7
3066 34
3067 34
3068 30
3069 30
3070 30
3071 62
3072 37
3073 37
3074 37
3075 37
3076 37
3077 70
3078 70
3079 70
3080 70
3081 70
3082 6
3083 6
3084 21
3085 33
3086 33
3087 33
3088 33
3089 12
3090 29
3091 12
3092 12
3093 12
3094 27
3095 33
3096 33
3097 33
3098 12
3099 23
3100 64
3101 64
3102 47
3103 24
3104 66
3105 32
3106 32
3107 12
3108 11
3109 7
3110 7
3111 3
3112 26
3113 71
3114 71
3115 26
3116 65
3117 65
3118 65
3119 17
3120 17
3121 36
3122 17
3123 17
3124 47
3125 47
3126 47
3127 47
3128 51
3129 63
3130 63
3131 11
3132 11
3133 30
3134 49
3135 49
3136 49
3137 49
3138 49
3139 49
3140 49
3141 48
3142 48
3143 27
3144 27
3145 27
3146 55
3147 27
3148 27
3149 27
3150 27
3151 55
3152 27
3153 3
3154 61
3155 61
3156 23
3157 23
3158 14
3159 33
3160 33
3161 33
3162 33
3163 55
3164 73
3165 73
3166 73
3167 73
3168 73
3169 34
3170 46
3171 46
3172 46
3173 15
3174 15
3175 16
3176 16
3177 47
3178 47
3179 47
3180 39
3181 67
3182 64
3183 14
3184 14
3185 14
3186 14
3187 14
3188 14
3189 14
3190 52
3191 52
3192 52
3193 64
3194 64
3195 10
3196 10
3197 10
3198 10
3199 10
3200 0
3201 0
3202 63
3203 63
3204 65
3205 65
3206 65
3207 18
3208 18
3209 20
3210 7
3211 7
3212 28
3213 28
3214 28
3215 28
3216 7
3217 7
3218 7
3219 7
3220 7
3221 27
3222 27
3223 27
3224 27
3225 27
3226 27
3227 27
3228 27
3229 27
3230 64
3231 64
3232 64
3233 64
3234 36
3235 36
3236 36
3237 36
3238 5
3239 36
3240 36
3241 36
3242 5
3243 5
3244 58
3245 22
3246 22
3247 22
3248 20
3249 22
3250 27
3251 29
3252 29
3253 29
3254 29
3255 29
3256 29
3257 29
3258 29
3259 29
3260 29
3261 29
3262 29
3263 29
3264 29
3265 34
3266 26
3267 26
3268 26
3269 26
3270 26
3271 26
3272 26
3273 31
3274 45
3275 45
3276 45
3277 45
3278 45
3279 45
3280 45
3281 45
3282 34
3283 5
3284 46
3285 5
3286 5
3287 5
3288 5
3289 5
3290 5
3291 23
3292 48
3293 48
3294 48
3295 48
3296 66
3297 66
3298 66
3299 66
3300 66
3301 66
3302 45
3303 45
3304 45
3305 45
3306 45
3307 45
3308 45
3309 45
3310 45
3311 45
3312 45
3313 45
3314 45
3315 45
3316 45
3317 45
3318 19
3319 19
3320 19
3321 62
3322 50
3323 50
3324 31
3325 72
3326 72
3327 72
3328 72
3329 72
3330 72
3331 72
3332 24
3333 72
3334 72
3335 72
3336 72
3337 24
3338 73
3339 73
3340 56
3341 73
3342 17
3343 0
3344 0
3345 0
3346 0
3347 0
3348 0
3349 0
3350 0
3351 0
3352 0
3353 0
3354 0
3355 0
3356 0
3357 42
3358 72
3359 56
3360 56
3361 56
3362 56
3363 56
3364 15
3365 15
3366 15
3367 15
3368 15
3369 15
3370 15
3371 15
3372 15
3373 15
3374 69
3375 69
3376 55
3377 46
3378 46
3379 46
3380 46
3381 46
3382 46
3383 46
3384 52
3385 46
3386 21
3387 21
3388 21
3389 31
3390 31
3391 10
3392 10
3393 10
3394 10
3395 10
3396 10
3397 70
3398 70
3399 70
3400 70
3401 70
3402 70
3403 70
3404 70
3405 70
3406 70
3407 70
3408 70
3409 70
3410 47
3411 42
3412 42
3413 31
3414 31
3415 20
3416 20
3417 20
3418 20
3419 20
3420 22
3421 22
3422 67
3423 67
3424 6
3425 6
3426 6
3427 53
3428 53
3429 53
3430 35
3431 9
3432 9
3433 9
3434 69
3435 69
3436 11
3437 74
3438 74
3439 74
3440 13
3441 74
3442 74
3443 72
3444 72
3445 72
3446 72
3447 46
3448 33
3449 33
3450 3
3451 3
3452 42
3453 42
3454 42
3455 1
3456 1
3457 1
3458 1
3459 1
3460 1
3461 1
3462 1
3463 1
3464 1
3465 1
3466 1
3467 1
3468 1
3469 1
3470 1
3471 1
3472 1
3473 1
3474 1
3475 1
3476 1
3477 1
3478 1
3479 1
3480 1
3481 1
3482 1
3483 1
3484 2
3485 2
3486 39
3487 39
3488 39
3489 43
3490 43
3491 18
3492 18
3493 18
3494 18
3495 34
3496 34
3497 34
3498 34
3499 22
3500 52
3501 10
3502 10
3503 10
3504 50
3505 10
3506 10
3507 10
3508 10
3509 7
3510 7
3511 7
3512 7
3513 7
3514 7
3515 7
3516 7
3517 12
3518 12
3519 12
3520 12
3521 12
3522 12
3523 12
3524 12
3525 12
3526 12
3527 12
3528 12
3529 12
3530 12
3531 12
3532 12
3533 12
3534 12
3535 12
3536 12
3537 12
3538 12
3539 12
3540 42
3541 42
3542 42
3543 56
3544 3
3545 3
3546 3
3547 3
3548 74
3549 74
3550 18
3551 6
3552 6
3553 6
3554 53
3555 53
3556 53
3557 20
3558 20
3559 71
3560 16
3561 16
3562 16
3563 16
3564 74
3565 73
3566 73
3567 73
3568 73
3569 31
3570 31
3571 31
3572 51
3573 57
3574 57
3575 29
3576 29
3577 29
3578 29
3579 29
3580 29
3581 29
3582 29
3583 29
3584 29
3585 29
3586 29
3587 8
3588 71
3589 28
3590 71
3591 19
3592 33
3593 42
3594 68
3595 68
3596 63
3597 37
3598 35
3599 65
3600 65
3601 66
3602 66
3603 47
3604 10
3605 52
3606 52
3607 52
3608 52
3609 52
3610 30
3611 55
3612 55
3613 58
3614 58
3615 58
3616 58
3617 58
3618 58
3619 5
3620 5
3621 12
3622 12
3623 12
3624 19
3625 19
3626 19
3627 19
3628 19
3629 19
3630 46
3631 46
3632 46
3633 46
3634 46
3635 46
3636 46
3637 46
3638 11
3639 11
3640 19
3641 19
3642 19
3643 2
3644 2
3645 2
3646 2
3647 2
3648 2
3649 2
3650 2
3651 2
3652 2
3653 29
3654 29
3655 29
3656 49
3657 36
3658 59
3659 59
3660 59
3661 59
3662 59
3663 59
3664 59
3665 59
3666 59
3667 59
3668 59
3669 59
3670 59
3671 59
3672 59
3673 59
3674 59
3675 59
3676 59
3677 59
3678 59
3679 59
3680 59
3681 59
3682 59
3683 59
3684 59
3685 59
3686 59
3687 59
3688 59
3689 59
3690 59
3691 59
3692 37
3693 37
3694 37
3695 7
3696 5
3697 33
3698 14
3699 14
3700 14
3701 14
3702 48
3703 29
3704 18
3705 18
3706 18
3707 37
3708 23
3709 23
3710 34
3711 34
3712 34
3713 36
3714 36
3715 0
3716 0
3717 0
3718 0
3719 0
3720 15
3721 10
3722 10
3723 10
3724 10
3725 7
3726 34
3727 34
3728 34
3729 4
3730 8
3731 8
3732 29
3733 37
3734 35
3735 35
3736 35
3737 35
3738 14
3739 17
3740 17
3741 17
3742 17
3743 17
3744 56
3745 56
3746 56
3747 56
3748 56
3749 56
3750 56
3751 56
3752 56
3753 56
3754 56
3755 56
3756 11
3757 11
3758 65
3759 65
3760 65
3761 18
3762 30
3763 21
3764 21
3765 69
3766 69
3767 69
3768 26
3769 26
3770 26
3771 26
3772 53
3773 45
3774 45
3775 46
3776 46
3777 46
3778 46
3779 46
3780 35
3781 62
3782 18
3783 18
3784 26
3785 26
3786 26
3787 26
3788 26
3789 32
3790 32
3791 32
3792 38
3793 38
3794 29
3795 29
3796 29
3797 2
3798 2
3799 2
3800 35
3801 35
3802 35
3803 64
3804 0
3805 1
3806 19
3807 8
3808 45
3809 52
3810 52
3811 52
3812 52
3813 52
3814 52
3815 13
3816 20
3817 22
3818 24
3819 65
3820 65
3821 65
3822 65
3823 65
3824 65
3825 65
3826 65
3827 34
3828 34
3829 29
3830 29
3831 59
3832 59
3833 10
3834 20
3835 20
3836 8
3837 58
3838 58
3839 36
3840 38
3841 38
3842 38
3843 38
3844 38
3845 47
3846 11
3847 11
3848 11
3849 10
3850 58
3851 58
3852 27
3853 34
3854 62
3855 41
3856 26
3857 26
3858 26
3859 26
3860 26
3861 26
3862 26
3863 57
3864 57
3865 57
3866 9
3867 15
3868 15
3869 15
3870 15
3871 15
3872 15
3873 25
3874 57
3875 57
3876 57
3877 57
3878 57
3879 57
3880 57
3881 57
3882 57
3883 57
3884 66
3885 47
3886 47
3887 47
3888 47
3889 47
3890 42
3891 11
3892 11
3893 35
3894 67
3895 67
3896 67
3897 67
3898 67
3899 30
3900 28
3901 28
3902 28
3903 28
3904 28
3905 28
3906 28
3907 28
3908 56
3909 56
3910 56
3911 56
3912 37
3913 37
3914 18
3915 18
3916 32
3917 32
3918 32
3919 32
3920 32
3921 32
3922 32
3923 32
3924 32
3925 5
3926 5
3927 5
3928 60
3929 60
3930 60
3931 60
3932 60
3933 30
3934 28
3935 28
3936 28
3937 24
3938 24
3939 24
3940 24
3941 10
3942 10
3943 10
3944 12
3945 15
3946 55
3947 26
3948 26
3949 26
3950 33
3951 69
3952 7
3953 64
3954 64
3955 46
3956 54
3957 54
3958 54
3959 54
3960 54
3961 41
3962 41
3963 26
3964 36
3965 31
3966 49
3967 47
3968 38
3969 38
3970 38
3971 38
3972 59
3973 59
3974 59
3975 59
3976 59
3977 59
3978 59
3979 59
3980 59
3981 59
3982 59
3983 59
3984 59
3985 59
3986 59
3987 39
3988 63
3989 63
3990 63
3991 46
3992 52
3993 52
3994 52
3995 64
3996 69
3997 69
3998 10
3999 10
4000 10
4001 56
4002 56
4003 56
4004 33
4005 35
4006 35
4007 2
4008 2
4009 2
4010 2
4011 2
4012 52
4013 62
4014 64
4015 55
4016 45
4017 37
4018 47
4019 54
4020 54
4021 54
4022 67
4023 65
4024 65
4025 65
4026 55
4027 54
4028 23
4029 23
4030 23
4031 47
4032 47
4033 47
4034 11
4035 54
4036 51
4037 69
4038 69
4039 52
4040 52
4041 52
4042 52
4043 52
4044 10
4045 10
4046 6
4047 6
4048 24
4049 55
4050 55
4051 17
4052 26
4053 45
4054 45
4055 27
4056 27
4057 27
4058 26
4059 54
4060 54
4061 54
4062 33
4063 1
4064 1
4065 51
4066 12
4067 18
4068 12
4069 19
4070 70
4071 70
4072 70
4073 70
4074 70
4075 70
4076 70
4077 70
4078 70
4079 70
4080 70
4081 70
4082 70
4083 70
4084 70
4085 24
4086 24
4087 56
4088 56
4089 9
4090 8
4091 8
4092 23
4093 23
4094 23
4095 39
4096 41
4097 41
4098 41
4099 17
4100 34
4101 34
4102 55
4103 14
4104 14
4105 16
4106 16
4107 16
4108 67
4109 38
4110 65
4111 65
4112 65
4113 53
4114 34
4115 62
4116 19
4117 19
4118 50
4119 47
4120 47
4121 47
4122 47
4123 47
4124 47
4125 47
4126 47
4127 16
4128 16
4129 0
4130 0
4131 0
4132 0
4133 10
4134 10
4135 23
4136 28
4137 2
4138 34
4139 17
4140 17
4141 54
4142 54
4143 54
4144 64
4145 59
4146 59
4147 59
4148 64
4149 64
4150 25
4151 12
4152 41
4153 24
4154 5
4155 35
4156 61
4157 4
