コミュニティ 1:
  ノード: [1, 2, 5, 10, 11, 14, 18, 21, 24, 25, 27, 31]
  エッジ: [(1, 2), (1, 5), (1, 11), (1, 14), (1, 18), (2, 14), (2, 18), (2, 31), (5, 11)]

コミュニティ 2:
  ノード: [7, 8, 9, 12, 13, 16, 17, 20, 26, 28, 30]
  エッジ: [(7, 17)]

コミュニティ 3:
  ノード: [0, 3, 4, 6, 15, 19, 22, 23, 29, 32, 33]
  エッジ: [(0, 15), (0, 19), (0, 23), (0, 29), (0, 32), (0, 33), (3, 4), (3, 29), (32, 29), (33, 3), (33, 15), (33, 19), (33, 23), (33, 32)]

# 計算されたコミュニティのノード定義
community_nodes = [
    [1, 2, 5, 10, 11, 14, 18, 21, 24, 25, 27, 31],
    [7, 8, 9, 12, 13, 16, 17, 20, 26, 28, 30],
    [0, 3, 4, 6, 15, 19, 22, 23, 29, 32, 33],
]
