0 1 19
0 2 27
0 3 31
0 4 14
0 5 21
0 6 36
0 7 29
0 8 32
0 9 18
0 10 22
0 11 11
0 12 2
0 13 6
0 14 10
0 15 30
0 16 39
0 17 15
0 18 28
0 19 38
0 20 16
0 21 24
0 22 3
0 23 34
0 24 5
0 25 1
0 26 4
0 27 20
0 28 33
0 29 7
0 30 17
0 31 13
0 32 9
0 33 12
0 34 37
0 35 23
0 36 35
0 37 25
0 38 8
0 39 26
1 1 11
1 2 23
1 3 6
1 4 3
1 5 5
1 6 0
1 7 27
1 8 16
1 9 4
1 10 33
1 11 30
1 12 9
1 13 34
1 14 29
1 15 37
1 16 17
1 17 7
1 18 2
1 19 8
1 20 31
1 21 21
1 22 10
1 23 35
1 24 12
1 25 38
1 26 13
1 27 39
1 28 32
1 29 28
1 30 26
1 31 14
1 32 22
1 33 15
1 34 20
1 35 36
1 36 18
1 37 19
1 38 24
1 39 25
2 1 13
2 2 27
2 3 30
2 4 33
2 5 38
2 6 8
2 7 11
2 8 35
2 9 25
2 10 18
2 11 14
2 12 20
2 13 6
2 14 22
2 15 28
2 16 17
2 17 15
2 18 19
2 19 4
2 20 16
2 21 10
2 22 12
2 23 29
2 24 32
2 25 5
2 26 23
2 27 7
2 28 9
2 29 0
2 30 37
2 31 21
2 32 36
2 33 31
2 34 39
2 35 24
2 36 26
2 37 3
2 38 1
2 39 34
3 1 26
3 2 5
3 3 29
3 4 8
3 5 7
3 6 10
3 7 16
3 8 38
3 9 17
3 10 34
3 11 6
3 12 15
3 13 14
3 14 9
3 15 27
3 16 19
3 17 20
3 18 36
3 19 13
3 20 1
3 21 2
3 22 12
3 23 4
3 24 32
3 25 28
3 26 39
3 27 35
3 28 30
3 29 11
3 30 18
3 31 37
3 32 31
3 33 24
3 34 22
3 35 33
3 36 21
3 37 0
3 38 23
3 39 25
4 1 2
4 2 32
4 3 10
4 4 13
4 5 33
4 6 20
4 7 38
4 8 7
4 9 27
4 10 35
4 11 18
4 12 9
4 13 29
4 14 24
4 15 14
4 16 21
4 17 39
4 18 8
4 19 17
4 20 1
4 21 11
4 22 37
4 23 0
4 24 12
4 25 28
4 26 16
4 27 34
4 28 22
4 29 31
4 30 30
4 31 25
4 32 19
4 33 26
4 34 5
4 35 23
4 36 3
4 37 6
4 38 36
4 39 15
5 1 35
5 2 13
5 3 4
5 4 21
5 5 29
5 6 25
5 7 32
5 8 7
5 9 17
5 10 8
5 11 10
5 12 26
5 13 6
5 14 28
5 15 33
5 16 38
5 17 18
5 18 36
5 19 15
5 20 1
5 21 24
5 22 9
5 23 12
5 24 30
5 25 27
5 26 19
5 27 31
5 28 20
5 29 0
5 30 22
5 31 34
5 32 16
5 33 23
5 34 3
5 35 2
5 36 37
5 37 11
5 38 39
5 39 14
6 1 3
6 2 28
6 3 10
6 4 27
6 5 37
6 6 12
6 7 39
6 8 11
6 9 26
6 10 33
6 11 1
6 12 2
6 13 20
6 14 16
6 15 38
6 16 36
6 17 31
6 18 21
6 19 22
6 20 34
6 21 24
6 22 32
6 23 29
6 24 14
6 25 23
6 26 9
6 27 17
6 28 8
6 29 15
6 30 5
6 31 13
6 32 25
6 33 18
6 34 19
6 35 0
6 36 7
6 37 35
6 38 30
6 39 4
7 1 18
7 2 33
7 3 21
7 4 12
7 5 10
7 6 30
7 7 39
7 8 29
7 9 28
7 10 0
7 11 3
7 12 31
7 13 35
7 14 22
7 15 17
7 16 26
7 17 24
7 18 6
7 19 14
7 20 15
7 21 27
7 22 34
7 23 9
7 24 5
7 25 25
7 26 2
7 27 1
7 28 19
7 29 36
7 30 8
7 31 11
7 32 23
7 33 13
7 34 32
7 35 20
7 36 38
7 37 4
7 38 37
7 39 16
8 1 23
8 2 22
8 3 28
8 4 9
8 5 29
8 6 10
8 7 39
8 8 0
8 9 3
8 10 6
8 11 18
8 12 24
8 13 14
8 14 7
8 15 30
8 16 34
8 17 17
8 18 38
8 19 16
8 20 31
8 21 37
8 22 12
8 23 33
8 24 15
8 25 11
8 26 27
8 27 20
8 28 5
8 29 2
8 30 32
8 31 36
8 32 13
8 33 35
8 34 4
8 35 19
8 36 26
8 37 1
8 38 21
8 39 25
9 1 32
9 2 22
9 3 20
9 4 21
9 5 13
9 6 0
9 7 15
9 8 33
9 9 10
9 10 27
9 11 4
9 12 3
9 13 25
9 14 1
9 15 31
9 16 11
9 17 34
9 18 39
9 19 23
9 20 5
9 21 6
9 22 24
9 23 30
9 24 2
9 25 19
9 26 29
9 27 38
9 28 26
9 29 17
9 30 12
9 31 7
9 32 18
9 33 37
9 34 8
9 35 35
9 36 14
9 37 28
9 38 36
9 39 16
10 1 25
10 2 30
10 3 23
10 4 28
10 5 38
10 6 20
10 7 39
10 8 26
10 9 33
10 10 12
10 11 24
10 12 7
10 13 21
10 14 35
10 15 18
10 16 31
10 17 17
10 18 32
10 19 4
10 20 37
10 21 9
10 22 0
10 23 15
10 24 19
10 25 5
10 26 14
10 27 2
10 28 22
10 29 11
10 30 29
10 31 3
10 32 36
10 33 8
10 34 34
10 35 16
10 36 6
10 37 27
10 38 1
10 39 13
11 1 16
11 2 36
11 3 15
11 4 6
11 5 2
11 6 17
11 7 12
11 8 0
11 9 22
11 10 26
11 11 27
11 12 39
11 13 24
11 14 20
11 15 5
11 16 25
11 17 1
11 18 23
11 19 7
11 20 33
11 21 30
11 22 32
11 23 8
11 24 18
11 25 3
11 26 13
11 27 38
11 28 29
11 29 19
11 30 10
11 31 35
11 32 34
11 33 14
11 34 21
11 35 4
11 36 28
11 37 31
11 38 9
11 39 37
12 1 27
12 2 22
12 3 23
12 4 1
12 5 3
12 6 14
12 7 28
12 8 8
12 9 38
12 10 7
12 11 24
12 12 9
12 13 36
12 14 0
12 15 33
12 16 34
12 17 32
12 18 37
12 19 21
12 20 17
12 21 30
12 22 4
12 23 29
12 24 16
12 25 26
12 26 10
12 27 18
12 28 5
12 29 39
12 30 19
12 31 6
12 32 31
12 33 25
12 34 35
12 35 13
12 36 11
12 37 15
12 38 2
12 39 20
13 1 4
13 2 31
13 3 32
13 4 16
13 5 17
13 6 26
13 7 6
13 8 27
13 9 15
13 10 12
13 11 22
13 12 14
13 13 0
13 14 1
13 15 29
13 16 35
13 17 21
13 18 36
13 19 24
13 20 7
13 21 20
13 22 38
13 23 23
13 24 10
13 25 25
13 26 3
13 27 11
13 28 30
13 29 19
13 30 33
13 31 9
13 32 18
13 33 28
13 34 34
13 35 39
13 36 2
13 37 5
13 38 37
13 39 8
14 1 6
14 2 4
14 3 34
14 4 35
14 5 33
14 6 28
14 7 36
14 8 10
14 9 9
14 10 19
14 11 12
14 12 8
14 13 38
14 14 2
14 15 21
14 16 0
14 17 18
14 18 29
14 19 16
14 20 26
14 21 13
14 22 15
14 23 11
14 24 23
14 25 30
14 26 39
14 27 25
14 28 31
14 29 7
14 30 1
14 31 20
14 32 32
14 33 37
14 34 17
14 35 27
14 36 5
14 37 24
14 38 22
14 39 3
15 1 14
15 2 11
15 3 1
15 4 18
15 5 3
15 6 31
15 7 27
15 8 32
15 9 34
15 10 25
15 11 19
15 12 21
15 13 37
15 14 24
15 15 12
15 16 5
15 17 38
15 18 20
15 19 23
15 20 22
15 21 28
15 22 6
15 23 36
15 24 10
15 25 0
15 26 4
15 27 39
15 28 29
15 29 8
15 30 13
15 31 9
15 32 7
15 33 16
15 34 2
15 35 17
15 36 33
15 37 30
15 38 35
15 39 26
16 1 15
16 2 37
16 3 9
16 4 39
16 5 2
16 6 14
16 7 32
16 8 10
16 9 35
16 10 30
16 11 17
16 12 22
16 13 29
16 14 3
16 15 33
16 16 23
16 17 25
16 18 4
16 19 8
16 20 7
16 21 18
16 22 0
16 23 24
16 24 28
16 25 5
16 26 12
16 27 27
16 28 1
16 29 19
16 30 21
16 31 34
16 32 38
16 33 6
16 34 11
16 35 31
16 36 36
16 37 26
16 38 13
16 39 20
17 1 13
17 2 18
17 3 7
17 4 27
17 5 35
17 6 3
17 7 2
17 8 37
17 9 11
17 10 34
17 11 28
17 12 30
17 13 0
17 14 5
17 15 8
17 16 14
17 17 20
17 18 32
17 19 16
17 20 1
17 21 39
17 22 29
17 23 9
17 24 19
17 25 4
17 26 23
17 27 26
17 28 21
17 29 6
17 30 24
17 31 33
17 32 25
17 33 12
17 34 22
17 35 10
17 36 31
17 37 15
17 38 36
17 39 38
18 1 36
18 2 32
18 3 39
18 4 29
18 5 23
18 6 33
18 7 2
18 8 5
18 9 21
18 10 3
18 11 37
18 12 19
18 13 12
18 14 14
18 15 27
18 16 31
18 17 25
18 18 26
18 19 17
18 20 13
18 21 16
18 22 9
18 23 0
18 24 15
18 25 7
18 26 1
18 27 30
18 28 11
18 29 22
18 30 6
18 31 10
18 32 24
18 33 28
18 34 20
18 35 4
18 36 8
18 37 35
18 38 38
18 39 34
19 1 1
19 2 21
19 3 10
19 4 9
19 5 27
19 6 4
19 7 36
19 8 35
19 9 8
19 10 11
19 11 17
19 12 25
19 13 28
19 14 5
19 15 22
19 16 20
19 17 18
19 18 24
19 19 32
19 20 7
19 21 3
19 22 37
19 23 38
19 24 33
19 25 16
19 26 6
19 27 0
19 28 26
19 29 31
19 30 13
19 31 12
19 32 29
19 33 23
19 34 30
19 35 14
19 36 34
19 37 39
19 38 15
19 39 2
20 1 37
20 2 0
20 3 18
20 4 39
20 5 17
20 6 36
20 7 13
20 8 19
20 9 29
20 10 28
20 11 16
20 12 1
20 13 21
20 14 22
20 15 8
20 16 5
20 17 38
20 18 31
20 19 14
20 20 11
20 21 23
20 22 7
20 23 25
20 24 10
20 25 2
20 26 33
20 27 32
20 28 26
20 29 30
20 30 24
20 31 3
20 32 15
20 33 9
20 34 12
20 35 35
20 36 34
20 37 27
20 38 6
20 39 4
21 1 27
21 2 2
21 3 34
21 4 22
21 5 12
21 6 29
21 7 37
21 8 31
21 9 20
21 10 24
21 11 1
21 12 15
21 13 13
21 14 0
21 15 35
21 16 18
21 17 26
21 18 4
21 19 38
21 20 6
21 21 14
21 22 9
21 23 25
21 24 19
21 25 30
21 26 33
21 27 7
21 28 16
21 29 17
21 30 3
21 31 8
21 32 28
21 33 39
21 34 11
21 35 10
21 36 5
21 37 36
21 38 32
21 39 23
22 1 6
22 2 33
22 3 38
22 4 34
22 5 20
22 6 26
22 7 5
22 8 12
22 9 29
22 10 9
22 11 31
22 12 35
22 13 17
22 14 0
22 15 11
22 16 25
22 17 3
22 18 8
22 19 27
22 20 7
22 21 21
22 22 16
22 23 2
22 24 28
22 25 23
22 26 39
22 27 36
22 28 24
22 29 4
22 30 37
22 31 19
22 32 15
22 33 18
22 34 30
22 35 32
22 36 14
22 37 10
22 38 13
22 39 1
23 1 36
23 2 1
23 3 8
23 4 18
23 5 13
23 6 32
23 7 7
23 8 26
23 9 38
23 10 24
23 11 11
23 12 0
23 13 37
23 14 19
23 15 34
23 16 33
23 17 12
23 18 4
23 19 20
23 20 21
23 21 29
23 22 35
23 23 31
23 24 30
23 25 2
23 26 14
23 27 17
23 28 28
23 29 9
23 30 25
23 31 16
23 32 27
23 33 3
23 34 15
23 35 10
23 36 39
23 37 5
23 38 6
23 39 22
24 1 25
24 2 29
24 3 15
24 4 39
24 5 4
24 6 32
24 7 1
24 8 26
24 9 34
24 10 22
24 11 9
24 12 12
24 13 19
24 14 0
24 15 30
24 16 23
24 17 33
24 18 7
24 19 13
24 20 5
24 21 21
24 22 16
24 23 10
24 24 18
24 25 17
24 26 11
24 27 20
24 28 31
24 29 28
24 30 36
24 31 8
24 32 6
24 33 3
24 34 35
24 35 2
24 36 38
24 37 37
24 38 27
24 39 14
25 1 23
25 2 7
25 3 22
25 4 8
25 5 31
25 6 34
25 7 17
25 8 28
25 9 12
25 10 15
25 11 16
25 12 11
25 13 33
25 14 30
25 15 20
25 16 4
25 17 21
25 18 3
25 19 36
25 20 13
25 21 26
25 22 18
25 23 24
25 24 9
25 25 5
25 26 39
25 27 32
25 28 0
25 29 27
25 30 2
25 31 29
25 32 14
25 33 38
25 34 35
25 35 6
25 36 19
25 37 1
25 38 37
25 39 10
26 1 36
26 2 5
26 3 0
26 4 15
26 5 13
26 6 4
26 7 27
26 8 16
26 9 17
26 10 8
26 11 30
26 12 19
26 13 38
26 14 11
26 15 24
26 16 9
26 17 32
26 18 18
26 19 29
26 20 37
26 21 22
26 22 23
26 23 28
26 24 14
26 25 35
26 26 12
26 27 7
26 28 3
26 29 25
26 30 6
26 31 10
26 32 1
26 33 20
26 34 33
26 35 39
26 36 34
26 37 2
26 38 31
26 39 21
27 1 1
27 2 3
27 3 20
27 4 22
27 5 5
27 6 35
27 7 0
27 8 34
27 9 15
27 10 13
27 11 7
27 12 10
27 13 32
27 14 24
27 15 9
27 16 4
27 17 14
27 18 16
27 19 23
27 20 28
27 21 36
27 22 21
27 23 30
27 24 37
27 25 6
27 26 25
27 27 18
27 28 17
27 29 38
27 30 26
27 31 11
27 32 2
27 33 12
27 34 29
27 35 19
27 36 8
27 37 33
27 38 31
27 39 39
28 1 2
28 2 21
28 3 3
28 4 24
28 5 6
28 6 10
28 7 8
28 8 15
28 9 31
28 10 26
28 11 22
28 12 19
28 13 4
28 14 39
28 15 12
28 16 14
28 17 30
28 18 35
28 19 5
28 20 38
28 21 16
28 22 34
28 23 33
28 24 7
28 25 11
28 26 17
28 27 36
28 28 20
28 29 1
28 30 0
28 31 18
28 32 13
28 33 9
28 34 37
28 35 32
28 36 27
28 37 25
28 38 29
28 39 23
29 1 4
29 2 22
29 3 1
29 4 3
29 5 23
29 6 5
29 7 32
29 8 19
29 9 9
29 10 16
29 11 2
29 12 24
29 13 39
29 14 7
29 15 6
29 16 36
29 17 12
29 18 10
29 19 11
29 20 27
29 21 31
29 22 25
29 23 34
29 24 15
29 25 21
29 26 38
29 27 37
29 28 18
29 29 26
29 30 30
29 31 28
29 32 20
29 33 14
29 34 8
29 35 17
29 36 33
29 37 13
29 38 0
29 39 35
30 1 14
30 2 19
30 3 15
30 4 21
30 5 28
30 6 31
30 7 5
30 8 9
30 9 29
30 10 36
30 11 35
30 12 11
30 13 37
30 14 25
30 15 22
30 16 38
30 17 34
30 18 7
30 19 20
30 20 4
30 21 33
30 22 27
30 23 23
30 24 18
30 25 17
30 26 6
30 27 10
30 28 2
30 29 39
30 30 26
30 31 12
30 32 0
30 33 16
30 34 8
30 35 1
30 36 13
30 37 24
30 38 3
30 39 32
31 1 11
31 2 13
31 3 19
31 4 10
31 5 23
31 6 27
31 7 4
31 8 36
31 9 17
31 10 2
31 11 26
31 12 28
31 13 33
31 14 32
31 15 20
31 16 21
31 17 24
31 18 29
31 19 22
31 20 0
31 21 35
31 22 7
31 23 12
31 24 14
31 25 6
31 26 18
31 27 37
31 28 8
31 29 16
31 30 38
31 31 15
31 32 9
31 33 39
31 34 1
31 35 5
31 36 30
31 37 3
31 38 34
31 39 25
32 1 0
32 2 5
32 3 14
32 4 37
32 5 6
32 6 17
32 7 4
32 8 8
32 9 27
32 10 28
32 11 3
32 12 38
32 13 34
32 14 35
32 15 2
32 16 36
32 17 18
32 18 23
32 19 12
32 20 15
32 21 24
32 22 21
32 23 11
32 24 10
32 25 13
32 26 25
32 27 39
32 28 19
32 29 7
32 30 16
32 31 29
32 32 22
32 33 30
32 34 31
32 35 1
32 36 33
32 37 20
32 38 26
32 39 9
33 1 28
33 2 24
33 3 16
33 4 8
33 5 4
33 6 7
33 7 2
33 8 6
33 9 35
33 10 21
33 11 36
33 12 3
33 13 34
33 14 19
33 15 10
33 16 29
33 17 31
33 18 18
33 19 12
33 20 32
33 21 9
33 22 13
33 23 1
33 24 30
33 25 38
33 26 37
33 27 20
33 28 15
33 29 11
33 30 5
33 31 0
33 32 25
33 33 39
33 34 23
33 35 22
33 36 27
33 37 14
33 38 26
33 39 17
34 1 2
34 2 22
34 3 24
34 4 9
34 5 39
34 6 13
34 7 20
34 8 25
34 9 10
34 10 35
34 11 19
34 12 38
34 13 0
34 14 27
34 15 37
34 16 32
34 17 26
34 18 36
34 19 12
34 20 33
34 21 16
34 22 3
34 23 4
34 24 7
34 25 15
34 26 1
34 27 14
34 28 11
34 29 30
34 30 17
34 31 18
34 32 21
34 33 31
34 34 8
34 35 23
34 36 6
34 37 5
34 38 28
34 39 29
35 1 32
35 2 22
35 3 29
35 4 21
35 5 38
35 6 23
35 7 14
35 8 1
35 9 6
35 10 27
35 11 28
35 12 10
35 13 30
35 14 13
35 15 8
35 16 25
35 17 4
35 18 15
35 19 37
35 20 17
35 21 2
35 22 5
35 23 12
35 24 26
35 25 11
35 26 20
35 27 19
35 28 7
35 29 18
35 30 3
35 31 33
35 32 24
35 33 34
35 34 0
35 35 31
35 36 9
35 37 39
35 38 36
35 39 16
36 1 6
36 2 34
36 3 11
36 4 7
36 5 0
36 6 35
36 7 9
36 8 10
36 9 29
36 10 39
36 11 38
36 12 21
36 13 24
36 14 14
36 15 4
36 16 17
36 17 37
36 18 28
36 19 30
36 20 27
36 21 32
36 22 25
36 23 33
36 24 3
36 25 1
36 26 5
36 27 31
36 28 8
36 29 16
36 30 19
36 31 15
36 32 20
36 33 22
36 34 13
36 35 12
36 36 2
36 37 18
36 38 26
36 39 23
37 1 1
37 2 25
37 3 21
37 4 0
37 5 30
37 6 20
37 7 39
37 8 24
37 9 29
37 10 36
37 11 18
37 12 10
37 13 6
37 14 13
37 15 34
37 16 11
37 17 35
37 18 19
37 19 27
37 20 26
37 21 22
37 22 28
37 23 17
37 24 8
37 25 38
37 26 31
37 27 23
37 28 5
37 29 32
37 30 4
37 31 12
37 32 2
37 33 33
37 34 16
37 35 3
37 36 14
37 37 7
37 38 15
37 39 9
38 1 12
38 2 27
38 3 23
38 4 24
38 5 36
38 6 19
38 7 4
38 8 8
38 9 1
38 10 2
38 11 7
38 12 20
38 13 30
38 14 16
38 15 5
38 16 39
38 17 26
38 18 17
38 19 13
38 20 31
38 21 29
38 22 10
38 23 22
38 24 33
38 25 18
38 26 15
38 27 3
38 28 14
38 29 11
38 30 0
38 31 6
38 32 34
38 33 21
38 34 28
38 35 9
38 36 35
38 37 25
38 38 32
38 39 37
39 1 6
39 2 14
39 3 8
39 4 32
39 5 12
39 6 23
39 7 35
39 8 20
39 9 9
39 10 22
39 11 10
39 12 34
39 13 37
39 14 3
39 15 2
39 16 4
39 17 33
39 18 21
39 19 38
39 20 11
39 21 17
39 22 16
39 23 0
39 24 29
39 25 30
39 26 18
39 27 27
39 28 19
39 29 1
39 30 5
39 31 25
39 32 7
39 33 31
39 34 24
39 35 36
39 36 15
39 37 28
39 38 13
39 39 26