0 22
1 22
2 16
3 22
4 16
5 22
6 6
7 22
8 22
9 0
10 28
11 26
12 5
13 16
14 16
15 26
16 16
17 36
18 16
19 27
20 7
21 27
22 7
23 16
24 24
25 19
26 7
27 7
28 7
29 22
30 7
31 7
32 17
33 8
34 7
35 7
36 27
37 7
38 7
39 7
40 3
41 15
42 8
43 7
44 23
45 27
46 7
47 3
48 18
49 15
50 7
51 37
52 5
53 25
54 7
55 5
56 7
57 37
58 7
59 7
60 5
61 7
62 7
63 7
64 7
65 7
66 31
67 15
68 16
69 16
70 15
71 16
72 18
73 15
74 16
75 16
76 16
77 18
78 16
79 16
80 16
81 19
82 16
83 16
84 16
85 16
86 16
87 16
88 16
89 16
90 16
91 17
92 17
93 18
94 17
95 17
96 3
97 17
98 3
99 16
100 18
101 18
102 17
103 18
104 18
105 16
106 14
107 14
108 14
109 14
110 14
111 5
112 7
113 14
114 14
115 14
116 4
117 39
118 14
119 14
120 1
121 3
122 1
123 14
124 14
125 14
126 26
127 38
128 14
129 14
130 15
131 14
132 14
133 26
134 14
135 12
136 14
137 1
138 13
139 14
140 14
141 12
142 14
143 26
144 1
145 1
146 0
147 0
148 0
149 0
150 0
151 0
152 17
153 0
154 16
155 0
156 0
157 18
158 1
159 0
160 0
161 0
162 0
163 22
164 16
165 3
166 3
167 3
168 3
169 3
170 3
171 3
172 3
173 3
174 15
175 3
176 3
177 3
178 3
179 14
180 3
181 3
182 14
183 3
184 20
185 24
186 4
187 4
188 20
189 27
190 30
191 20
192 20
193 20
194 19
195 20
196 20
197 20
198 20
199 20
200 20
201 20
202 21
203 30
204 19
205 33
206 20
207 20
208 29
209 26
210 20
211 26
212 28
213 30
214 20
215 20
216 29
217 21
218 20
219 21
220 0
221 20
222 36
223 24
224 27
225 27
226 23
227 23
228 29
229 27
230 25
231 10
232 10
233 10
234 10
235 10
236 10
237 10
238 15
239 17
240 15
241 15
242 15
243 15
244 15
245 17
246 15
247 15
248 15
249 15
250 15
251 15
252 15
253 15
254 15
255 15
256 17
257 18
258 18
259 18
260 18
261 18
262 18
263 18
264 18
265 18
266 18
267 18
268 18
269 18
270 18
271 18
272 18
273 18
274 18
275 18
276 18
277 18
278 18
279 32
280 18
281 18
282 18
283 18
284 18
285 34
286 18
287 18
288 18
289 18
290 18
291 18
292 18
293 18
294 18
295 18
296 31
297 18
298 18
299 18
300 18
301 18
302 15
303 15
304 15
305 19
306 15
307 15
308 15
309 15
310 19
311 15
312 19
313 4
314 19
315 15
316 11
317 15
318 11
319 11
320 11
321 15
322 0
323 15
324 15
325 15
326 15
327 15
328 15
329 27
330 15
331 39
332 15
333 27
334 15
335 15
336 15
337 15
338 15
339 15
340 15
341 11
342 27
343 29
344 11
345 15
346 15
347 34
348 34
349 29
350 29
351 34
352 34
353 21
354 34
355 29
356 34
357 34
358 13
359 34
360 34
361 21
362 34
363 28
364 34
365 34
366 33
367 34
368 30
369 38
370 33
371 9
372 33
373 39
374 28
375 1
376 16
377 16
378 16
379 16
380 16
381 16
382 26
383 26
384 26
385 26
386 26
387 26
388 28
389 26
390 28
391 28
392 24
393 28
394 22
395 28
396 29
397 28
398 29
399 28
400 29
401 28
402 28
403 28
404 26
405 26
406 26
407 26
408 26
409 26
410 0
411 26
412 26
413 26
414 39
415 39
416 39
417 39
418 39
419 28
420 39
421 39
422 39
423 28
424 39
425 39
426 28
427 39
428 22
429 39
430 39
431 0
432 0
433 19
434 0
435 0
436 0
437 0
438 0
439 0
440 0
441 0
442 0
443 0
444 9
445 9
446 9
447 9
448 9
449 9
450 9
451 9
452 9
453 9
454 9
455 9
456 9
457 9
458 9
459 9
460 9
461 9
462 9
463 9
464 9
465 9
466 9
467 9
468 9
469 9
470 9
471 9
472 9
473 9
474 9
475 23
476 23
477 9
478 1
479 1
480 1
481 1
482 4
483 1
484 1
485 34
486 1
487 32
488 16
489 16
490 15
491 19
492 15
493 33
494 15
495 19
496 15
497 15
498 25
499 8
500 15
501 15
502 15
503 15
504 0
505 16
506 15
507 19
508 19
509 22
510 22
511 15
512 11
513 16
514 19
515 16
516 17
517 1
518 17
519 17
520 17
521 19
522 18
523 17
524 18
525 13
526 17
527 17
528 19
529 18
530 17
531 3
532 18
533 33
534 17
535 18
536 19
537 17
538 14
539 14
540 18
541 13
542 17
543 19
544 18
545 18
546 18
547 17
548 36
549 19
550 19
551 36
552 19
553 11
554 19
555 18
556 19
557 19
558 19
559 19
560 17
561 12
562 12
563 26
564 0
565 26
566 1
567 26
568 26
569 26
570 26
571 26
572 10
573 39
574 26
575 26
576 26
577 29
578 26
579 26
580 26
581 26
582 26
583 26
584 26
585 26
586 26
587 26
588 5
589 5
590 5
591 5
592 5
593 5
594 6
595 6
596 6
597 6
598 6
599 19
600 6
601 2
602 6
603 6
604 18
605 19
606 18
607 19
608 18
609 18
610 18
611 19
612 19
613 19
614 17
615 8
616 12
617 18
618 18
619 25
620 25
621 25
622 25
623 21
624 25
625 25
626 30
627 21
628 15
629 25
630 25
631 1
632 1
633 0
634 1
635 1
636 4
637 4
638 4
639 4
640 25
641 4
642 4
643 4
644 4
645 7
646 22
647 4
648 25
649 4
650 28
651 25
652 25
653 25
654 25
655 4
656 38
657 31
658 0
659 0
660 31
661 30
662 31
663 18
664 3
665 14
666 4
667 15
668 17
669 4
670 13
671 4
672 11
673 13
674 13
675 37
676 23
677 23
678 8
679 21
680 24
681 23
682 23
683 23
684 23
685 23
686 27
687 24
688 32
689 29
690 23
691 29
692 23
693 25
694 25
695 25
696 0
697 21
698 25
699 25
700 27
701 28
702 25
703 26
704 27
705 25
706 25
707 25
708 36
709 36
710 36
711 36
712 36
713 36
714 36
715 36
716 36
717 36
718 35
719 36
720 19
721 36
722 35
723 36
724 18
725 18
726 11
727 11
728 15
729 8
730 8
731 8
732 8
733 1
734 22
735 8
736 8
737 32
738 9
739 8
740 8
741 32
742 8
743 8
744 8
745 8
746 0
747 0
748 0
749 0
750 0
751 0
752 8
753 0
754 0
755 0
756 39
757 0
758 0
759 0
760 0
761 0
762 10
763 35
764 10
765 35
766 10
767 10
768 10
769 10
770 10
771 10
772 10
773 10
774 10
775 10
776 21
777 21
778 21
779 34
780 21
781 21
782 21
783 39
784 0
785 39
786 39
787 39
788 39
789 39
790 39
791 39
792 19
793 19
794 19
795 22
796 19
797 30
798 30
799 30
800 30
801 30
802 30
803 30
804 30
805 30
806 24
807 24
808 24
809 24
810 36
811 24
812 25
813 25
814 25
815 25
816 25
817 7
818 7
819 7
820 7
821 7
822 7
823 7
824 7
825 7
826 7
827 7
828 22
829 22
830 22
831 22
832 19
833 19
834 1
835 1
836 1
837 1
838 27
839 1
840 1
841 1
842 1
843 1
844 38
845 38
846 38
847 1
848 1
849 1
850 3
851 1
852 1
853 28
854 26
855 26
856 26
857 26
858 26
859 0
860 0
861 14
862 14
863 14
864 11
865 11
866 11
867 11
868 10
869 11
870 10
871 10
872 10
873 10
874 11
875 11
876 11
877 18
878 18
879 18
880 18
881 18
882 18
883 18
884 19
885 19
886 19
887 19
888 24
889 24
890 24
891 24
892 24
893 24
894 24
895 24
896 24
897 24
898 24
899 24
900 38
901 24
902 24
903 24
904 24
905 24
906 24
907 24
908 23
909 24
910 28
911 28
912 28
913 28
914 24
915 28
916 28
917 26
918 28
919 28
920 28
921 26
922 28
923 28
924 28
925 28
926 28
927 27
928 2
929 24
930 25
931 20
932 25
933 25
934 11
935 25
936 25
937 25
938 25
939 11
940 25
941 25
942 37
943 25
944 32
945 32
946 32
947 33
948 31
949 32
950 32
951 32
952 32
953 32
954 32
955 32
956 32
957 32
958 32
959 32
960 32
961 32
962 32
963 32
964 33
965 32
966 32
967 32
968 38
969 33
970 32
971 32
972 32
973 3
974 32
975 37
976 32
977 35
978 32
979 1
980 1
981 1
982 1
983 1
984 1
985 1
986 22
987 1
988 1
989 1
990 1
991 1
992 1
993 22
994 22
995 22
996 22
997 22
998 22
999 22
1000 22
1001 22
1002 22
1003 22
1004 23
1005 23
1006 22
1007 22
1008 23
1009 22
1010 22
1011 22
1012 22
1013 22
1014 33
1015 33
1016 11
1017 39
1018 33
1019 33
1020 33
1021 8
1022 34
1023 33
1024 11
1025 34
1026 33
1027 7
1028 7
1029 7
1030 7
1031 7
1032 7
1033 7
1034 0
1035 0
1036 0
1037 0
1038 0
1039 0
1040 0
1041 5
1042 22
1043 22
1044 22
1045 33
1046 34
1047 22
1048 25
1049 25
1050 25
1051 2
1052 2
1053 2
1054 37
1055 8
1056 2
1057 2
1058 2
1059 2
1060 2
1061 2
1062 2
1063 2
1064 4
1065 3
1066 2
1067 13
1068 2
1069 16
1070 3
1071 3
1072 3
1073 3
1074 13
1075 13
1076 34
1077 34
1078 13
1079 13
1080 13
1081 34
1082 13
1083 13
1084 13
1085 13
1086 4
1087 4
1088 5
1089 5
1090 5
1091 5
1092 5
1093 5
1094 5
1095 5
1096 36
1097 5
1098 5
1099 5
1100 16
1101 16
1102 30
1103 30
1104 30
1105 30
1106 30
1107 30
1108 30
1109 30
1110 30
1111 30
1112 30
1113 30
1114 30
1115 30
1116 30
1117 30
1118 30
1119 30
1120 2
1121 30
1122 30
1123 0
1124 0
1125 0
1126 0
1127 0
1128 0
1129 11
1130 0
1131 0
1132 0
1133 12
1134 17
1135 12
1136 12
1137 12
1138 12
1139 12
1140 12
1141 12
1142 12
1143 12
1144 12
1145 12
1146 12
1147 12
1148 12
1149 12
1150 12
1151 12
1152 12
1153 14
1154 12
1155 12
1156 34
1157 34
1158 34
1159 34
1160 34
1161 34
1162 34
1163 34
1164 34
1165 26
1166 28
1167 20
1168 34
1169 34
1170 34
1171 34
1172 34
1173 34
1174 34
1175 34
1176 34
1177 16
1178 7
1179 7
1180 7
1181 7
1182 7
1183 7
1184 7
1185 7
1186 30
1187 30
1188 30
1189 30
1190 30
1191 30
1192 31
1193 31
1194 31
1195 31
1196 31
1197 31
1198 31
1199 31
1200 31
1201 31
1202 31
1203 13
1204 13
1205 13
1206 13
1207 13
1208 8
1209 13
1210 13
1211 13
1212 13
1213 13
1214 13
1215 13
1216 13
1217 2
1218 2
1219 2
1220 2
1221 2
1222 2
1223 2
1224 2
1225 2
1226 2
1227 2
1228 2
1229 27
1230 27
1231 27
1232 27
1233 27
1234 27
1235 27
1236 21
1237 21
1238 21
1239 21
1240 21
1241 21
1242 21
1243 21
1244 21
1245 21
1246 21
1247 21
1248 21
1249 21
1250 21
1251 21
1252 21
1253 21
1254 21
1255 21
1256 21
1257 21
1258 21
1259 21
1260 21
1261 21
1262 21
1263 21
1264 21
1265 21
1266 21
1267 21
1268 21
1269 21
1270 21
1271 21
1272 21
1273 21
1274 21
1275 21
1276 21
1277 21
1278 21
1279 0
1280 0
1281 0
1282 7
1283 7
1284 7
1285 7
1286 7
1287 21
1288 30
1289 30
1290 29
1291 34
1292 29
1293 29
1294 29
1295 29
1296 29
1297 29
1298 2
1299 2
1300 2
1301 2
1302 2
1303 2
1304 2
1305 2
1306 2
1307 2
1308 2
1309 2
1310 2
1311 2
1312 2
1313 2
1314 2
1315 2
1316 2
1317 2
1318 2
1319 2
1320 2
1321 2
1322 2
1323 2
1324 34
1325 34
1326 34
1327 34
1328 34
1329 34
1330 10
1331 10
1332 4
1333 4
1334 17
1335 1
1336 4
1337 4
1338 1
1339 4
1340 36
1341 11
1342 35
1343 5
1344 11
1345 3
1346 3
1347 3
1348 3
1349 3
1350 3
1351 3
1352 3
1353 3
1354 4
1355 4
1356 4
1357 4
1358 4
1359 4
1360 4
1361 4
1362 4
1363 4
1364 4
1365 4
1366 4
1367 32
1368 34
1369 34
1370 34
1371 34
1372 34
1373 29
1374 29
1375 29
1376 29
1377 29
1378 29
1379 29
1380 22
1381 3
1382 36
1383 36
1384 36
1385 36
1386 36
1387 36
1388 36
1389 36
1390 39
1391 36
1392 36
1393 36
1394 36
1395 36
1396 18
1397 38
1398 38
1399 38
1400 38
1401 34
1402 38
1403 0
1404 3
1405 3
1406 3
1407 8
1408 8
1409 8
1410 8
1411 8
1412 8
1413 8
1414 8
1415 22
1416 22
1417 22
1418 22
1419 22
1420 22
1421 22
1422 31
1423 31
1424 31
1425 31
1426 31
1427 31
1428 31
1429 31
1430 31
1431 31
1432 2
1433 2
1434 2
1435 2
1436 2
1437 2
1438 2
1439 34
1440 36
1441 34
1442 36
1443 13
1444 34
1445 33
1446 13
1447 34
1448 9
1449 30
1450 30
1451 30
1452 30
1453 30
1454 33
1455 30
1456 30
1457 30
1458 30
1459 30
1460 9
1461 9
1462 9
1463 9
1464 9
1465 9
1466 9
1467 9
1468 9
1469 9
1470 9
1471 9
1472 9
1473 9
1474 32
1475 32
1476 32
1477 32
1478 23
1479 32
1480 29
1481 29
1482 29
1483 29
1484 27
1485 29
1486 29
1487 29
1488 29
1489 33
1490 33
1491 39
1492 39
1493 39
1494 35
1495 39
1496 39
1497 39
1498 16
1499 39
1500 39
1501 39
1502 37
1503 39
1504 39
1505 39
1506 34
1507 39
1508 16
1509 39
1510 39
1511 31
1512 31
1513 31
1514 31
1515 27
1516 27
1517 27
1518 27
1519 27
1520 11
1521 27
1522 11
1523 27
1524 27
1525 11
1526 10
1527 11
1528 10
1529 10
1530 11
1531 11
1532 10
1533 5
1534 10
1535 10
1536 10
1537 11
1538 10
1539 10
1540 22
1541 10
1542 10
1543 10
1544 10
1545 10
1546 10
1547 10
1548 10
1549 10
1550 10
1551 10
1552 10
1553 22
1554 11
1555 10
1556 10
1557 1
1558 1
1559 7
1560 1
1561 1
1562 17
1563 35
1564 35
1565 35
1566 35
1567 35
1568 38
1569 8
1570 8
1571 8
1572 12
1573 12
1574 12
1575 12
1576 29
1577 29
1578 29
1579 29
1580 29
1581 29
1582 30
1583 26
1584 26
1585 26
1586 26
1587 24
1588 24
1589 24
1590 24
1591 24
1592 20
1593 27
1594 28
1595 28
1596 28
1597 28
1598 5
1599 24
1600 24
1601 24
1602 24
1603 24
1604 24
1605 24
1606 24
1607 24
1608 24
1609 24
1610 24
1611 23
1612 24
1613 24
1614 24
1615 24
1616 24
1617 24
1618 28
1619 28
1620 2
1621 2
1622 28
1623 5
1624 5
1625 5
1626 5
1627 33
1628 33
1629 33
1630 33
1631 33
1632 33
1633 23
1634 23
1635 20
1636 20
1637 20
1638 20
1639 20
1640 20
1641 20
1642 20
1643 7
1644 7
1645 7
1646 7
1647 3
1648 3
1649 3
1650 3
1651 3
1652 3
1653 3
1654 3
1655 3
1656 3
1657 3
1658 3
1659 3
1660 3
1661 28
1662 28
1663 28
1664 28
1665 28
1666 22
1667 22
1668 37
1669 22
1670 22
1671 22
1672 22
1673 22
1674 21
1675 25
1676 15
1677 25
1678 25
1679 21
1680 25
1681 25
1682 25
1683 25
1684 25
1685 28
1686 3
1687 3
1688 5
1689 5
1690 22
1691 22
1692 38
1693 22
1694 33
1695 27
1696 21
1697 27
1698 3
1699 3
1700 19
1701 29
1702 29
1703 26
1704 26
1705 36
1706 36
1707 36
1708 36
1709 36
1710 0
1711 13
1712 15
1713 15
1714 15
1715 15
1716 32
1717 32
1718 24
1719 24
1720 24
1721 24
1722 24
1723 24
1724 24
1725 24
1726 24
1727 3
1728 7
1729 39
1730 10
1731 11
1732 10
1733 11
1734 10
1735 10
1736 10
1737 10
1738 10
1739 10
1740 10
1741 10
1742 10
1743 10
1744 10
1745 6
1746 6
1747 9
1748 6
1749 6
1750 6
1751 6
1752 6
1753 6
1754 6
1755 9
1756 3
1757 2
1758 3
1759 23
1760 17
1761 3
1762 3
1763 20
1764 3
1765 3
1766 37
1767 27
1768 30
1769 25
1770 10
1771 8
1772 11
1773 11
1774 11
1775 11
1776 11
1777 20
1778 20
1779 20
1780 12
1781 12
1782 12
1783 3
1784 12
1785 12
1786 12
1787 12
1788 12
1789 12
1790 12
1791 12
1792 12
1793 10
1794 10
1795 10
1796 10
1797 10
1798 10
1799 10
1800 10
1801 11
1802 10
1803 10
1804 10
1805 10
1806 10
1807 10
1808 2
1809 29
1810 29
1811 29
1812 29
1813 29
1814 29
1815 29
1816 29
1817 29
1818 29
1819 20
1820 20
1821 20
1822 20
1823 20
1824 20
1825 20
1826 25
1827 25
1828 25
1829 25
1830 11
1831 11
1832 11
1833 10
1834 11
1835 11
1836 11
1837 7
1838 7
1839 33
1840 33
1841 33
1842 33
1843 14
1844 33
1845 33
1846 33
1847 33
1848 33
1849 21
1850 19
1851 13
1852 19
1853 19
1854 17
1855 13
1856 19
1857 33
1858 13
1859 33
1860 30
1861 30
1862 30
1863 30
1864 36
1865 30
1866 33
1867 33
1868 30
1869 30
1870 30
1871 4
1872 4
1873 4
1874 4
1875 4
1876 4
1877 4
1878 4
1879 4
1880 4
1881 4
1882 4
1883 4
1884 4
1885 4
1886 4
1887 4
1888 4
1889 4
1890 4
1891 4
1892 4
1893 4
1894 4
1895 4
1896 4
1897 4
1898 4
1899 4
1900 4
1901 4
1902 4
1903 4
1904 4
1905 22
1906 26
1907 30
1908 30
1909 20
1910 30
1911 30
1912 37
1913 1
1914 1
1915 1
1916 29
1917 1
1918 2
1919 2
1920 1
1921 1
1922 1
1923 1
1924 10
1925 10
1926 10
1927 29
1928 1
1929 1
1930 9
1931 9
1932 9
1933 9
1934 9
1935 9
1936 16
1937 16
1938 12
1939 12
1940 12
1941 12
1942 12
1943 12
1944 33
1945 33
1946 33
1947 33
1948 33
1949 34
1950 33
1951 25
1952 28
1953 27
1954 27
1955 25
1956 28
1957 25
1958 25
1959 37
1960 38
1961 38
1962 38
1963 23
1964 23
1965 38
1966 38
1967 23
1968 38
1969 38
1970 38
1971 23
1972 38
1973 38
1974 23
1975 23
1976 23
1977 23
1978 38
1979 38
1980 23
1981 23
1982 23
1983 5
1984 5
1985 5
1986 29
1987 29
1988 12
1989 12
1990 12
1991 28
1992 12
1993 12
1994 28
1995 28
1996 28
1997 36
1998 7
1999 7
2000 7
2001 1
2002 10
2003 10
2004 10
2005 9
2006 19
2007 28
2008 19
2009 19
2010 27
2011 28
2012 28
2013 28
2014 28
2015 28
2016 28
2017 36
2018 36
2019 36
2020 36
2021 36
2022 31
2023 31
2024 31
2025 31
2026 31
2027 11
2028 11
2029 11
2030 30
2031 28
2032 30
2033 30
2034 3
2035 2
2036 2
2037 2
2038 13
2039 10
2040 10
2041 10
2042 24
2043 24
2044 19
2045 19
2046 24
2047 27
2048 27
2049 27
2050 27
2051 27
2052 27
2053 27
2054 27
2055 27
2056 27
2057 27
2058 27
2059 29
2060 29
2061 2
2062 2
2063 2
2064 2
2065 2
2066 20
2067 20
2068 20
2069 20
2070 20
2071 20
2072 20
2073 31
2074 35
2075 36
2076 36
2077 36
2078 36
2079 36
2080 36
2081 36
2082 33
2083 32
2084 33
2085 33
2086 33
2087 33
2088 3
2089 18
2090 3
2091 3
2092 3
2093 33
2094 33
2095 33
2096 34
2097 34
2098 34
2099 34
2100 34
2101 34
2102 34
2103 7
2104 7
2105 0
2106 32
2107 32
2108 32
2109 0
2110 0
2111 0
2112 0
2113 34
2114 34
2115 34
2116 34
2117 4
2118 27
2119 4
2120 4
2121 25
2122 25
2123 25
2124 20
2125 20
2126 20
2127 20
2128 20
2129 20
2130 20
2131 1
2132 1
2133 1
2134 1
2135 1
2136 1
2137 1
2138 9
2139 9
2140 23
2141 6
2142 30
2143 26
2144 26
2145 26
2146 26
2147 18
2148 9
2149 8
2150 22
2151 22
2152 8
2153 8
2154 6
2155 6
2156 6
2157 6
2158 6
2159 6
2160 12
2161 12
2162 21
2163 11
2164 11
2165 11
2166 11
2167 11
2168 11
2169 11
2170 11
2171 11
2172 12
2173 11
2174 11
2175 11
2176 23
2177 23
2178 23
2179 23
2180 23
2181 23
2182 23
2183 24
2184 24
2185 9
2186 34
2187 34
2188 13
2189 13
2190 13
2191 32
2192 32
2193 32
2194 32
2195 32
2196 32
2197 14
2198 15
2199 15
2200 9
2201 9
2202 38
2203 38
2204 33
2205 33
2206 27
2207 7
2208 7
2209 33
2210 33
2211 19
2212 19
2213 4
2214 3
2215 3
2216 3
2217 3
2218 5
2219 5
2220 5
2221 25
2222 25
2223 25
2224 25
2225 25
2226 3
2227 35
2228 35
2229 35
2230 35
2231 35
2232 35
2233 35
2234 35
2235 35
2236 35
2237 35
2238 35
2239 35
2240 35
2241 35
2242 35
2243 35
2244 21
2245 15
2246 15
2247 15
2248 15
2249 15
2250 1
2251 29
2252 21
2253 29
2254 21
2255 29
2256 29
2257 22
2258 22
2259 22
2260 22
2261 22
2262 22
2263 16
2264 23
2265 23
2266 23
2267 23
2268 23
2269 23
2270 23
2271 28
2272 28
2273 28
2274 28
2275 28
2276 28
2277 28
2278 28
2279 20
2280 20
2281 20
2282 20
2283 24
2284 13
2285 34
2286 34
2287 30
2288 32
2289 32
2290 32
2291 32
2292 32
2293 32
2294 0
2295 25
2296 25
2297 25
2298 25
2299 25
2300 24
2301 38
2302 38
2303 38
2304 38
2305 38
2306 38
2307 38
2308 38
2309 27
2310 38
2311 38
2312 28
2313 33
2314 37
2315 25
2316 25
2317 25
2318 25
2319 39
2320 39
2321 2
2322 39
2323 39
2324 39
2325 39
2326 34
2327 14
2328 32
2329 14
2330 14
2331 22
2332 23
2333 23
2334 23
2335 23
2336 23
2337 23
2338 36
2339 20
2340 21
2341 21
2342 21
2343 21
2344 15
2345 29
2346 29
2347 29
2348 29
2349 29
2350 28
2351 29
2352 29
2353 29
2354 24
2355 3
2356 3
2357 3
2358 3
2359 3
2360 3
2361 34
2362 22
2363 22
2364 34
2365 22
2366 34
2367 34
2368 34
2369 34
2370 34
2371 34
2372 34
2373 34
2374 34
2375 13
2376 34
2377 13
2378 13
2379 13
2380 13
2381 35
2382 35
2383 35
2384 35
2385 35
2386 12
2387 12
2388 26
2389 26
2390 14
2391 14
2392 14
2393 14
2394 14
2395 14
2396 14
2397 14
2398 37
2399 37
2400 37
2401 37
2402 37
2403 37
2404 37
2405 37
2406 37
2407 37
2408 13
2409 13
2410 13
2411 13
2412 13
2413 13
2414 13
2415 1
2416 25
2417 20
2418 20
2419 20
2420 20
2421 20
2422 20
2423 23
2424 13
2425 14
2426 11
2427 10
2428 5
2429 5
2430 5
2431 5
2432 0
2433 0
2434 11
2435 19
2436 19
2437 19
2438 19
2439 19
2440 17
2441 17
2442 17
2443 17
2444 19
2445 13
2446 19
2447 19
2448 19
2449 18
2450 19
2451 13
2452 19
2453 18
2454 19
2455 19
2456 19
2457 10
2458 11
2459 13
2460 13
2461 13
2462 19
2463 13
2464 13
2465 13
2466 13
2467 13
2468 14
2469 35
2470 35
2471 35
2472 11
2473 0
2474 0
2475 6
2476 6
2477 6
2478 6
2479 6
2480 37
2481 37
2482 37
2483 37
2484 37
2485 37
2486 37
2487 37
2488 37
2489 37
2490 16
2491 37
2492 37
2493 19
2494 1
2495 1
2496 1
2497 1
2498 1
2499 1
2500 16
2501 18
2502 18
2503 18
2504 18
2505 18
2506 18
2507 25
2508 25
2509 25
2510 25
2511 25
2512 25
2513 25
2514 27
2515 27
2516 17
2517 24
2518 36
2519 19
2520 30
2521 30
2522 30
2523 29
2524 26
2525 25
2526 25
2527 37
2528 37
2529 25
2530 25
2531 37
2532 33
2533 33
2534 31
2535 31
2536 31
2537 31
2538 33
2539 31
2540 31
2541 31
2542 31
2543 31
2544 31
2545 31
2546 31
2547 31
2548 31
2549 31
2550 31
2551 31
2552 31
2553 19
2554 19
2555 25
2556 4
2557 24
2558 24
2559 24
2560 24
2561 24
2562 24
2563 24
2564 15
2565 15
2566 15
2567 15
2568 15
2569 5
2570 5
2571 5
2572 5
2573 5
2574 5
2575 5
2576 5
2577 5
2578 5
2579 5
2580 35
2581 35
2582 34
2583 37
2584 37
2585 17
2586 37
2587 39
2588 39
2589 39
2590 35
2591 35
2592 39
2593 35
2594 35
2595 35
2596 2
2597 36
2598 36
2599 12
2600 12
2601 12
2602 25
2603 25
2604 37
2605 1
2606 1
2607 1
2608 1
2609 1
2610 1
2611 37
2612 38
2613 38
2614 38
2615 38
2616 38
2617 30
2618 30
2619 30
2620 30
2621 30
2622 30
2623 26
2624 36
2625 13
2626 14
2627 14
2628 16
2629 14
2630 14
2631 14
2632 14
2633 14
2634 14
2635 14
2636 17
2637 11
2638 11
2639 16
2640 21
2641 27
2642 39
2643 39
2644 39
2645 36
2646 36
2647 36
2648 36
2649 36
2650 36
2651 26
2652 6
2653 37
2654 37
2655 37
2656 35
2657 35
2658 35
2659 35
2660 35
2661 35
2662 35
2663 35
2664 35
2665 35
2666 23
2667 35
2668 35
2669 35
2670 35
2671 39
2672 39
2673 12
2674 39
2675 39
2676 39
2677 38
2678 38
2679 26
2680 26
2681 26
2682 26
2683 26
2684 26
2685 29
2686 29
2687 29
2688 29
2689 29
2690 29
2691 29
2692 29
2693 29
2694 5
2695 5
2696 5
2697 5
2698 5
2699 5
2700 5
2701 5
2702 5
2703 5
2704 22
2705 22
2706 22
2707 22
2708 22
2709 22
2710 22
2711 26
2712 26
2713 26
2714 26
2715 26
2716 26
2717 26
2718 1
2719 17
2720 1
2721 32
2722 32
2723 32
2724 32
2725 32
2726 32
2727 32
2728 33
2729 33
2730 33
2731 33
2732 33
2733 33
2734 33
2735 33
2736 33
2737 38
2738 38
2739 38
2740 38
2741 38
2742 38
2743 38
2744 38
2745 14
2746 34
2747 8
2748 28
2749 28
2750 27
2751 27
2752 27
2753 27
2754 27
2755 27
2756 38
2757 36
2758 36
2759 32
2760 32
2761 32
2762 32
2763 32
2764 33
2765 20
2766 33
2767 31
2768 31
2769 17
2770 17
2771 17
2772 17
2773 17
2774 17
2775 17
2776 37
2777 18
2778 18
2779 18
2780 18
2781 17
2782 17
2783 2
2784 27
2785 27
2786 27
2787 27
2788 38
2789 38
2790 38
2791 38
2792 38
2793 8
2794 25
2795 11
2796 11
2797 11
2798 11
2799 11
2800 11
2801 16
2802 16
2803 16
2804 16
2805 16
2806 1
2807 20
2808 27
2809 9
2810 9
2811 9
2812 9
2813 35
2814 35
2815 35
2816 35
2817 35
2818 35
2819 35
2820 38
2821 6
2822 20
2823 13
2824 30
2825 30
2826 30
2827 35
2828 35
2829 0
2830 0
2831 0
2832 0
2833 0
2834 0
2835 0
2836 0
2837 7
2838 26
2839 7
2840 5
2841 5
2842 5
2843 10
2844 10
2845 12
2846 12
2847 15
2848 12
2849 14
2850 14
2851 14
2852 33
2853 2
2854 2
2855 2
2856 2
2857 2
2858 2
2859 2
2860 25
2861 25
2862 25
2863 7
2864 16
2865 16
2866 16
2867 16
2868 13
2869 21
2870 21
2871 21
2872 21
2873 21
2874 21
2875 36
2876 21
2877 21
2878 21
2879 23
2880 21
2881 34
2882 21
2883 21
2884 27
2885 27
2886 20
2887 30
2888 30
2889 3
2890 19
2891 3
2892 3
2893 3
2894 2
2895 3
2896 3
2897 14
2898 14
2899 17
2900 17
2901 17
2902 17
2903 8
2904 8
2905 8
2906 8
2907 24
2908 39
2909 39
2910 39
2911 39
2912 24
2913 24
2914 12
2915 1
2916 23
2917 23
2918 26
2919 8
2920 8
2921 8
2922 8
2923 8
2924 8
2925 8
2926 7
2927 7
2928 17
2929 17
2930 17
2931 17
2932 17
2933 12
2934 15
2935 34
2936 34
2937 34
2938 38
2939 38
2940 38
2941 38
2942 38
2943 38
2944 38
2945 19
2946 38
2947 38
2948 38
2949 38
2950 3
2951 3
2952 23
2953 17
2954 17
2955 17
2956 6
2957 17
2958 17
2959 17
2960 17
2961 17
2962 17
2963 23
2964 23
2965 23
2966 13
2967 13
2968 13
2969 13
2970 13
2971 14
2972 14
2973 14
2974 14
2975 14
2976 14
2977 14
2978 14
2979 14
2980 23
2981 24
2982 24
2983 24
2984 24
2985 24
2986 24
2987 24
2988 23
2989 23
2990 0
2991 0
2992 0
2993 0
2994 24
2995 24
2996 21
2997 21
2998 15
2999 22
3000 22
3001 22
3002 22
3003 22
3004 9
3005 9
3006 15
3007 15
3008 15
3009 15
3010 15
3011 22
3012 23
3013 9
3014 9
3015 9
3016 9
3017 9
3018 36
3019 36
3020 20
3021 20
3022 20
3023 20
3024 20
3025 20
3026 20
3027 20
3028 20
3029 20
3030 18
3031 6
3032 6
3033 6
3034 24
3035 19
3036 7
3037 7
3038 7
3039 7
3040 7
3041 20
3042 7
3043 7
3044 7
3045 7
3046 7
3047 14
3048 14
3049 14
3050 26
3051 26
3052 26
3053 26
3054 5
3055 5
3056 5
3057 5
3058 5
3059 5
3060 5
3061 39
3062 7
3063 23
3064 23
3065 23
3066 33
3067 33
3068 32
3069 32
3070 32
3071 1
3072 5
3073 5
3074 5
3075 5
3076 5
3077 16
3078 16
3079 16
3080 16
3081 16
3082 23
3083 23
3084 25
3085 39
3086 39
3087 39
3088 39
3089 31
3090 31
3091 38
3092 38
3093 38
3094 39
3095 39
3096 39
3097 39
3098 38
3099 30
3100 4
3101 4
3102 36
3103 27
3104 11
3105 30
3106 30
3107 20
3108 20
3109 22
3110 22
3111 22
3112 13
3113 19
3114 19
3115 13
3116 11
3117 11
3118 11
3119 9
3120 9
3121 34
3122 9
3123 9
3124 10
3125 10
3126 10
3127 10
3128 26
3129 2
3130 2
3131 20
3132 20
3133 30
3134 11
3135 11
3136 11
3137 11
3138 11
3139 11
3140 11
3141 10
3142 10
3143 39
3144 39
3145 39
3146 28
3147 39
3148 39
3149 39
3150 39
3151 28
3152 39
3153 1
3154 2
3155 2
3156 19
3157 19
3158 6
3159 39
3160 39
3161 39
3162 39
3163 28
3164 33
3165 33
3166 33
3167 33
3168 33
3169 14
3170 29
3171 29
3172 29
3173 34
3174 34
3175 23
3176 23
3177 36
3178 36
3179 36
3180 0
3181 16
3182 19
3183 14
3184 14
3185 14
3186 14
3187 14
3188 14
3189 14
3190 37
3191 37
3192 37
3193 4
3194 4
3195 35
3196 35
3197 35
3198 35
3199 35
3200 13
3201 13
3202 2
3203 2
3204 17
3205 17
3206 17
3207 27
3208 27
3209 23
3210 23
3211 23
3212 32
3213 32
3214 32
3215 32
3216 22
3217 22
3218 22
3219 22
3220 22
3221 39
3222 39
3223 39
3224 39
3225 39
3226 39
3227 39
3228 39
3229 39
3230 3
3231 3
3232 3
3233 4
3234 34
3235 39
3236 34
3237 34
3238 31
3239 34
3240 34
3241 34
3242 31
3243 31
3244 3
3245 20
3246 20
3247 20
3248 31
3249 20
3250 39
3251 33
3252 33
3253 33
3254 35
3255 33
3256 33
3257 33
3258 31
3259 35
3260 31
3261 33
3262 31
3263 33
3264 33
3265 14
3266 13
3267 13
3268 4
3269 13
3270 13
3271 13
3272 13
3273 33
3274 38
3275 38
3276 38
3277 38
3278 38
3279 38
3280 38
3281 38
3282 11
3283 31
3284 37
3285 11
3286 31
3287 31
3288 31
3289 31
3290 31
3291 1
3292 10
3293 10
3294 10
3295 10
3296 19
3297 19
3298 19
3299 19
3300 19
3301 19
3302 27
3303 27
3304 27
3305 27
3306 27
3307 27
3308 27
3309 27
3310 27
3311 27
3312 27
3313 27
3314 27
3315 27
3316 27
3317 27
3318 38
3319 38
3320 38
3321 1
3322 10
3323 10
3324 33
3325 5
3326 5
3327 14
3328 19
3329 19
3330 14
3331 5
3332 21
3333 29
3334 14
3335 29
3336 19
3337 21
3338 19
3339 19
3340 12
3341 19
3342 9
3343 8
3344 8
3345 8
3346 8
3347 8
3348 8
3349 8
3350 8
3351 8
3352 8
3353 8
3354 8
3355 8
3356 8
3357 7
3358 18
3359 14
3360 14
3361 14
3362 14
3363 14
3364 12
3365 12
3366 12
3367 12
3368 12
3369 12
3370 12
3371 12
3372 12
3373 12
3374 15
3375 15
3376 28
3377 37
3378 37
3379 37
3380 37
3381 37
3382 37
3383 37
3384 37
3385 37
3386 25
3387 25
3388 25
3389 33
3390 33
3391 35
3392 35
3393 35
3394 35
3395 35
3396 35
3397 16
3398 16
3399 16
3400 16
3401 16
3402 16
3403 16
3404 16
3405 16
3406 16
3407 16
3408 16
3409 16
3410 11
3411 7
3412 7
3413 33
3414 33
3415 31
3416 31
3417 31
3418 31
3419 31
3420 29
3421 29
3422 21
3423 21
3424 23
3425 23
3426 23
3427 26
3428 26
3429 26
3430 33
3431 35
3432 35
3433 35
3434 15
3435 15
3436 20
3437 18
3438 18
3439 18
3440 3
3441 18
3442 18
3443 17
3444 17
3445 17
3446 17
3447 25
3448 39
3449 38
3450 39
3451 12
3452 0
3453 0
3454 0
3455 8
3456 8
3457 8
3458 8
3459 8
3460 8
3461 8
3462 8
3463 8
3464 8
3465 8
3466 8
3467 8
3468 8
3469 8
3470 8
3471 8
3472 8
3473 8
3474 8
3475 8
3476 8
3477 8
3478 8
3479 8
3480 8
3481 8
3482 8
3483 8
3484 32
3485 32
3486 0
3487 0
3488 0
3489 26
3490 26
3491 27
3492 27
3493 27
3494 27
3495 14
3496 14
3497 14
3498 14
3499 20
3500 37
3501 35
3502 35
3503 35
3504 11
3505 35
3506 35
3507 35
3508 35
3509 23
3510 23
3511 23
3512 23
3513 23
3514 23
3515 23
3516 23
3517 6
3518 6
3519 6
3520 6
3521 6
3522 6
3523 6
3524 6
3525 6
3526 6
3527 6
3528 6
3529 6
3530 6
3531 6
3532 6
3533 6
3534 6
3535 6
3536 6
3537 6
3538 6
3539 6
3540 1
3541 1
3542 1
3543 12
3544 20
3545 20
3546 20
3547 20
3548 18
3549 18
3550 27
3551 30
3552 30
3553 30
3554 29
3555 29
3556 29
3557 31
3558 31
3559 19
3560 9
3561 9
3562 9
3563 9
3564 18
3565 18
3566 18
3567 18
3568 18
3569 33
3570 33
3571 33
3572 25
3573 12
3574 12
3575 31
3576 31
3577 31
3578 31
3579 31
3580 31
3581 31
3582 31
3583 31
3584 31
3585 31
3586 31
3587 38
3588 19
3589 32
3590 19
3591 2
3592 39
3593 1
3594 15
3595 15
3596 3
3597 5
3598 13
3599 17
3600 17
3601 14
3602 8
3603 36
3604 35
3605 37
3606 37
3607 37
3608 37
3609 37
3610 32
3611 28
3612 28
3613 3
3614 3
3615 3
3616 3
3617 37
3618 37
3619 36
3620 36
3621 38
3622 38
3623 38
3624 29
3625 29
3626 29
3627 29
3628 29
3629 29
3630 37
3631 37
3632 13
3633 37
3634 37
3635 37
3636 9
3637 37
3638 20
3639 20
3640 22
3641 22
3642 22
3643 32
3644 32
3645 32
3646 32
3647 32
3648 32
3649 32
3650 32
3651 32
3652 32
3653 31
3654 31
3655 33
3656 11
3657 34
3658 6
3659 6
3660 6
3661 6
3662 6
3663 6
3664 6
3665 6
3666 6
3667 6
3668 6
3669 6
3670 6
3671 6
3672 6
3673 6
3674 6
3675 6
3676 6
3677 6
3678 6
3679 6
3680 6
3681 6
3682 6
3683 6
3684 6
3685 6
3686 6
3687 6
3688 6
3689 6
3690 6
3691 6
3692 5
3693 5
3694 5
3695 23
3696 31
3697 39
3698 36
3699 36
3700 36
3701 36
3702 10
3703 37
3704 27
3705 27
3706 27
3707 5
3708 4
3709 4
3710 14
3711 14
3712 14
3713 13
3714 13
3715 13
3716 13
3717 13
3718 13
3719 13
3720 22
3721 35
3722 35
3723 35
3724 35
3725 23
3726 14
3727 14
3728 14
3729 24
3730 23
3731 23
3732 31
3733 5
3734 8
3735 8
3736 8
3737 8
3738 36
3739 9
3740 9
3741 9
3742 9
3743 9
3744 12
3745 12
3746 12
3747 12
3748 12
3749 12
3750 12
3751 12
3752 12
3753 12
3754 12
3755 12
3756 20
3757 20
3758 17
3759 17
3760 17
3761 27
3762 30
3763 22
3764 22
3765 16
3766 16
3767 16
3768 13
3769 13
3770 13
3771 13
3772 29
3773 38
3774 38
3775 37
3776 37
3777 37
3778 37
3779 37
3780 8
3781 16
3782 27
3783 27
3784 4
3785 4
3786 4
3787 4
3788 4
3789 30
3790 30
3791 30
3792 5
3793 5
3794 31
3795 31
3796 31
3797 23
3798 23
3799 23
3800 13
3801 13
3802 13
3803 37
3804 8
3805 8
3806 2
3807 38
3808 38
3809 37
3810 37
3811 37
3812 37
3813 37
3814 37
3815 27
3816 31
3817 36
3818 21
3819 17
3820 17
3821 17
3822 17
3823 17
3824 17
3825 17
3826 17
3827 33
3828 33
3829 37
3830 37
3831 6
3832 6
3833 35
3834 28
3835 28
3836 38
3837 37
3838 37
3839 34
3840 5
3841 5
3842 5
3843 5
3844 5
3845 5
3846 20
3847 20
3848 20
3849 39
3850 37
3851 37
3852 38
3853 14
3854 1
3855 7
3856 4
3857 4
3858 4
3859 21
3860 21
3861 21
3862 21
3863 12
3864 12
3865 12
3866 23
3867 9
3868 9
3869 9
3870 9
3871 9
3872 9
3873 21
3874 24
3875 24
3876 24
3877 24
3878 24
3879 24
3880 24
3881 24
3882 24
3883 24
3884 19
3885 36
3886 36
3887 36
3888 36
3889 36
3890 7
3891 38
3892 38
3893 33
3894 15
3895 15
3896 15
3897 15
3898 15
3899 30
3900 32
3901 32
3902 32
3903 32
3904 32
3905 32
3906 32
3907 32
3908 12
3909 12
3910 12
3911 12
3912 5
3913 5
3914 26
3915 26
3916 30
3917 30
3918 30
3919 30
3920 30
3921 30
3922 30
3923 30
3924 30
3925 36
3926 36
3927 36
3928 2
3929 2
3930 2
3931 2
3932 2
3933 36
3934 31
3935 31
3936 31
3937 26
3938 26
3939 26
3940 26
3941 21
3942 21
3943 21
3944 38
3945 9
3946 28
3947 13
3948 13
3949 13
3950 39
3951 15
3952 23
3953 4
3954 3
3955 13
3956 28
3957 28
3958 28
3959 28
3960 28
3961 7
3962 7
3963 4
3964 34
3965 33
3966 11
3967 36
3968 5
3969 5
3970 5
3971 5
3972 17
3973 17
3974 17
3975 17
3976 17
3977 17
3978 17
3979 17
3980 17
3981 17
3982 17
3983 17
3984 17
3985 17
3986 17
3987 0
3988 3
3989 3
3990 3
3991 33
3992 37
3993 37
3994 37
3995 4
3996 15
3997 15
3998 21
3999 21
4000 21
4001 12
4002 12
4003 12
4004 39
4005 13
4006 13
4007 32
4008 32
4009 32
4010 32
4011 32
4012 37
4013 16
4014 19
4015 28
4016 27
4017 5
4018 36
4019 28
4020 28
4021 28
4022 15
4023 17
4024 17
4025 17
4026 28
4027 26
4028 4
4029 4
4030 4
4031 36
4032 36
4033 36
4034 6
4035 28
4036 26
4037 13
4038 13
4039 37
4040 37
4041 37
4042 37
4043 37
4044 35
4045 35
4046 21
4047 21
4048 27
4049 28
4050 28
4051 9
4052 4
4053 38
4054 38
4055 22
4056 22
4057 22
4058 13
4059 28
4060 28
4061 28
4062 34
4063 8
4064 8
4065 26
4066 31
4067 26
4068 31
4069 29
4070 16
4071 16
4072 16
4073 16
4074 16
4075 16
4076 16
4077 16
4078 16
4079 16
4080 16
4081 16
4082 16
4083 16
4084 16
4085 20
4086 20
4087 12
4088 12
4089 35
4090 23
4091 23
4092 36
4093 36
4094 36
4095 0
4096 7
4097 7
4098 7
4099 9
4100 14
4101 14
4102 28
4103 36
4104 36
4105 7
4106 7
4107 7
4108 15
4109 5
4110 17
4111 17
4112 17
4113 29
4114 14
4115 1
4116 29
4117 29
4118 11
4119 11
4120 11
4121 11
4122 11
4123 11
4124 11
4125 11
4126 11
4127 9
4128 9
4129 8
4130 8
4131 8
4132 8
4133 39
4134 39
4135 19
4136 32
4137 32
4138 14
4139 9
4140 9
4141 28
4142 28
4143 28
4144 19
4145 6
4146 6
4147 6
4148 4
4149 4
4150 22
4151 31
4152 7
4153 21
4154 36
4155 34
4156 2
4157 24
