0 0
1 0
2 0
3 0
4 0
5 0
6 2
7 0
8 0
9 3
10 0
11 0
12 2
13 3
14 0
15 0
16 4
17 1
18 0
19 0
20 3
21 0
22 3
23 4
24 0
25 0
26 3
27 3
28 3
29 1
30 3
31 3
32 4
33 2
34 3
35 3
36 0
37 3
38 3
39 3
40 3
41 4
42 2
43 4
44 0
45 0
46 3
47 4
48 4
49 4
50 1
51 3
52 3
53 1
54 3
55 0
56 3
57 3
58 3
59 3
60 0
61 3
62 3
63 3
64 3
65 3
66 2
67 4
68 4
69 4
70 4
71 4
72 4
73 4
74 4
75 4
76 4
77 4
78 4
79 4
80 4
81 4
82 4
83 4
84 4
85 4
86 4
87 4
88 4
89 4
90 4
91 4
92 4
93 4
94 4
95 4
96 3
97 4
98 3
99 4
100 4
101 4
102 4
103 4
104 4
105 4
106 4
107 4
108 4
109 4
110 4
111 0
112 3
113 4
114 4
115 4
116 2
117 3
118 4
119 4
120 3
121 4
122 3
123 4
124 4
125 4
126 1
127 4
128 0
129 4
130 3
131 4
132 4
133 0
134 4
135 4
136 4
137 3
138 2
139 4
140 4
141 3
142 4
143 1
144 3
145 3
146 1
147 1
148 1
149 1
150 1
151 1
152 4
153 1
154 4
155 1
156 1
157 4
158 3
159 1
160 1
161 1
162 1
163 0
164 4
165 3
166 3
167 3
168 3
169 3
170 3
171 3
172 3
173 3
174 4
175 3
176 3
177 3
178 3
179 2
180 4
181 3
182 3
183 3
184 1
185 1
186 1
187 1
188 1
189 1
190 1
191 1
192 1
193 1
194 1
195 1
196 1
197 1
198 1
199 2
200 2
201 1
202 1
203 1
204 1
205 1
206 1
207 1
208 1
209 0
210 1
211 0
212 0
213 1
214 2
215 1
216 1
217 1
218 1
219 1
220 1
221 1
222 0
223 0
224 1
225 2
226 0
227 0
228 0
229 0
230 1
231 2
232 2
233 2
234 2
235 2
236 2
237 2
238 4
239 4
240 4
241 4
242 4
243 4
244 4
245 4
246 4
247 4
248 4
249 4
250 4
251 4
252 4
253 4
254 4
255 4
256 4
257 4
258 4
259 4
260 4
261 4
262 4
263 4
264 4
265 4
266 4
267 4
268 4
269 4
270 4
271 4
272 4
273 4
274 4
275 4
276 4
277 4
278 4
279 2
280 4
281 4
282 4
283 4
284 4
285 3
286 4
287 4
288 4
289 4
290 4
291 4
292 4
293 4
294 4
295 4
296 0
297 4
298 4
299 4
300 4
301 4
302 4
303 4
304 4
305 4
306 4
307 4
308 4
309 4
310 4
311 4
312 4
313 3
314 4
315 4
316 2
317 4
318 2
319 2
320 2
321 4
322 4
323 4
324 4
325 4
326 4
327 4
328 4
329 3
330 4
331 3
332 4
333 1
334 4
335 4
336 4
337 4
338 4
339 4
340 4
341 4
342 1
343 1
344 2
345 4
346 4
347 1
348 1
349 1
350 0
351 1
352 1
353 1
354 3
355 1
356 1
357 1
358 3
359 1
360 1
361 1
362 1
363 0
364 1
365 1
366 1
367 1
368 1
369 1
370 0
371 1
372 1
373 0
374 0
375 3
376 3
377 3
378 4
379 3
380 3
381 3
382 0
383 0
384 0
385 0
386 1
387 0
388 0
389 0
390 0
391 0
392 1
393 0
394 0
395 0
396 0
397 0
398 4
399 0
400 0
401 0
402 0
403 0
404 1
405 1
406 1
407 1
408 1
409 1
410 1
411 1
412 1
413 1
414 0
415 0
416 0
417 0
418 0
419 0
420 0
421 0
422 0
423 0
424 0
425 0
426 0
427 0
428 0
429 0
430 0
431 1
432 1
433 3
434 1
435 1
436 1
437 1
438 1
439 1
440 1
441 1
442 1
443 1
444 1
445 1
446 1
447 1
448 1
449 1
450 1
451 1
452 1
453 1
454 1
455 1
456 1
457 1
458 1
459 1
460 4
461 1
462 1
463 1
464 1
465 1
466 1
467 1
468 1
469 1
470 1
471 1
472 1
473 1
474 1
475 0
476 0
477 1
478 3
479 3
480 3
481 3
482 3
483 3
484 3
485 3
486 3
487 4
488 4
489 4
490 4
491 3
492 4
493 1
494 4
495 4
496 4
497 4
498 0
499 4
500 4
501 4
502 4
503 4
504 1
505 4
506 4
507 4
508 4
509 1
510 1
511 4
512 2
513 4
514 4
515 2
516 4
517 4
518 4
519 4
520 4
521 4
522 4
523 4
524 4
525 4
526 4
527 4
528 4
529 4
530 4
531 4
532 4
533 4
534 4
535 4
536 4
537 4
538 4
539 4
540 4
541 4
542 4
543 4
544 4
545 4
546 4
547 4
548 4
549 4
550 4
551 4
552 4
553 2
554 4
555 4
556 4
557 4
558 4
559 4
560 4
561 4
562 4
563 0
564 3
565 0
566 3
567 0
568 0
569 0
570 0
571 0
572 2
573 3
574 0
575 0
576 0
577 0
578 4
579 0
580 0
581 1
582 1
583 1
584 1
585 1
586 1
587 1
588 0
589 0
590 0
591 0
592 2
593 2
594 4
595 4
596 4
597 4
598 4
599 4
600 4
601 4
602 4
603 4
604 4
605 4
606 4
607 4
608 4
609 4
610 4
611 4
612 4
613 4
614 4
615 4
616 4
617 4
618 4
619 1
620 1
621 1
622 1
623 1
624 1
625 1
626 1
627 1
628 4
629 1
630 1
631 3
632 3
633 1
634 3
635 3
636 3
637 3
638 3
639 3
640 2
641 3
642 3
643 3
644 3
645 3
646 3
647 2
648 2
649 2
650 0
651 2
652 2
653 2
654 0
655 2
656 2
657 3
658 1
659 1
660 3
661 4
662 3
663 4
664 4
665 4
666 2
667 4
668 4
669 2
670 4
671 2
672 4
673 4
674 4
675 1
676 0
677 0
678 2
679 1
680 0
681 0
682 0
683 3
684 0
685 0
686 1
687 0
688 2
689 0
690 2
691 0
692 0
693 1
694 1
695 1
696 1
697 1
698 1
699 1
700 0
701 0
702 1
703 1
704 3
705 1
706 1
707 1
708 0
709 0
710 0
711 0
712 0
713 0
714 0
715 0
716 0
717 0
718 0
719 0
720 1
721 0
722 0
723 0
724 4
725 4
726 4
727 4
728 4
729 4
730 4
731 4
732 4
733 3
734 3
735 4
736 4
737 1
738 4
739 4
740 4
741 2
742 4
743 4
744 4
745 4
746 1
747 1
748 1
749 1
750 1
751 1
752 1
753 1
754 1
755 0
756 0
757 1
758 1
759 1
760 1
761 1
762 2
763 0
764 2
765 0
766 2
767 2
768 2
769 2
770 2
771 2
772 2
773 2
774 2
775 2
776 1
777 1
778 1
779 3
780 1
781 1
782 1
783 0
784 0
785 0
786 0
787 0
788 0
789 0
790 0
791 0
792 4
793 4
794 4
795 0
796 4
797 4
798 4
799 4
800 4
801 4
802 4
803 4
804 4
805 4
806 0
807 0
808 0
809 0
810 0
811 0
812 1
813 1
814 1
815 1
816 1
817 3
818 3
819 3
820 3
821 3
822 3
823 3
824 3
825 3
826 3
827 3
828 0
829 0
830 0
831 0
832 4
833 4
834 3
835 3
836 3
837 3
838 3
839 3
840 3
841 3
842 3
843 3
844 0
845 0
846 0
847 3
848 3
849 3
850 3
851 3
852 3
853 0
854 1
855 1
856 0
857 1
858 1
859 1
860 1
861 4
862 4
863 4
864 2
865 2
866 2
867 2
868 2
869 2
870 2
871 2
872 2
873 2
874 2
875 2
876 2
877 4
878 4
879 4
880 4
881 4
882 4
883 4
884 4
885 0
886 4
887 0
888 1
889 1
890 1
891 1
892 1
893 0
894 0
895 1
896 1
897 0
898 0
899 0
900 0
901 0
902 0
903 0
904 0
905 0
906 0
907 0
908 0
909 0
910 0
911 0
912 0
913 0
914 0
915 0
916 0
917 0
918 0
919 0
920 0
921 0
922 0
923 0
924 0
925 0
926 0
927 0
928 3
929 0
930 1
931 2
932 1
933 1
934 2
935 0
936 1
937 1
938 1
939 2
940 3
941 1
942 1
943 0
944 1
945 1
946 2
947 1
948 3
949 1
950 1
951 1
952 1
953 1
954 2
955 2
956 2
957 2
958 2
959 1
960 1
961 1
962 1
963 3
964 1
965 3
966 3
967 3
968 3
969 1
970 3
971 3
972 3
973 3
974 3
975 3
976 2
977 0
978 2
979 3
980 3
981 3
982 3
983 3
984 3
985 3
986 3
987 3
988 3
989 3
990 3
991 3
992 3
993 3
994 3
995 3
996 3
997 3
998 3
999 3
1000 3
1001 0
1002 3
1003 3
1004 0
1005 0
1006 3
1007 3
1008 0
1009 3
1010 3
1011 3
1012 3
1013 3
1014 2
1015 2
1016 2
1017 3
1018 2
1019 2
1020 2
1021 2
1022 3
1023 3
1024 2
1025 3
1026 2
1027 3
1028 3
1029 3
1030 3
1031 3
1032 3
1033 3
1034 1
1035 1
1036 1
1037 2
1038 1
1039 1
1040 1
1041 2
1042 0
1043 0
1044 0
1045 1
1046 3
1047 0
1048 0
1049 0
1050 0
1051 4
1052 3
1053 4
1054 1
1055 4
1056 4
1057 4
1058 3
1059 4
1060 4
1061 4
1062 4
1063 4
1064 2
1065 3
1066 3
1067 3
1068 4
1069 4
1070 3
1071 3
1072 3
1073 3
1074 3
1075 3
1076 3
1077 3
1078 3
1079 3
1080 3
1081 3
1082 3
1083 3
1084 3
1085 3
1086 3
1087 3
1088 2
1089 2
1090 2
1091 2
1092 2
1093 2
1094 2
1095 2
1096 1
1097 2
1098 2
1099 2
1100 4
1101 4
1102 1
1103 1
1104 1
1105 1
1106 1
1107 1
1108 1
1109 1
1110 1
1111 1
1112 1
1113 1
1114 1
1115 1
1116 1
1117 0
1118 1
1119 1
1120 4
1121 1
1122 1
1123 3
1124 3
1125 3
1126 3
1127 3
1128 3
1129 2
1130 3
1131 3
1132 3
1133 2
1134 2
1135 2
1136 2
1137 2
1138 2
1139 2
1140 4
1141 4
1142 4
1143 4
1144 4
1145 4
1146 4
1147 4
1148 2
1149 4
1150 4
1151 4
1152 4
1153 3
1154 4
1155 4
1156 3
1157 3
1158 3
1159 3
1160 3
1161 3
1162 3
1163 3
1164 3
1165 4
1166 1
1167 1
1168 3
1169 3
1170 3
1171 3
1172 3
1173 3
1174 3
1175 3
1176 3
1177 4
1178 3
1179 3
1180 3
1181 3
1182 3
1183 3
1184 3
1185 3
1186 1
1187 1
1188 1
1189 1
1190 1
1191 1
1192 0
1193 0
1194 0
1195 0
1196 0
1197 0
1198 0
1199 0
1200 0
1201 0
1202 0
1203 3
1204 3
1205 3
1206 3
1207 3
1208 2
1209 3
1210 3
1211 3
1212 3
1213 3
1214 3
1215 3
1216 3
1217 3
1218 4
1219 3
1220 3
1221 3
1222 3
1223 3
1224 3
1225 3
1226 3
1227 3
1228 3
1229 3
1230 3
1231 3
1232 2
1233 3
1234 3
1235 3
1236 1
1237 1
1238 1
1239 1
1240 1
1241 1
1242 1
1243 1
1244 1
1245 1
1246 1
1247 1
1248 1
1249 1
1250 1
1251 1
1252 1
1253 1
1254 1
1255 1
1256 1
1257 1
1258 1
1259 1
1260 1
1261 1
1262 1
1263 1
1264 1
1265 1
1266 1
1267 1
1268 1
1269 1
1270 1
1271 1
1272 1
1273 1
1274 1
1275 1
1276 1
1277 1
1278 1
1279 1
1280 1
1281 1
1282 4
1283 4
1284 4
1285 4
1286 4
1287 1
1288 4
1289 4
1290 0
1291 1
1292 0
1293 0
1294 0
1295 0
1296 0
1297 0
1298 4
1299 4
1300 4
1301 4
1302 4
1303 4
1304 4
1305 4
1306 4
1307 4
1308 4
1309 4
1310 4
1311 0
1312 4
1313 4
1314 4
1315 4
1316 4
1317 0
1318 4
1319 4
1320 4
1321 4
1322 4
1323 4
1324 3
1325 3
1326 3
1327 3
1328 3
1329 3
1330 2
1331 2
1332 4
1333 1
1334 4
1335 3
1336 1
1337 1
1338 3
1339 1
1340 2
1341 2
1342 0
1343 2
1344 2
1345 3
1346 4
1347 3
1348 3
1349 3
1350 3
1351 4
1352 3
1353 3
1354 3
1355 3
1356 3
1357 3
1358 3
1359 3
1360 3
1361 3
1362 3
1363 3
1364 3
1365 3
1366 3
1367 1
1368 1
1369 1
1370 3
1371 1
1372 3
1373 0
1374 0
1375 0
1376 0
1377 0
1378 0
1379 0
1380 0
1381 4
1382 0
1383 0
1384 0
1385 0
1386 0
1387 0
1388 0
1389 0
1390 3
1391 0
1392 0
1393 0
1394 0
1395 0
1396 4
1397 3
1398 3
1399 3
1400 3
1401 3
1402 3
1403 4
1404 3
1405 3
1406 3
1407 4
1408 4
1409 4
1410 4
1411 4
1412 4
1413 4
1414 4
1415 0
1416 0
1417 0
1418 0
1419 0
1420 0
1421 0
1422 0
1423 1
1424 0
1425 1
1426 1
1427 1
1428 1
1429 1
1430 1
1431 1
1432 4
1433 4
1434 4
1435 4
1436 4
1437 4
1438 4
1439 1
1440 1
1441 1
1442 1
1443 4
1444 1
1445 1
1446 3
1447 1
1448 1
1449 4
1450 4
1451 4
1452 4
1453 4
1454 1
1455 4
1456 4
1457 4
1458 4
1459 4
1460 1
1461 1
1462 1
1463 1
1464 1
1465 1
1466 1
1467 1
1468 1
1469 1
1470 1
1471 1
1472 1
1473 1
1474 1
1475 1
1476 1
1477 1
1478 0
1479 1
1480 1
1481 1
1482 1
1483 1
1484 1
1485 1
1486 1
1487 1
1488 1
1489 1
1490 1
1491 3
1492 3
1493 3
1494 3
1495 3
1496 3
1497 3
1498 3
1499 3
1500 3
1501 3
1502 3
1503 3
1504 3
1505 3
1506 3
1507 3
1508 3
1509 3
1510 3
1511 0
1512 0
1513 0
1514 2
1515 2
1516 2
1517 2
1518 2
1519 2
1520 2
1521 1
1522 2
1523 0
1524 1
1525 2
1526 2
1527 4
1528 2
1529 2
1530 2
1531 2
1532 2
1533 2
1534 2
1535 2
1536 2
1537 2
1538 2
1539 2
1540 3
1541 2
1542 2
1543 2
1544 2
1545 2
1546 2
1547 2
1548 2
1549 2
1550 2
1551 2
1552 2
1553 3
1554 2
1555 2
1556 2
1557 3
1558 3
1559 3
1560 3
1561 4
1562 4
1563 0
1564 0
1565 0
1566 0
1567 0
1568 4
1569 4
1570 4
1571 4
1572 4
1573 4
1574 4
1575 4
1576 1
1577 4
1578 4
1579 4
1580 4
1581 4
1582 1
1583 0
1584 0
1585 0
1586 0
1587 0
1588 0
1589 0
1590 0
1591 0
1592 1
1593 0
1594 0
1595 0
1596 0
1597 0
1598 0
1599 0
1600 0
1601 0
1602 0
1603 0
1604 0
1605 0
1606 0
1607 0
1608 0
1609 0
1610 0
1611 0
1612 0
1613 0
1614 0
1615 0
1616 0
1617 0
1618 0
1619 0
1620 3
1621 3
1622 0
1623 0
1624 0
1625 0
1626 0
1627 1
1628 1
1629 1
1630 1
1631 1
1632 1
1633 0
1634 0
1635 1
1636 1
1637 1
1638 1
1639 1
1640 1
1641 1
1642 1
1643 3
1644 3
1645 3
1646 3
1647 3
1648 3
1649 3
1650 3
1651 3
1652 3
1653 4
1654 4
1655 4
1656 4
1657 4
1658 4
1659 4
1660 4
1661 0
1662 0
1663 0
1664 0
1665 0
1666 3
1667 1
1668 1
1669 3
1670 3
1671 1
1672 3
1673 3
1674 1
1675 0
1676 4
1677 0
1678 0
1679 1
1680 1
1681 1
1682 1
1683 0
1684 0
1685 0
1686 4
1687 4
1688 2
1689 2
1690 1
1691 1
1692 1
1693 1
1694 1
1695 1
1696 1
1697 1
1698 4
1699 4
1700 4
1701 0
1702 0
1703 0
1704 0
1705 2
1706 2
1707 2
1708 2
1709 2
1710 1
1711 3
1712 3
1713 3
1714 3
1715 3
1716 1
1717 1
1718 2
1719 2
1720 2
1721 2
1722 2
1723 2
1724 2
1725 2
1726 2
1727 4
1728 3
1729 3
1730 2
1731 4
1732 2
1733 4
1734 2
1735 2
1736 2
1737 2
1738 2
1739 2
1740 2
1741 2
1742 2
1743 2
1744 2
1745 2
1746 2
1747 1
1748 2
1749 2
1750 2
1751 2
1752 2
1753 2
1754 2
1755 1
1756 3
1757 3
1758 3
1759 0
1760 4
1761 3
1762 3
1763 3
1764 3
1765 3
1766 1
1767 1
1768 1
1769 1
1770 2
1771 4
1772 2
1773 2
1774 2
1775 2
1776 2
1777 1
1778 1
1779 1
1780 4
1781 4
1782 4
1783 3
1784 4
1785 4
1786 4
1787 4
1788 4
1789 4
1790 4
1791 3
1792 4
1793 2
1794 2
1795 2
1796 2
1797 2
1798 2
1799 2
1800 2
1801 2
1802 2
1803 2
1804 2
1805 2
1806 2
1807 2
1808 4
1809 0
1810 0
1811 0
1812 0
1813 2
1814 0
1815 0
1816 0
1817 0
1818 0
1819 2
1820 2
1821 2
1822 2
1823 2
1824 2
1825 2
1826 1
1827 1
1828 1
1829 1
1830 2
1831 2
1832 2
1833 2
1834 2
1835 2
1836 2
1837 3
1838 3
1839 1
1840 1
1841 1
1842 1
1843 2
1844 1
1845 1
1846 1
1847 1
1848 1
1849 1
1850 4
1851 4
1852 4
1853 4
1854 4
1855 4
1856 4
1857 1
1858 3
1859 1
1860 1
1861 1
1862 1
1863 1
1864 1
1865 1
1866 1
1867 1
1868 1
1869 1
1870 1
1871 2
1872 2
1873 2
1874 2
1875 2
1876 2
1877 2
1878 2
1879 2
1880 2
1881 2
1882 2
1883 2
1884 2
1885 2
1886 2
1887 2
1888 2
1889 2
1890 2
1891 2
1892 2
1893 2
1894 2
1895 2
1896 2
1897 2
1898 2
1899 2
1900 2
1901 2
1902 2
1903 2
1904 2
1905 3
1906 0
1907 0
1908 0
1909 2
1910 0
1911 0
1912 1
1913 3
1914 3
1915 3
1916 0
1917 3
1918 3
1919 3
1920 3
1921 3
1922 3
1923 3
1924 2
1925 2
1926 2
1927 2
1928 3
1929 3
1930 1
1931 4
1932 4
1933 4
1934 4
1935 4
1936 4
1937 4
1938 4
1939 4
1940 4
1941 4
1942 4
1943 4
1944 1
1945 1
1946 1
1947 1
1948 1
1949 3
1950 0
1951 0
1952 0
1953 0
1954 0
1955 0
1956 0
1957 0
1958 0
1959 2
1960 0
1961 0
1962 0
1963 0
1964 0
1965 0
1966 0
1967 0
1968 0
1969 0
1970 0
1971 0
1972 0
1973 0
1974 0
1975 0
1976 0
1977 0
1978 0
1979 0
1980 0
1981 0
1982 0
1983 0
1984 2
1985 2
1986 4
1987 4
1988 3
1989 3
1990 3
1991 3
1992 3
1993 3
1994 1
1995 0
1996 0
1997 0
1998 3
1999 3
2000 3
2001 3
2002 2
2003 2
2004 2
2005 4
2006 0
2007 0
2008 0
2009 0
2010 1
2011 0
2012 0
2013 0
2014 0
2015 0
2016 4
2017 0
2018 0
2019 0
2020 0
2021 0
2022 3
2023 3
2024 3
2025 3
2026 3
2027 2
2028 2
2029 2
2030 1
2031 0
2032 1
2033 1
2034 3
2035 4
2036 4
2037 4
2038 3
2039 2
2040 2
2041 2
2042 1
2043 1
2044 1
2045 1
2046 1
2047 0
2048 0
2049 0
2050 0
2051 0
2052 0
2053 0
2054 0
2055 0
2056 0
2057 0
2058 1
2059 0
2060 0
2061 4
2062 4
2063 4
2064 4
2065 4
2066 2
2067 2
2068 2
2069 2
2070 2
2071 1
2072 2
2073 2
2074 0
2075 1
2076 1
2077 1
2078 4
2079 1
2080 1
2081 1
2082 1
2083 1
2084 1
2085 1
2086 1
2087 1
2088 4
2089 4
2090 4
2091 4
2092 4
2093 1
2094 1
2095 1
2096 1
2097 1
2098 1
2099 1
2100 1
2101 1
2102 1
2103 3
2104 3
2105 3
2106 2
2107 2
2108 2
2109 1
2110 1
2111 1
2112 1
2113 3
2114 1
2115 3
2116 1
2117 2
2118 0
2119 2
2120 2
2121 2
2122 2
2123 2
2124 2
2125 2
2126 2
2127 2
2128 2
2129 2
2130 2
2131 3
2132 3
2133 3
2134 3
2135 3
2136 3
2137 3
2138 1
2139 1
2140 0
2141 2
2142 0
2143 0
2144 0
2145 0
2146 0
2147 4
2148 1
2149 4
2150 0
2151 0
2152 4
2153 4
2154 2
2155 2
2156 2
2157 2
2158 2
2159 2
2160 4
2161 4
2162 1
2163 2
2164 2
2165 2
2166 2
2167 2
2168 2
2169 2
2170 4
2171 2
2172 2
2173 2
2174 2
2175 2
2176 0
2177 0
2178 0
2179 0
2180 0
2181 0
2182 0
2183 1
2184 1
2185 1
2186 3
2187 3
2188 4
2189 4
2190 4
2191 2
2192 2
2193 2
2194 2
2195 1
2196 2
2197 2
2198 4
2199 4
2200 1
2201 1
2202 4
2203 3
2204 1
2205 1
2206 1
2207 3
2208 3
2209 1
2210 1
2211 4
2212 4
2213 3
2214 3
2215 3
2216 3
2217 3
2218 2
2219 2
2220 2
2221 0
2222 1
2223 1
2224 1
2225 1
2226 3
2227 0
2228 0
2229 0
2230 0
2231 0
2232 0
2233 1
2234 1
2235 0
2236 0
2237 0
2238 0
2239 3
2240 0
2241 0
2242 0
2243 0
2244 1
2245 4
2246 4
2247 4
2248 4
2249 4
2250 3
2251 0
2252 0
2253 0
2254 0
2255 0
2256 0
2257 1
2258 0
2259 0
2260 0
2261 0
2262 0
2263 4
2264 0
2265 0
2266 0
2267 0
2268 0
2269 0
2270 0
2271 0
2272 0
2273 0
2274 0
2275 0
2276 0
2277 0
2278 0
2279 1
2280 1
2281 1
2282 2
2283 1
2284 2
2285 3
2286 3
2287 1
2288 2
2289 2
2290 2
2291 2
2292 2
2293 2
2294 1
2295 0
2296 0
2297 0
2298 0
2299 0
2300 0
2301 4
2302 4
2303 4
2304 4
2305 4
2306 4
2307 4
2308 4
2309 4
2310 2
2311 4
2312 0
2313 1
2314 1
2315 0
2316 0
2317 0
2318 0
2319 0
2320 0
2321 3
2322 0
2323 0
2324 0
2325 0
2326 3
2327 2
2328 3
2329 2
2330 4
2331 0
2332 0
2333 0
2334 0
2335 0
2336 0
2337 0
2338 0
2339 1
2340 1
2341 1
2342 1
2343 1
2344 4
2345 0
2346 0
2347 0
2348 0
2349 0
2350 0
2351 0
2352 0
2353 0
2354 1
2355 3
2356 3
2357 3
2358 3
2359 3
2360 3
2361 3
2362 3
2363 3
2364 3
2365 3
2366 3
2367 3
2368 3
2369 3
2370 3
2371 3
2372 3
2373 3
2374 3
2375 3
2376 3
2377 3
2378 3
2379 3
2380 3
2381 0
2382 0
2383 0
2384 0
2385 0
2386 4
2387 4
2388 0
2389 0
2390 3
2391 3
2392 3
2393 3
2394 3
2395 3
2396 3
2397 3
2398 1
2399 1
2400 1
2401 1
2402 1
2403 3
2404 3
2405 3
2406 3
2407 3
2408 4
2409 4
2410 4
2411 4
2412 4
2413 2
2414 4
2415 3
2416 0
2417 3
2418 2
2419 3
2420 3
2421 3
2422 3
2423 0
2424 3
2425 4
2426 2
2427 2
2428 2
2429 2
2430 2
2431 2
2432 2
2433 2
2434 4
2435 4
2436 4
2437 4
2438 4
2439 4
2440 4
2441 4
2442 4
2443 4
2444 4
2445 4
2446 4
2447 4
2448 4
2449 4
2450 4
2451 3
2452 4
2453 4
2454 4
2455 4
2456 4
2457 2
2458 2
2459 3
2460 3
2461 3
2462 3
2463 3
2464 3
2465 3
2466 3
2467 3
2468 2
2469 1
2470 0
2471 0
2472 2
2473 1
2474 1
2475 2
2476 2
2477 2
2478 2
2479 2
2480 1
2481 1
2482 1
2483 1
2484 1
2485 1
2486 1
2487 1
2488 1
2489 3
2490 1
2491 1
2492 1
2493 4
2494 3
2495 3
2496 3
2497 3
2498 3
2499 3
2500 4
2501 4
2502 4
2503 4
2504 4
2505 4
2506 4
2507 0
2508 0
2509 0
2510 0
2511 0
2512 0
2513 0
2514 0
2515 0
2516 4
2517 0
2518 1
2519 0
2520 1
2521 1
2522 1
2523 0
2524 0
2525 3
2526 3
2527 3
2528 3
2529 3
2530 3
2531 3
2532 2
2533 2
2534 2
2535 2
2536 2
2537 2
2538 1
2539 2
2540 2
2541 2
2542 2
2543 2
2544 2
2545 2
2546 2
2547 2
2548 2
2549 2
2550 2
2551 2
2552 2
2553 4
2554 4
2555 0
2556 3
2557 0
2558 0
2559 0
2560 0
2561 0
2562 0
2563 0
2564 0
2565 0
2566 0
2567 0
2568 0
2569 2
2570 2
2571 2
2572 2
2573 2
2574 2
2575 2
2576 2
2577 2
2578 2
2579 2
2580 0
2581 0
2582 1
2583 1
2584 1
2585 4
2586 1
2587 3
2588 3
2589 3
2590 3
2591 3
2592 3
2593 3
2594 3
2595 3
2596 3
2597 1
2598 1
2599 3
2600 3
2601 3
2602 2
2603 2
2604 2
2605 3
2606 3
2607 3
2608 3
2609 3
2610 3
2611 3
2612 0
2613 0
2614 0
2615 0
2616 0
2617 0
2618 4
2619 4
2620 0
2621 4
2622 4
2623 0
2624 2
2625 2
2626 4
2627 4
2628 4
2629 4
2630 4
2631 4
2632 4
2633 4
2634 4
2635 4
2636 4
2637 4
2638 4
2639 4
2640 1
2641 3
2642 0
2643 3
2644 0
2645 1
2646 1
2647 1
2648 1
2649 1
2650 1
2651 1
2652 2
2653 1
2654 1
2655 3
2656 0
2657 0
2658 0
2659 0
2660 0
2661 0
2662 0
2663 0
2664 0
2665 0
2666 0
2667 0
2668 0
2669 0
2670 0
2671 3
2672 3
2673 3
2674 3
2675 3
2676 3
2677 1
2678 1
2679 0
2680 0
2681 0
2682 0
2683 0
2684 0
2685 2
2686 2
2687 2
2688 2
2689 2
2690 2
2691 2
2692 2
2693 2
2694 2
2695 2
2696 2
2697 2
2698 2
2699 2
2700 2
2701 2
2702 2
2703 2
2704 0
2705 0
2706 0
2707 0
2708 0
2709 0
2710 0
2711 1
2712 1
2713 1
2714 1
2715 1
2716 1
2717 1
2718 3
2719 3
2720 3
2721 2
2722 1
2723 1
2724 1
2725 1
2726 1
2727 1
2728 1
2729 1
2730 1
2731 1
2732 1
2733 1
2734 1
2735 1
2736 1
2737 3
2738 1
2739 1
2740 1
2741 3
2742 1
2743 1
2744 1
2745 4
2746 1
2747 4
2748 1
2749 1
2750 1
2751 1
2752 1
2753 1
2754 1
2755 1
2756 0
2757 1
2758 1
2759 2
2760 2
2761 2
2762 2
2763 2
2764 1
2765 1
2766 1
2767 1
2768 1
2769 4
2770 4
2771 4
2772 4
2773 4
2774 3
2775 4
2776 3
2777 4
2778 4
2779 4
2780 4
2781 4
2782 4
2783 4
2784 0
2785 1
2786 2
2787 1
2788 0
2789 0
2790 0
2791 0
2792 0
2793 4
2794 1
2795 2
2796 2
2797 2
2798 2
2799 2
2800 2
2801 4
2802 4
2803 4
2804 4
2805 4
2806 3
2807 1
2808 3
2809 1
2810 1
2811 1
2812 1
2813 0
2814 0
2815 0
2816 0
2817 0
2818 0
2819 0
2820 3
2821 2
2822 2
2823 4
2824 1
2825 1
2826 1
2827 0
2828 0
2829 1
2830 1
2831 1
2832 1
2833 1
2834 1
2835 1
2836 1
2837 3
2838 0
2839 3
2840 2
2841 2
2842 2
2843 2
2844 2
2845 4
2846 3
2847 4
2848 4
2849 2
2850 2
2851 2
2852 2
2853 3
2854 3
2855 3
2856 3
2857 3
2858 3
2859 3
2860 0
2861 0
2862 0
2863 4
2864 4
2865 4
2866 4
2867 4
2868 3
2869 1
2870 1
2871 1
2872 1
2873 1
2874 1
2875 1
2876 1
2877 1
2878 1
2879 0
2880 1
2881 3
2882 1
2883 1
2884 0
2885 0
2886 1
2887 1
2888 1
2889 3
2890 3
2891 3
2892 3
2893 3
2894 3
2895 3
2896 3
2897 3
2898 3
2899 4
2900 4
2901 4
2902 4
2903 2
2904 2
2905 2
2906 2
2907 2
2908 0
2909 0
2910 0
2911 0
2912 0
2913 0
2914 2
2915 3
2916 0
2917 0
2918 1
2919 2
2920 2
2921 2
2922 2
2923 2
2924 2
2925 2
2926 4
2927 4
2928 4
2929 4
2930 4
2931 4
2932 2
2933 4
2934 4
2935 3
2936 3
2937 3
2938 3
2939 3
2940 3
2941 3
2942 3
2943 3
2944 3
2945 3
2946 3
2947 3
2948 3
2949 3
2950 3
2951 3
2952 0
2953 4
2954 4
2955 4
2956 2
2957 4
2958 4
2959 4
2960 4
2961 4
2962 4
2963 0
2964 0
2965 0
2966 3
2967 3
2968 3
2969 3
2970 3
2971 4
2972 4
2973 4
2974 4
2975 4
2976 4
2977 4
2978 4
2979 4
2980 0
2981 0
2982 0
2983 0
2984 0
2985 0
2986 0
2987 0
2988 0
2989 0
2990 1
2991 1
2992 1
2993 1
2994 0
2995 0
2996 0
2997 0
2998 4
2999 1
3000 1
3001 1
3002 1
3003 1
3004 1
3005 1
3006 4
3007 4
3008 4
3009 4
3010 4
3011 0
3012 1
3013 1
3014 1
3015 1
3016 1
3017 1
3018 1
3019 1
3020 1
3021 1
3022 1
3023 1
3024 1
3025 1
3026 1
3027 1
3028 1
3029 1
3030 4
3031 2
3032 2
3033 2
3034 1
3035 1
3036 4
3037 4
3038 4
3039 4
3040 4
3041 1
3042 4
3043 4
3044 4
3045 4
3046 4
3047 4
3048 4
3049 4
3050 0
3051 0
3052 0
3053 0
3054 0
3055 0
3056 0
3057 0
3058 0
3059 0
3060 0
3061 3
3062 3
3063 0
3064 0
3065 0
3066 1
3067 1
3068 3
3069 3
3070 3
3071 3
3072 2
3073 2
3074 2
3075 2
3076 2
3077 4
3078 4
3079 4
3080 4
3081 4
3082 0
3083 0
3084 1
3085 3
3086 3
3087 3
3088 3
3089 3
3090 3
3091 3
3092 3
3093 3
3094 0
3095 3
3096 3
3097 3
3098 4
3099 1
3100 3
3101 3
3102 0
3103 1
3104 4
3105 4
3106 4
3107 2
3108 2
3109 3
3110 3
3111 1
3112 3
3113 4
3114 4
3115 3
3116 4
3117 4
3118 4
3119 4
3120 4
3121 3
3122 4
3123 4
3124 2
3125 2
3126 2
3127 2
3128 0
3129 3
3130 3
3131 2
3132 2
3133 1
3134 2
3135 2
3136 2
3137 2
3138 2
3139 2
3140 2
3141 2
3142 2
3143 0
3144 0
3145 0
3146 0
3147 0
3148 0
3149 0
3150 0
3151 0
3152 0
3153 3
3154 4
3155 4
3156 1
3157 1
3158 2
3159 3
3160 3
3161 3
3162 3
3163 0
3164 4
3165 4
3166 4
3167 4
3168 4
3169 2
3170 2
3171 2
3172 2
3173 3
3174 3
3175 0
3176 0
3177 0
3178 0
3179 2
3180 1
3181 4
3182 3
3183 4
3184 4
3185 4
3186 4
3187 4
3188 4
3189 4
3190 3
3191 3
3192 3
3193 3
3194 3
3195 3
3196 3
3197 3
3198 3
3199 3
3200 3
3201 3
3202 3
3203 3
3204 4
3205 4
3206 4
3207 3
3208 3
3209 0
3210 0
3211 0
3212 1
3213 1
3214 1
3215 1
3216 3
3217 3
3218 3
3219 3
3220 3
3221 0
3222 0
3223 0
3224 0
3225 0
3226 0
3227 0
3228 0
3229 0
3230 3
3231 3
3232 3
3233 3
3234 3
3235 3
3236 3
3237 3
3238 2
3239 3
3240 3
3241 3
3242 2
3243 2
3244 4
3245 1
3246 1
3247 1
3248 0
3249 1
3250 0
3251 1
3252 1
3253 1
3254 1
3255 1
3256 1
3257 1
3258 1
3259 1
3260 1
3261 1
3262 3
3263 1
3264 1
3265 2
3266 3
3267 3
3268 1
3269 3
3270 3
3271 3
3272 3
3273 1
3274 2
3275 2
3276 2
3277 2
3278 2
3279 2
3280 2
3281 2
3282 2
3283 2
3284 2
3285 2
3286 2
3287 2
3288 2
3289 2
3290 2
3291 3
3292 2
3293 2
3294 2
3295 2
3296 0
3297 0
3298 0
3299 0
3300 0
3301 0
3302 0
3303 0
3304 0
3305 0
3306 0
3307 0
3308 0
3309 0
3310 0
3311 0
3312 0
3313 0
3314 0
3315 0
3316 0
3317 0
3318 0
3319 0
3320 0
3321 3
3322 2
3323 2
3324 1
3325 2
3326 2
3327 4
3328 4
3329 4
3330 4
3331 2
3332 1
3333 0
3334 4
3335 0
3336 4
3337 1
3338 4
3339 4
3340 4
3341 4
3342 1
3343 2
3344 2
3345 2
3346 2
3347 2
3348 2
3349 2
3350 2
3351 2
3352 2
3353 2
3354 2
3355 2
3356 2
3357 3
3358 4
3359 2
3360 2
3361 2
3362 2
3363 2
3364 2
3365 2
3366 2
3367 2
3368 2
3369 2
3370 2
3371 2
3372 2
3373 2
3374 4
3375 4
3376 0
3377 2
3378 2
3379 2
3380 2
3381 2
3382 2
3383 2
3384 2
3385 2
3386 1
3387 1
3388 1
3389 1
3390 1
3391 0
3392 0
3393 0
3394 0
3395 0
3396 0
3397 4
3398 4
3399 4
3400 4
3401 4
3402 4
3403 4
3404 4
3405 4
3406 4
3407 4
3408 4
3409 4
3410 2
3411 3
3412 3
3413 1
3414 1
3415 0
3416 0
3417 0
3418 0
3419 0
3420 1
3421 1
3422 1
3423 1
3424 0
3425 0
3426 0
3427 0
3428 0
3429 0
3430 1
3431 0
3432 0
3433 0
3434 4
3435 4
3436 2
3437 4
3438 4
3439 4
3440 3
3441 4
3442 4
3443 4
3444 4
3445 4
3446 4
3447 0
3448 3
3449 0
3450 3
3451 3
3452 3
3453 3
3454 3
3455 2
3456 2
3457 2
3458 2
3459 2
3460 2
3461 2
3462 2
3463 2
3464 2
3465 2
3466 2
3467 2
3468 2
3469 2
3470 2
3471 2
3472 2
3473 2
3474 2
3475 2
3476 2
3477 2
3478 2
3479 2
3480 2
3481 2
3482 2
3483 2
3484 2
3485 2
3486 1
3487 1
3488 1
3489 1
3490 1
3491 3
3492 3
3493 3
3494 3
3495 2
3496 2
3497 2
3498 2
3499 1
3500 3
3501 0
3502 0
3503 0
3504 2
3505 0
3506 0
3507 0
3508 0
3509 0
3510 0
3511 0
3512 0
3513 0
3514 0
3515 0
3516 0
3517 2
3518 2
3519 2
3520 2
3521 2
3522 2
3523 2
3524 2
3525 2
3526 2
3527 2
3528 2
3529 2
3530 2
3531 2
3532 2
3533 2
3534 2
3535 2
3536 2
3537 2
3538 2
3539 2
3540 3
3541 3
3542 3
3543 4
3544 1
3545 1
3546 1
3547 1
3548 4
3549 4
3550 1
3551 0
3552 0
3553 0
3554 0
3555 0
3556 0
3557 0
3558 0
3559 3
3560 1
3561 1
3562 1
3563 1
3564 4
3565 4
3566 4
3567 4
3568 4
3569 1
3570 1
3571 1
3572 0
3573 3
3574 3
3575 3
3576 3
3577 3
3578 3
3579 3
3580 3
3581 3
3582 3
3583 3
3584 3
3585 1
3586 3
3587 0
3588 4
3589 1
3590 4
3591 3
3592 3
3593 3
3594 4
3595 4
3596 3
3597 2
3598 3
3599 4
3600 4
3601 4
3602 2
3603 0
3604 0
3605 3
3606 3
3607 3
3608 3
3609 3
3610 3
3611 0
3612 0
3613 4
3614 4
3615 4
3616 4
3617 1
3618 1
3619 0
3620 0
3621 4
3622 4
3623 4
3624 1
3625 1
3626 1
3627 1
3628 1
3629 1
3630 2
3631 2
3632 2
3633 2
3634 2
3635 2
3636 2
3637 2
3638 2
3639 2
3640 3
3641 3
3642 3
3643 2
3644 2
3645 2
3646 2
3647 2
3648 2
3649 2
3650 2
3651 2
3652 2
3653 1
3654 1
3655 1
3656 2
3657 3
3658 2
3659 2
3660 2
3661 2
3662 2
3663 2
3664 2
3665 2
3666 2
3667 2
3668 2
3669 2
3670 2
3671 2
3672 2
3673 2
3674 2
3675 2
3676 2
3677 2
3678 2
3679 2
3680 2
3681 2
3682 2
3683 2
3684 2
3685 2
3686 2
3687 2
3688 2
3689 2
3690 2
3691 2
3692 2
3693 2
3694 2
3695 0
3696 2
3697 3
3698 1
3699 1
3700 1
3701 1
3702 2
3703 3
3704 3
3705 3
3706 3
3707 2
3708 1
3709 1
3710 2
3711 2
3712 2
3713 3
3714 3
3715 3
3716 3
3717 3
3718 3
3719 3
3720 1
3721 3
3722 3
3723 3
3724 3
3725 0
3726 2
3727 2
3728 2
3729 1
3730 0
3731 0
3732 3
3733 2
3734 2
3735 2
3736 2
3737 2
3738 1
3739 4
3740 4
3741 4
3742 4
3743 4
3744 2
3745 2
3746 2
3747 2
3748 2
3749 2
3750 2
3751 2
3752 2
3753 2
3754 2
3755 2
3756 2
3757 2
3758 4
3759 4
3760 4
3761 3
3762 1
3763 0
3764 0
3765 4
3766 4
3767 4
3768 3
3769 3
3770 3
3771 3
3772 0
3773 2
3774 2
3775 2
3776 2
3777 2
3778 2
3779 2
3780 2
3781 4
3782 3
3783 3
3784 1
3785 1
3786 1
3787 1
3788 1
3789 4
3790 4
3791 4
3792 0
3793 0
3794 1
3795 1
3796 1
3797 2
3798 2
3799 2
3800 3
3801 3
3802 3
3803 3
3804 2
3805 2
3806 3
3807 0
3808 2
3809 3
3810 3
3811 3
3812 3
3813 3
3814 3
3815 0
3816 1
3817 2
3818 1
3819 4
3820 4
3821 4
3822 4
3823 4
3824 4
3825 4
3826 4
3827 2
3828 2
3829 3
3830 3
3831 2
3832 2
3833 0
3834 0
3835 0
3836 0
3837 1
3838 1
3839 3
3840 2
3841 2
3842 2
3843 2
3844 2
3845 2
3846 2
3847 2
3848 2
3849 2
3850 1
3851 1
3852 3
3853 2
3854 3
3855 3
3856 1
3857 1
3858 1
3859 1
3860 1
3861 1
3862 1
3863 3
3864 3
3865 3
3866 0
3867 1
3868 1
3869 1
3870 1
3871 1
3872 1
3873 1
3874 0
3875 0
3876 0
3877 0
3878 0
3879 0
3880 0
3881 0
3882 0
3883 0
3884 0
3885 2
3886 2
3887 2
3888 2
3889 2
3890 3
3891 3
3892 3
3893 1
3894 4
3895 4
3896 4
3897 4
3898 4
3899 1
3900 2
3901 2
3902 2
3903 2
3904 2
3905 2
3906 2
3907 2
3908 2
3909 2
3910 2
3911 2
3912 2
3913 2
3914 1
3915 3
3916 1
3917 1
3918 1
3919 1
3920 1
3921 1
3922 1
3923 1
3924 1
3925 1
3926 1
3927 1
3928 4
3929 4
3930 4
3931 4
3932 4
3933 4
3934 3
3935 3
3936 3
3937 1
3938 1
3939 1
3940 1
3941 1
3942 1
3943 1
3944 2
3945 1
3946 0
3947 3
3948 3
3949 3
3950 3
3951 4
3952 0
3953 3
3954 3
3955 2
3956 0
3957 0
3958 0
3959 0
3960 0
3961 3
3962 3
3963 1
3964 3
3965 1
3966 2
3967 0
3968 2
3969 2
3970 2
3971 2
3972 4
3973 4
3974 4
3975 4
3976 4
3977 4
3978 4
3979 4
3980 4
3981 4
3982 4
3983 4
3984 4
3985 4
3986 4
3987 1
3988 3
3989 3
3990 3
3991 0
3992 3
3993 3
3994 3
3995 3
3996 4
3997 4
3998 1
3999 1
4000 1
4001 2
4002 2
4003 2
4004 3
4005 3
4006 3
4007 2
4008 2
4009 2
4010 2
4011 2
4012 1
4013 4
4014 3
4015 0
4016 0
4017 2
4018 0
4019 0
4020 0
4021 0
4022 4
4023 4
4024 4
4025 4
4026 0
4027 1
4028 1
4029 1
4030 1
4031 2
4032 2
4033 2
4034 2
4035 0
4036 0
4037 4
4038 4
4039 3
4040 3
4041 3
4042 3
4043 3
4044 3
4045 3
4046 0
4047 0
4048 0
4049 0
4050 0
4051 1
4052 1
4053 2
4054 2
4055 0
4056 0
4057 0
4058 3
4059 0
4060 0
4061 0
4062 3
4063 2
4064 2
4065 0
4066 3
4067 3
4068 3
4069 1
4070 4
4071 4
4072 4
4073 4
4074 4
4075 4
4076 4
4077 4
4078 4
4079 4
4080 4
4081 4
4082 4
4083 4
4084 4
4085 1
4086 1
4087 4
4088 4
4089 0
4090 0
4091 0
4092 2
4093 2
4094 2
4095 1
4096 3
4097 3
4098 3
4099 1
4100 2
4101 2
4102 0
4103 1
4104 1
4105 3
4106 3
4107 3
4108 4
4109 2
4110 4
4111 4
4112 4
4113 0
4114 2
4115 3
4116 1
4117 1
4118 2
4119 2
4120 2
4121 2
4122 2
4123 2
4124 2
4125 2
4126 2
4127 1
4128 1
4129 2
4130 2
4131 2
4132 2
4133 2
4134 2
4135 1
4136 2
4137 2
4138 2
4139 1
4140 1
4141 0
4142 0
4143 0
4144 4
4145 2
4146 2
4147 2
4148 3
4149 3
4150 0
4151 3
4152 3
4153 1
4154 1
4155 3
4156 3
4157 0
