0 1 7
0 2 8
0 3 5
0 4 16
0 5 10
0 6 13
0 7 9
0 8 11
0 9 2
0 10 6
0 11 14
0 12 18
0 13 3
0 14 4
0 15 17
0 16 15
0 17 12
0 18 1
0 19 19
1 1 19
1 2 10
1 3 18
1 4 5
1 5 14
1 6 8
1 7 7
1 8 9
1 9 11
1 10 15
1 11 12
1 12 13
1 13 3
1 14 2
1 15 17
1 16 6
1 17 4
1 18 16
1 19 0
2 1 18
2 2 4
2 3 19
2 4 15
2 5 8
2 6 12
2 7 0
2 8 11
2 9 7
2 10 10
2 11 13
2 12 1
2 13 16
2 14 9
2 15 5
2 16 17
2 17 3
2 18 14
2 19 6
3 1 2
3 2 1
3 3 7
3 4 13
3 5 8
3 6 14
3 7 15
3 8 6
3 9 11
3 10 19
3 11 12
3 12 17
3 13 4
3 14 16
3 15 0
3 16 9
3 17 5
3 18 18
3 19 10
4 1 13
4 2 9
4 3 10
4 4 3
4 5 14
4 6 7
4 7 2
4 8 11
4 9 15
4 10 1
4 11 17
4 12 0
4 13 19
4 14 12
4 15 5
4 16 6
4 17 18
4 18 8
4 19 16
5 1 14
5 2 12
5 3 6
5 4 0
5 5 9
5 6 19
5 7 10
5 8 7
5 9 11
5 10 18
5 11 2
5 12 3
5 13 4
5 14 13
5 15 8
5 16 15
5 17 16
5 18 1
5 19 17
6 1 9
6 2 15
6 3 19
6 4 10
6 5 4
6 6 8
6 7 11
6 8 17
6 9 14
6 10 3
6 11 5
6 12 1
6 13 12
6 14 7
6 15 18
6 16 2
6 17 13
6 18 0
6 19 16
7 1 18
7 2 8
7 3 9
7 4 15
7 5 12
7 6 3
7 7 2
7 8 10
7 9 11
7 10 14
7 11 1
7 12 6
7 13 16
7 14 17
7 15 19
7 16 0
7 17 5
7 18 13
7 19 4
8 1 1
8 2 14
8 3 0
8 4 5
8 5 17
8 6 11
8 7 6
8 8 19
8 9 13
8 10 16
8 11 4
8 12 9
8 13 12
8 14 2
8 15 15
8 16 3
8 17 7
8 18 10
8 19 18
9 1 15
9 2 7
9 3 2
9 4 13
9 5 17
9 6 5
9 7 6
9 8 10
9 9 11
9 10 8
9 11 16
9 12 3
9 13 19
9 14 14
9 15 18
9 16 12
9 17 0
9 18 4
9 19 1
10 1 19
10 2 16
10 3 14
10 4 0
10 5 9
10 6 2
10 7 8
10 8 13
10 9 17
10 10 7
10 11 11
10 12 15
10 13 1
10 14 4
10 15 5
10 16 3
10 17 18
10 18 12
10 19 6
11 1 19
11 2 15
11 3 17
11 4 0
11 5 6
11 6 9
11 7 8
11 8 7
11 9 16
11 10 12
11 11 3
11 12 10
11 13 1
11 14 5
11 15 14
11 16 4
11 17 18
11 18 13
11 19 2
12 1 7
12 2 6
12 3 11
12 4 13
12 5 10
12 6 16
12 7 9
12 8 2
12 9 3
12 10 17
12 11 19
12 12 15
12 13 0
12 14 14
12 15 18
12 16 4
12 17 1
12 18 5
12 19 8
13 1 4
13 2 7
13 3 16
13 4 8
13 5 5
13 6 9
13 7 6
13 8 19
13 9 3
13 10 2
13 11 10
13 12 15
13 13 14
13 14 17
13 15 12
13 16 18
13 17 1
13 18 11
13 19 0
14 1 13
14 2 17
14 3 18
14 4 9
14 5 5
14 6 8
14 7 11
14 8 12
14 9 7
14 10 3
14 11 16
14 12 0
14 13 15
14 14 10
14 15 1
14 16 19
14 17 2
14 18 4
14 19 6
15 1 2
15 2 19
15 3 17
15 4 18
15 5 8
15 6 10
15 7 5
15 8 1
15 9 0
15 10 9
15 11 4
15 12 3
15 13 7
15 14 13
15 15 12
15 16 6
15 17 16
15 18 11
15 19 14
16 1 18
16 2 11
16 3 0
16 4 5
16 5 6
16 6 10
16 7 1
16 8 19
16 9 14
16 10 2
16 11 12
16 12 9
16 13 15
16 14 4
16 15 3
16 16 8
16 17 13
16 18 17
16 19 7
17 1 4
17 2 13
17 3 7
17 4 0
17 5 6
17 6 5
17 7 18
17 8 14
17 9 9
17 10 1
17 11 11
17 12 8
17 13 2
17 14 12
17 15 19
17 16 10
17 17 16
17 18 3
17 19 15
18 1 0
18 2 6
18 3 2
18 4 7
18 5 16
18 6 13
18 7 17
18 8 19
18 9 4
18 10 3
18 11 5
18 12 14
18 13 8
18 14 15
18 15 10
18 16 12
18 17 11
18 18 1
18 19 9
19 1 2
19 2 14
19 3 18
19 4 8
19 5 4
19 6 3
19 7 11
19 8 1
19 9 13
19 10 16
19 11 17
19 12 15
19 13 5
19 14 7
19 15 12
19 16 0
19 17 9
19 18 10
19 19 6