0 5
1 5
2 5
3 5
4 5
5 5
6 12
7 5
8 5
9 16
10 4
11 3
12 19
13 9
14 9
15 3
16 12
17 5
18 5
19 2
20 19
21 2
22 19
23 15
24 2
25 13
26 19
27 19
28 19
29 3
30 19
31 19
32 15
33 14
34 16
35 19
36 2
37 16
38 19
39 19
40 18
41 14
42 16
43 14
44 2
45 2
46 19
47 18
48 13
49 14
50 19
51 19
52 19
53 3
54 19
55 19
56 19
57 19
58 19
59 19
60 19
61 3
62 19
63 19
64 19
65 19
66 8
67 14
68 12
69 12
70 14
71 12
72 13
73 14
74 12
75 12
76 12
77 13
78 12
79 12
80 12
81 13
82 12
83 12
84 12
85 12
86 12
87 12
88 12
89 12
90 12
91 13
92 13
93 13
94 15
95 13
96 18
97 13
98 18
99 12
100 13
101 13
102 13
103 13
104 13
105 12
106 19
107 19
108 19
109 12
110 19
111 19
112 19
113 19
114 19
115 19
116 17
117 17
118 19
119 9
120 17
121 18
122 17
123 19
124 19
125 19
126 3
127 19
128 19
129 19
130 7
131 19
132 19
133 2
134 19
135 11
136 19
137 12
138 6
139 19
140 19
141 19
142 19
143 3
144 12
145 12
146 0
147 0
148 0
149 0
150 0
151 0
152 13
153 0
154 12
155 0
156 0
157 13
158 12
159 0
160 0
161 0
162 0
163 3
164 12
165 18
166 18
167 18
168 18
169 18
170 18
171 18
172 18
173 18
174 14
175 18
176 18
177 18
178 18
179 9
180 18
181 18
182 18
183 18
184 1
185 1
186 1
187 0
188 1
189 3
190 8
191 1
192 1
193 1
194 1
195 1
196 1
197 1
198 1
199 1
200 1
201 1
202 0
203 8
204 1
205 8
206 1
207 1
208 1
209 3
210 3
211 3
212 4
213 8
214 1
215 1
216 1
217 0
218 1
219 1
220 0
221 1
222 2
223 2
224 3
225 2
226 2
227 2
228 4
229 2
230 1
231 10
232 10
233 10
234 10
235 10
236 10
237 10
238 14
239 14
240 14
241 14
242 14
243 14
244 18
245 14
246 14
247 14
248 14
249 14
250 14
251 14
252 14
253 14
254 14
255 14
256 14
257 13
258 13
259 13
260 13
261 13
262 13
263 13
264 13
265 13
266 13
267 13
268 13
269 13
270 13
271 13
272 13
273 13
274 13
275 13
276 13
277 13
278 13
279 16
280 13
281 13
282 13
283 13
284 13
285 9
286 13
287 13
288 13
289 13
290 13
291 13
292 13
293 13
294 13
295 13
296 7
297 13
298 13
299 13
300 13
301 13
302 14
303 14
304 14
305 14
306 14
307 14
308 14
309 14
310 14
311 14
312 14
313 17
314 14
315 14
316 10
317 14
318 10
319 10
320 10
321 14
322 14
323 14
324 14
325 14
326 14
327 14
328 14
329 14
330 14
331 7
332 12
333 3
334 12
335 14
336 12
337 12
338 12
339 14
340 12
341 10
342 3
343 3
344 10
345 12
346 14
347 8
348 8
349 4
350 4
351 8
352 8
353 1
354 9
355 4
356 10
357 8
358 5
359 8
360 8
361 8
362 8
363 4
364 8
365 8
366 8
367 8
368 6
369 8
370 1
371 6
372 8
373 7
374 3
375 16
376 12
377 12
378 12
379 12
380 12
381 12
382 3
383 3
384 3
385 3
386 3
387 3
388 4
389 3
390 4
391 4
392 4
393 4
394 5
395 4
396 4
397 4
398 11
399 4
400 11
401 4
402 4
403 4
404 3
405 3
406 3
407 3
408 3
409 3
410 0
411 3
412 3
413 3
414 7
415 7
416 7
417 7
418 7
419 4
420 7
421 7
422 7
423 4
424 7
425 7
426 4
427 7
428 4
429 7
430 7
431 0
432 0
433 0
434 0
435 0
436 0
437 0
438 0
439 0
440 0
441 0
442 0
443 0
444 6
445 6
446 6
447 6
448 6
449 6
450 6
451 6
452 6
453 6
454 6
455 6
456 6
457 6
458 6
459 6
460 6
461 6
462 6
463 6
464 6
465 6
466 6
467 6
468 6
469 6
470 6
471 6
472 6
473 6
474 6
475 5
476 5
477 6
478 12
479 12
480 12
481 12
482 17
483 12
484 12
485 9
486 11
487 16
488 17
489 14
490 14
491 18
492 14
493 7
494 14
495 13
496 14
497 14
498 3
499 13
500 14
501 14
502 14
503 14
504 0
505 12
506 14
507 14
508 14
509 2
510 3
511 14
512 10
513 14
514 14
515 14
516 14
517 12
518 12
519 13
520 13
521 13
522 13
523 13
524 13
525 13
526 13
527 13
528 13
529 13
530 13
531 13
532 13
533 13
534 13
535 13
536 13
537 13
538 13
539 9
540 13
541 13
542 13
543 13
544 13
545 13
546 13
547 13
548 5
549 14
550 14
551 5
552 14
553 10
554 14
555 13
556 14
557 14
558 14
559 14
560 13
561 19
562 19
563 3
564 16
565 3
566 12
567 3
568 3
569 3
570 3
571 3
572 10
573 15
574 3
575 3
576 3
577 11
578 3
579 3
580 3
581 3
582 3
583 3
584 3
585 3
586 3
587 3
588 19
589 19
590 19
591 19
592 19
593 19
594 12
595 12
596 12
597 12
598 12
599 12
600 12
601 18
602 12
603 12
604 13
605 13
606 13
607 13
608 13
609 13
610 13
611 13
612 13
613 13
614 14
615 14
616 11
617 13
618 13
619 1
620 1
621 1
622 1
623 1
624 1
625 1
626 4
627 1
628 14
629 1
630 1
631 16
632 16
633 0
634 12
635 12
636 17
637 17
638 17
639 17
640 17
641 17
642 17
643 17
644 17
645 19
646 17
647 17
648 17
649 17
650 4
651 17
652 17
653 17
654 17
655 17
656 2
657 2
658 0
659 0
660 2
661 6
662 2
663 13
664 18
665 17
666 17
667 14
668 14
669 17
670 14
671 17
672 10
673 14
674 14
675 17
676 5
677 8
678 16
679 2
680 2
681 2
682 2
683 0
684 2
685 2
686 2
687 2
688 16
689 2
690 16
691 4
692 2
693 0
694 0
695 0
696 0
697 1
698 0
699 0
700 11
701 4
702 0
703 3
704 11
705 0
706 0
707 0
708 15
709 15
710 15
711 15
712 15
713 15
714 15
715 3
716 15
717 15
718 15
719 15
720 8
721 15
722 15
723 15
724 13
725 13
726 13
727 13
728 14
729 9
730 13
731 13
732 14
733 17
734 17
735 13
736 14
737 7
738 6
739 13
740 13
741 7
742 14
743 9
744 13
745 13
746 0
747 0
748 0
749 0
750 0
751 0
752 14
753 0
754 0
755 0
756 0
757 0
758 0
759 0
760 0
761 0
762 10
763 15
764 10
765 15
766 10
767 10
768 10
769 10
770 10
771 10
772 10
773 10
774 10
775 10
776 1
777 1
778 1
779 9
780 1
781 1
782 1
783 7
784 0
785 4
786 0
787 4
788 7
789 4
790 0
791 4
792 13
793 17
794 13
795 5
796 13
797 6
798 6
799 6
800 6
801 6
802 6
803 6
804 6
805 6
806 2
807 2
808 2
809 2
810 2
811 2
812 1
813 1
814 1
815 1
816 1
817 19
818 19
819 17
820 19
821 19
822 17
823 19
824 19
825 19
826 19
827 19
828 4
829 5
830 4
831 5
832 13
833 13
834 12
835 12
836 12
837 11
838 12
839 12
840 12
841 11
842 12
843 12
844 2
845 2
846 2
847 12
848 11
849 12
850 18
851 12
852 12
853 4
854 3
855 3
856 17
857 0
858 3
859 0
860 0
861 12
862 12
863 12
864 10
865 10
866 10
867 10
868 10
869 10
870 10
871 10
872 10
873 10
874 10
875 10
876 10
877 13
878 13
879 13
880 13
881 13
882 13
883 13
884 13
885 14
886 13
887 14
888 4
889 4
890 4
891 4
892 4
893 2
894 2
895 4
896 4
897 2
898 2
899 2
900 2
901 2
902 2
903 2
904 2
905 2
906 2
907 2
908 2
909 2
910 4
911 3
912 4
913 4
914 2
915 4
916 4
917 3
918 4
919 4
920 4
921 4
922 4
923 4
924 4
925 4
926 3
927 10
928 17
929 2
930 3
931 0
932 3
933 3
934 10
935 3
936 3
937 3
938 3
939 10
940 4
941 3
942 3
943 3
944 7
945 7
946 7
947 7
948 2
949 7
950 7
951 7
952 7
953 8
954 7
955 7
956 7
957 7
958 7
959 7
960 8
961 8
962 7
963 8
964 8
965 8
966 8
967 8
968 8
969 8
970 8
971 8
972 8
973 18
974 8
975 18
976 16
977 15
978 16
979 17
980 17
981 17
982 17
983 17
984 17
985 17
986 5
987 17
988 17
989 17
990 17
991 17
992 17
993 5
994 5
995 5
996 17
997 5
998 5
999 5
1000 5
1001 5
1002 5
1003 5
1004 5
1005 5
1006 5
1007 5
1008 5
1009 5
1010 5
1011 5
1012 5
1013 5
1014 9
1015 9
1016 9
1017 15
1018 9
1019 9
1020 9
1021 14
1022 9
1023 9
1024 10
1025 9
1026 9
1027 19
1028 19
1029 19
1030 19
1031 19
1032 19
1033 19
1034 0
1035 0
1036 0
1037 0
1038 0
1039 0
1040 0
1041 19
1042 5
1043 5
1044 5
1045 7
1046 6
1047 5
1048 17
1049 17
1050 17
1051 18
1052 18
1053 18
1054 17
1055 14
1056 18
1057 18
1058 18
1059 18
1060 18
1061 18
1062 14
1063 18
1064 17
1065 18
1066 18
1067 9
1068 18
1069 14
1070 18
1071 18
1072 18
1073 18
1074 9
1075 9
1076 9
1077 9
1078 9
1079 9
1080 9
1081 9
1082 9
1083 9
1084 9
1085 9
1086 17
1087 17
1088 19
1089 19
1090 19
1091 19
1092 19
1093 19
1094 19
1095 19
1096 5
1097 19
1098 19
1099 19
1100 12
1101 12
1102 8
1103 8
1104 8
1105 8
1106 8
1107 8
1108 8
1109 8
1110 8
1111 8
1112 8
1113 8
1114 8
1115 8
1116 8
1117 11
1118 5
1119 5
1120 18
1121 8
1122 8
1123 16
1124 16
1125 16
1126 16
1127 16
1128 16
1129 10
1130 16
1131 16
1132 16
1133 11
1134 14
1135 11
1136 11
1137 11
1138 11
1139 11
1140 11
1141 11
1142 11
1143 11
1144 11
1145 11
1146 11
1147 11
1148 11
1149 11
1150 11
1151 11
1152 11
1153 17
1154 11
1155 11
1156 6
1157 6
1158 6
1159 9
1160 6
1161 6
1162 6
1163 6
1164 6
1165 3
1166 3
1167 1
1168 6
1169 6
1170 6
1171 6
1172 6
1173 6
1174 6
1175 6
1176 6
1177 15
1178 19
1179 19
1180 19
1181 19
1182 19
1183 19
1184 19
1185 19
1186 8
1187 8
1188 8
1189 8
1190 8
1191 8
1192 7
1193 7
1194 7
1195 7
1196 7
1197 7
1198 7
1199 7
1200 7
1201 7
1202 7
1203 5
1204 1
1205 5
1206 5
1207 5
1208 16
1209 5
1210 5
1211 5
1212 5
1213 5
1214 5
1215 5
1216 5
1217 18
1218 18
1219 18
1220 18
1221 18
1222 18
1223 18
1224 18
1225 18
1226 18
1227 18
1228 18
1229 14
1230 14
1231 14
1232 7
1233 14
1234 14
1235 14
1236 0
1237 0
1238 1
1239 1
1240 1
1241 1
1242 1
1243 1
1244 1
1245 1
1246 1
1247 1
1248 1
1249 1
1250 1
1251 1
1252 1
1253 1
1254 1
1255 1
1256 1
1257 1
1258 1
1259 1
1260 1
1261 1
1262 1
1263 1
1264 1
1265 1
1266 1
1267 1
1268 1
1269 1
1270 1
1271 1
1272 1
1273 1
1274 1
1275 1
1276 1
1277 1
1278 1
1279 0
1280 0
1281 0
1282 17
1283 17
1284 17
1285 17
1286 17
1287 1
1288 6
1289 6
1290 4
1291 8
1292 4
1293 4
1294 4
1295 4
1296 4
1297 4
1298 18
1299 18
1300 18
1301 18
1302 18
1303 18
1304 18
1305 18
1306 18
1307 18
1308 18
1309 18
1310 18
1311 2
1312 18
1313 18
1314 18
1315 18
1316 18
1317 2
1318 18
1319 18
1320 18
1321 18
1322 18
1323 18
1324 9
1325 9
1326 9
1327 9
1328 9
1329 9
1330 10
1331 10
1332 0
1333 0
1334 13
1335 0
1336 0
1337 0
1338 0
1339 0
1340 0
1341 10
1342 7
1343 19
1344 10
1345 18
1346 18
1347 18
1348 18
1349 18
1350 18
1351 18
1352 18
1353 18
1354 17
1355 17
1356 17
1357 17
1358 17
1359 17
1360 17
1361 17
1362 17
1363 17
1364 17
1365 17
1366 17
1367 7
1368 9
1369 9
1370 9
1371 9
1372 9
1373 4
1374 4
1375 4
1376 4
1377 4
1378 4
1379 4
1380 3
1381 18
1382 8
1383 8
1384 8
1385 8
1386 8
1387 8
1388 8
1389 8
1390 15
1391 8
1392 8
1393 2
1394 8
1395 8
1396 13
1397 8
1398 15
1399 8
1400 8
1401 9
1402 8
1403 0
1404 18
1405 18
1406 18
1407 14
1408 14
1409 14
1410 14
1411 14
1412 14
1413 14
1414 14
1415 5
1416 5
1417 5
1418 5
1419 5
1420 5
1421 5
1422 7
1423 7
1424 7
1425 7
1426 7
1427 7
1428 7
1429 7
1430 7
1431 7
1432 18
1433 18
1434 18
1435 18
1436 18
1437 18
1438 18
1439 8
1440 8
1441 8
1442 8
1443 6
1444 9
1445 9
1446 9
1447 8
1448 6
1449 6
1450 6
1451 6
1452 6
1453 6
1454 7
1455 6
1456 6
1457 6
1458 6
1459 6
1460 6
1461 6
1462 6
1463 6
1464 6
1465 6
1466 6
1467 6
1468 6
1469 6
1470 6
1471 6
1472 6
1473 6
1474 7
1475 7
1476 7
1477 7
1478 5
1479 7
1480 3
1481 3
1482 3
1483 3
1484 3
1485 2
1486 3
1487 3
1488 3
1489 14
1490 14
1491 15
1492 15
1493 15
1494 15
1495 15
1496 15
1497 15
1498 15
1499 15
1500 15
1501 15
1502 15
1503 4
1504 17
1505 15
1506 15
1507 15
1508 15
1509 15
1510 17
1511 9
1512 9
1513 9
1514 9
1515 4
1516 4
1517 4
1518 4
1519 2
1520 10
1521 3
1522 2
1523 2
1524 3
1525 10
1526 10
1527 10
1528 10
1529 10
1530 10
1531 10
1532 10
1533 19
1534 10
1535 10
1536 10
1537 10
1538 10
1539 10
1540 10
1541 10
1542 10
1543 10
1544 10
1545 10
1546 10
1547 10
1548 10
1549 10
1550 10
1551 10
1552 10
1553 10
1554 10
1555 10
1556 10
1557 17
1558 12
1559 16
1560 7
1561 12
1562 11
1563 15
1564 15
1565 15
1566 15
1567 15
1568 15
1569 14
1570 14
1571 14
1572 11
1573 11
1574 11
1575 11
1576 1
1577 11
1578 11
1579 11
1580 11
1581 11
1582 4
1583 3
1584 3
1585 3
1586 3
1587 2
1588 2
1589 2
1590 2
1591 2
1592 1
1593 2
1594 4
1595 4
1596 4
1597 4
1598 19
1599 2
1600 2
1601 2
1602 2
1603 2
1604 2
1605 2
1606 2
1607 2
1608 2
1609 2
1610 2
1611 5
1612 2
1613 2
1614 2
1615 2
1616 2
1617 2
1618 4
1619 4
1620 18
1621 18
1622 4
1623 19
1624 19
1625 19
1626 19
1627 8
1628 8
1629 8
1630 8
1631 8
1632 8
1633 2
1634 2
1635 1
1636 1
1637 1
1638 1
1639 1
1640 1
1641 1
1642 1
1643 16
1644 16
1645 16
1646 16
1647 18
1648 18
1649 18
1650 18
1651 18
1652 18
1653 18
1654 18
1655 18
1656 18
1657 18
1658 18
1659 18
1660 18
1661 3
1662 4
1663 4
1664 3
1665 4
1666 17
1667 17
1668 17
1669 17
1670 3
1671 3
1672 17
1673 17
1674 1
1675 1
1676 14
1677 1
1678 1
1679 1
1680 1
1681 1
1682 1
1683 1
1684 1
1685 4
1686 18
1687 18
1688 10
1689 19
1690 2
1691 2
1692 8
1693 3
1694 7
1695 2
1696 2
1697 1
1698 18
1699 18
1700 13
1701 4
1702 4
1703 3
1704 3
1705 0
1706 14
1707 0
1708 0
1709 0
1710 0
1711 9
1712 7
1713 7
1714 7
1715 7
1716 7
1717 7
1718 1
1719 1
1720 1
1721 1
1722 1
1723 1
1724 1
1725 1
1726 1
1727 18
1728 19
1729 17
1730 10
1731 10
1732 10
1733 10
1734 10
1735 10
1736 10
1737 10
1738 10
1739 10
1740 10
1741 10
1742 10
1743 10
1744 10
1745 12
1746 12
1747 6
1748 0
1749 0
1750 0
1751 12
1752 12
1753 12
1754 12
1755 6
1756 18
1757 18
1758 18
1759 5
1760 11
1761 18
1762 18
1763 0
1764 18
1765 18
1766 3
1767 3
1768 3
1769 1
1770 10
1771 14
1772 10
1773 10
1774 10
1775 10
1776 10
1777 1
1778 1
1779 1
1780 11
1781 11
1782 11
1783 18
1784 11
1785 11
1786 11
1787 11
1788 11
1789 11
1790 11
1791 11
1792 11
1793 10
1794 10
1795 10
1796 10
1797 10
1798 10
1799 10
1800 10
1801 10
1802 10
1803 10
1804 10
1805 10
1806 10
1807 10
1808 18
1809 11
1810 11
1811 11
1812 11
1813 11
1814 4
1815 11
1816 11
1817 11
1818 11
1819 0
1820 0
1821 0
1822 0
1823 0
1824 0
1825 0
1826 1
1827 1
1828 1
1829 1
1830 10
1831 10
1832 10
1833 10
1834 10
1835 10
1836 10
1837 16
1838 16
1839 9
1840 8
1841 9
1842 9
1843 9
1844 8
1845 8
1846 9
1847 7
1848 7
1849 9
1850 13
1851 14
1852 13
1853 13
1854 11
1855 14
1856 0
1857 8
1858 9
1859 8
1860 8
1861 8
1862 8
1863 8
1864 5
1865 8
1866 8
1867 8
1868 8
1869 8
1870 8
1871 17
1872 17
1873 17
1874 17
1875 17
1876 17
1877 17
1878 17
1879 17
1880 17
1881 17
1882 17
1883 17
1884 17
1885 17
1886 17
1887 17
1888 17
1889 17
1890 17
1891 17
1892 17
1893 17
1894 17
1895 17
1896 17
1897 17
1898 17
1899 17
1900 17
1901 17
1902 17
1903 17
1904 17
1905 5
1906 3
1907 11
1908 11
1909 0
1910 11
1911 11
1912 3
1913 7
1914 7
1915 7
1916 4
1917 17
1918 18
1919 18
1920 17
1921 17
1922 17
1923 17
1924 10
1925 10
1926 11
1927 11
1928 11
1929 11
1930 6
1931 6
1932 14
1933 6
1934 6
1935 6
1936 15
1937 15
1938 19
1939 19
1940 11
1941 19
1942 11
1943 19
1944 7
1945 7
1946 7
1947 7
1948 7
1949 9
1950 1
1951 1
1952 4
1953 10
1954 10
1955 1
1956 4
1957 1
1958 1
1959 6
1960 5
1961 5
1962 5
1963 5
1964 5
1965 5
1966 2
1967 5
1968 5
1969 5
1970 2
1971 5
1972 5
1973 5
1974 5
1975 5
1976 5
1977 5
1978 5
1979 5
1980 5
1981 5
1982 5
1983 19
1984 19
1985 19
1986 11
1987 11
1988 19
1989 19
1990 15
1991 19
1992 11
1993 19
1994 3
1995 3
1996 3
1997 3
1998 19
1999 19
2000 19
2001 11
2002 10
2003 10
2004 10
2005 6
2006 14
2007 4
2008 14
2009 14
2010 3
2011 4
2012 4
2013 4
2014 4
2015 4
2016 4
2017 2
2018 2
2019 2
2020 2
2021 2
2022 2
2023 2
2024 2
2025 2
2026 2
2027 10
2028 10
2029 10
2030 4
2031 4
2032 4
2033 4
2034 18
2035 18
2036 18
2037 18
2038 5
2039 10
2040 10
2041 10
2042 4
2043 4
2044 4
2045 1
2046 4
2047 2
2048 2
2049 2
2050 2
2051 5
2052 2
2053 2
2054 7
2055 2
2056 2
2057 2
2058 2
2059 4
2060 4
2061 18
2062 18
2063 18
2064 18
2065 18
2066 0
2067 0
2068 0
2069 0
2070 0
2071 5
2072 0
2073 8
2074 15
2075 5
2076 5
2077 14
2078 5
2079 5
2080 5
2081 5
2082 7
2083 7
2084 7
2085 7
2086 7
2087 7
2088 18
2089 13
2090 18
2091 18
2092 18
2093 8
2094 8
2095 17
2096 8
2097 8
2098 8
2099 8
2100 8
2101 8
2102 8
2103 19
2104 19
2105 16
2106 16
2107 16
2108 16
2109 0
2110 0
2111 0
2112 0
2113 9
2114 8
2115 9
2116 8
2117 17
2118 2
2119 17
2120 17
2121 17
2122 17
2123 17
2124 0
2125 0
2126 0
2127 0
2128 0
2129 0
2130 0
2131 0
2132 0
2133 0
2134 17
2135 17
2136 17
2137 17
2138 6
2139 6
2140 5
2141 9
2142 11
2143 3
2144 3
2145 3
2146 3
2147 13
2148 6
2149 13
2150 5
2151 5
2152 13
2153 13
2154 16
2155 12
2156 12
2157 12
2158 12
2159 12
2160 11
2161 11
2162 1
2163 10
2164 10
2165 10
2166 10
2167 10
2168 10
2169 10
2170 10
2171 10
2172 11
2173 10
2174 10
2175 10
2176 5
2177 5
2178 5
2179 5
2180 5
2181 5
2182 5
2183 4
2184 4
2185 6
2186 6
2187 6
2188 13
2189 13
2190 13
2191 7
2192 7
2193 7
2194 7
2195 8
2196 7
2197 9
2198 14
2199 14
2200 6
2201 6
2202 15
2203 8
2204 8
2205 7
2206 3
2207 16
2208 16
2209 9
2210 9
2211 0
2212 0
2213 17
2214 18
2215 18
2216 18
2217 18
2218 19
2219 19
2220 19
2221 17
2222 1
2223 1
2224 1
2225 1
2226 18
2227 15
2228 15
2229 15
2230 15
2231 15
2232 15
2233 7
2234 7
2235 15
2236 15
2237 15
2238 15
2239 15
2240 15
2241 15
2242 15
2243 15
2244 0
2245 14
2246 14
2247 14
2248 14
2249 14
2250 17
2251 4
2252 4
2253 4
2254 4
2255 4
2256 4
2257 3
2258 3
2259 3
2260 3
2261 3
2262 3
2263 12
2264 5
2265 5
2266 5
2267 5
2268 2
2269 5
2270 5
2271 4
2272 4
2273 4
2274 4
2275 4
2276 4
2277 4
2278 4
2279 1
2280 1
2281 1
2282 0
2283 4
2284 14
2285 9
2286 9
2287 5
2288 16
2289 16
2290 16
2291 16
2292 16
2293 16
2294 0
2295 3
2296 3
2297 3
2298 3
2299 3
2300 2
2301 15
2302 15
2303 15
2304 15
2305 15
2306 15
2307 15
2308 15
2309 15
2310 0
2311 15
2312 4
2313 7
2314 7
2315 3
2316 3
2317 3
2318 3
2319 4
2320 4
2321 4
2322 4
2323 4
2324 4
2325 4
2326 9
2327 9
2328 8
2329 9
2330 9
2331 5
2332 5
2333 5
2334 5
2335 5
2336 5
2337 5
2338 8
2339 2
2340 2
2341 2
2342 2
2343 1
2344 14
2345 4
2346 4
2347 4
2348 4
2349 4
2350 4
2351 4
2352 4
2353 4
2354 4
2355 18
2356 18
2357 18
2358 18
2359 18
2360 18
2361 9
2362 3
2363 3
2364 9
2365 10
2366 9
2367 9
2368 9
2369 9
2370 9
2371 9
2372 9
2373 9
2374 9
2375 9
2376 9
2377 9
2378 1
2379 9
2380 9
2381 15
2382 15
2383 15
2384 15
2385 15
2386 11
2387 11
2388 3
2389 3
2390 17
2391 17
2392 17
2393 17
2394 17
2395 17
2396 17
2397 17
2398 17
2399 17
2400 17
2401 17
2402 17
2403 18
2404 18
2405 18
2406 18
2407 18
2408 14
2409 14
2410 14
2411 14
2412 14
2413 14
2414 14
2415 17
2416 3
2417 0
2418 0
2419 0
2420 0
2421 0
2422 0
2423 2
2424 0
2425 14
2426 10
2427 10
2428 19
2429 19
2430 19
2431 0
2432 0
2433 0
2434 10
2435 13
2436 13
2437 13
2438 13
2439 13
2440 13
2441 13
2442 13
2443 13
2444 13
2445 0
2446 13
2447 13
2448 13
2449 13
2450 13
2451 0
2452 13
2453 13
2454 13
2455 13
2456 13
2457 10
2458 10
2459 9
2460 9
2461 9
2462 9
2463 9
2464 9
2465 9
2466 9
2467 9
2468 9
2469 7
2470 7
2471 7
2472 9
2473 0
2474 0
2475 9
2476 9
2477 9
2478 9
2479 9
2480 17
2481 3
2482 17
2483 17
2484 17
2485 17
2486 17
2487 17
2488 17
2489 18
2490 17
2491 17
2492 17
2493 11
2494 17
2495 17
2496 17
2497 17
2498 12
2499 12
2500 12
2501 13
2502 13
2503 13
2504 13
2505 13
2506 13
2507 3
2508 3
2509 3
2510 3
2511 3
2512 3
2513 3
2514 2
2515 11
2516 11
2517 11
2518 5
2519 13
2520 6
2521 6
2522 6
2523 4
2524 4
2525 4
2526 4
2527 4
2528 4
2529 4
2530 4
2531 4
2532 9
2533 9
2534 8
2535 8
2536 8
2537 8
2538 7
2539 8
2540 8
2541 8
2542 8
2543 8
2544 8
2545 8
2546 8
2547 8
2548 8
2549 8
2550 8
2551 8
2552 8
2553 13
2554 13
2555 3
2556 17
2557 2
2558 2
2559 2
2560 2
2561 2
2562 2
2563 2
2564 14
2565 14
2566 14
2567 14
2568 14
2569 19
2570 19
2571 19
2572 19
2573 19
2574 19
2575 19
2576 19
2577 19
2578 19
2579 19
2580 15
2581 15
2582 9
2583 3
2584 3
2585 11
2586 3
2587 15
2588 15
2589 15
2590 15
2591 15
2592 15
2593 15
2594 15
2595 15
2596 17
2597 5
2598 5
2599 19
2600 19
2601 19
2602 17
2603 17
2604 6
2605 11
2606 11
2607 11
2608 11
2609 11
2610 11
2611 12
2612 4
2613 4
2614 4
2615 4
2616 4
2617 6
2618 6
2619 6
2620 6
2621 6
2622 6
2623 3
2624 15
2625 6
2626 12
2627 12
2628 12
2629 12
2630 12
2631 12
2632 12
2633 12
2634 12
2635 12
2636 11
2637 10
2638 11
2639 12
2640 1
2641 7
2642 7
2643 7
2644 7
2645 5
2646 5
2647 5
2648 5
2649 5
2650 5
2651 3
2652 12
2653 3
2654 3
2655 3
2656 15
2657 15
2658 15
2659 15
2660 15
2661 15
2662 15
2663 15
2664 15
2665 15
2666 5
2667 15
2668 15
2669 15
2670 15
2671 15
2672 17
2673 15
2674 15
2675 15
2676 15
2677 8
2678 8
2679 3
2680 3
2681 3
2682 2
2683 3
2684 3
2685 11
2686 11
2687 11
2688 11
2689 11
2690 11
2691 11
2692 11
2693 11
2694 19
2695 19
2696 19
2697 19
2698 19
2699 19
2700 19
2701 19
2702 19
2703 19
2704 5
2705 5
2706 5
2707 5
2708 5
2709 5
2710 5
2711 3
2712 3
2713 3
2714 3
2715 3
2716 3
2717 3
2718 11
2719 11
2720 11
2721 7
2722 8
2723 8
2724 8
2725 8
2726 8
2727 8
2728 7
2729 8
2730 7
2731 7
2732 7
2733 8
2734 7
2735 8
2736 8
2737 9
2738 8
2739 8
2740 8
2741 9
2742 8
2743 8
2744 8
2745 9
2746 9
2747 9
2748 3
2749 3
2750 3
2751 3
2752 3
2753 3
2754 3
2755 3
2756 5
2757 5
2758 5
2759 7
2760 7
2761 7
2762 7
2763 7
2764 8
2765 1
2766 8
2767 7
2768 7
2769 11
2770 13
2771 11
2772 11
2773 11
2774 12
2775 11
2776 12
2777 13
2778 13
2779 13
2780 13
2781 11
2782 11
2783 18
2784 2
2785 3
2786 7
2787 7
2788 5
2789 5
2790 5
2791 5
2792 5
2793 14
2794 0
2795 10
2796 10
2797 10
2798 10
2799 10
2800 10
2801 12
2802 12
2803 12
2804 12
2805 12
2806 16
2807 1
2808 11
2809 6
2810 6
2811 6
2812 6
2813 15
2814 15
2815 15
2816 15
2817 15
2818 15
2819 15
2820 8
2821 9
2822 0
2823 13
2824 8
2825 8
2826 8
2827 15
2828 15
2829 0
2830 0
2831 0
2832 0
2833 0
2834 0
2835 0
2836 0
2837 16
2838 2
2839 16
2840 19
2841 19
2842 19
2843 10
2844 10
2845 11
2846 17
2847 14
2848 11
2849 9
2850 9
2851 9
2852 9
2853 18
2854 18
2855 18
2856 18
2857 18
2858 18
2859 18
2860 3
2861 3
2862 3
2863 6
2864 15
2865 15
2866 15
2867 15
2868 5
2869 8
2870 1
2871 8
2872 8
2873 8
2874 8
2875 8
2876 8
2877 8
2878 8
2879 5
2880 0
2881 9
2882 8
2883 8
2884 10
2885 10
2886 1
2887 8
2888 8
2889 18
2890 0
2891 18
2892 18
2893 18
2894 18
2895 18
2896 18
2897 17
2898 17
2899 14
2900 14
2901 14
2902 14
2903 16
2904 16
2905 16
2906 16
2907 1
2908 7
2909 7
2910 7
2911 7
2912 2
2913 2
2914 15
2915 16
2916 2
2917 2
2918 3
2919 16
2920 14
2921 14
2922 14
2923 14
2924 14
2925 14
2926 14
2927 14
2928 14
2929 14
2930 14
2931 14
2932 14
2933 11
2934 14
2935 9
2936 9
2937 9
2938 8
2939 8
2940 8
2941 8
2942 8
2943 8
2944 8
2945 8
2946 8
2947 8
2948 8
2949 8
2950 18
2951 18
2952 5
2953 11
2954 11
2955 11
2956 16
2957 11
2958 11
2959 11
2960 11
2961 11
2962 11
2963 5
2964 5
2965 5
2966 9
2967 9
2968 0
2969 9
2970 9
2971 12
2972 12
2973 12
2974 12
2975 12
2976 12
2977 12
2978 12
2979 12
2980 2
2981 2
2982 2
2983 2
2984 2
2985 2
2986 2
2987 2
2988 5
2989 5
2990 0
2991 0
2992 0
2993 0
2994 2
2995 2
2996 2
2997 2
2998 14
2999 17
3000 17
3001 17
3002 17
3003 17
3004 6
3005 6
3006 14
3007 14
3008 14
3009 14
3010 14
3011 1
3012 6
3013 6
3014 6
3015 6
3016 6
3017 6
3018 5
3019 5
3020 1
3021 1
3022 1
3023 1
3024 1
3025 1
3026 1
3027 1
3028 1
3029 1
3030 13
3031 9
3032 0
3033 0
3034 1
3035 7
3036 6
3037 6
3038 6
3039 6
3040 6
3041 5
3042 6
3043 6
3044 6
3045 6
3046 6
3047 19
3048 19
3049 19
3050 2
3051 2
3052 2
3053 2
3054 19
3055 19
3056 19
3057 19
3058 19
3059 19
3060 19
3061 15
3062 17
3063 5
3064 5
3065 5
3066 9
3067 9
3068 8
3069 8
3070 8
3071 11
3072 19
3073 19
3074 19
3075 19
3076 19
3077 12
3078 12
3079 12
3080 12
3081 12
3082 2
3083 2
3084 1
3085 17
3086 15
3087 15
3088 15
3089 2
3090 7
3091 8
3092 8
3093 8
3094 7
3095 15
3096 15
3097 15
3098 15
3099 8
3100 17
3101 17
3102 15
3103 2
3104 14
3105 6
3106 6
3107 0
3108 0
3109 5
3110 5
3111 5
3112 0
3113 0
3114 0
3115 0
3116 10
3117 10
3118 10
3119 6
3120 6
3121 9
3122 6
3123 6
3124 10
3125 10
3126 10
3127 10
3128 3
3129 18
3130 18
3131 0
3132 0
3133 8
3134 10
3135 10
3136 10
3137 10
3138 10
3139 10
3140 10
3141 10
3142 10
3143 7
3144 7
3145 7
3146 4
3147 7
3148 7
3149 7
3150 7
3151 4
3152 7
3153 17
3154 18
3155 18
3156 1
3157 1
3158 12
3159 15
3160 15
3161 15
3162 15
3163 4
3164 13
3165 13
3166 13
3167 13
3168 8
3169 9
3170 11
3171 11
3172 11
3173 6
3174 6
3175 5
3176 5
3177 15
3178 15
3179 15
3180 0
3181 15
3182 18
3183 9
3184 9
3185 9
3186 9
3187 9
3188 9
3189 9
3190 3
3191 3
3192 3
3193 17
3194 17
3195 15
3196 15
3197 15
3198 15
3199 15
3200 9
3201 9
3202 18
3203 18
3204 11
3205 11
3206 11
3207 11
3208 11
3209 5
3210 5
3211 5
3212 7
3213 7
3214 7
3215 7
3216 5
3217 5
3218 5
3219 5
3220 5
3221 7
3222 7
3223 7
3224 7
3225 7
3226 7
3227 7
3228 7
3229 7
3230 18
3231 18
3232 18
3233 9
3234 9
3235 16
3236 9
3237 9
3238 9
3239 9
3240 9
3241 9
3242 9
3243 9
3244 18
3245 1
3246 1
3247 1
3248 7
3249 1
3250 7
3251 7
3252 7
3253 7
3254 7
3255 7
3256 7
3257 7
3258 7
3259 7
3260 7
3261 7
3262 7
3263 7
3264 7
3265 9
3266 1
3267 1
3268 1
3269 1
3270 0
3271 1
3272 0
3273 8
3274 2
3275 2
3276 2
3277 2
3278 2
3279 2
3280 2
3281 2
3282 9
3283 9
3284 6
3285 9
3286 9
3287 9
3288 9
3289 9
3290 9
3291 12
3292 10
3293 10
3294 10
3295 10
3296 13
3297 13
3298 13
3299 13
3300 13
3301 13
3302 2
3303 2
3304 2
3305 2
3306 2
3307 2
3308 2
3309 2
3310 2
3311 2
3312 2
3313 2
3314 2
3315 2
3316 2
3317 2
3318 4
3319 4
3320 4
3321 12
3322 10
3323 10
3324 8
3325 19
3326 19
3327 13
3328 13
3329 13
3330 13
3331 19
3332 1
3333 11
3334 13
3335 11
3336 13
3337 1
3338 11
3339 11
3340 11
3341 11
3342 14
3343 16
3344 16
3345 16
3346 16
3347 16
3348 16
3349 16
3350 16
3351 16
3352 16
3353 16
3354 16
3355 16
3356 16
3357 16
3358 13
3359 9
3360 9
3361 9
3362 9
3363 9
3364 15
3365 15
3366 15
3367 15
3368 15
3369 15
3370 15
3371 15
3372 15
3373 15
3374 14
3375 14
3376 4
3377 6
3378 6
3379 6
3380 6
3381 6
3382 6
3383 6
3384 6
3385 6
3386 1
3387 1
3388 1
3389 8
3390 8
3391 15
3392 15
3393 15
3394 15
3395 15
3396 15
3397 12
3398 12
3399 12
3400 12
3401 12
3402 12
3403 12
3404 12
3405 12
3406 12
3407 12
3408 12
3409 12
3410 10
3411 16
3412 16
3413 9
3414 9
3415 7
3416 7
3417 7
3418 7
3419 7
3420 1
3421 1
3422 1
3423 1
3424 2
3425 2
3426 2
3427 4
3428 4
3429 4
3430 7
3431 15
3432 15
3433 15
3434 12
3435 12
3436 0
3437 13
3438 13
3439 13
3440 18
3441 13
3442 13
3443 13
3444 13
3445 13
3446 13
3447 1
3448 17
3449 17
3450 17
3451 17
3452 16
3453 16
3454 16
3455 16
3456 16
3457 16
3458 16
3459 16
3460 16
3461 16
3462 16
3463 16
3464 16
3465 16
3466 16
3467 16
3468 16
3469 16
3470 16
3471 16
3472 16
3473 16
3474 16
3475 16
3476 16
3477 16
3478 16
3479 16
3480 16
3481 16
3482 16
3483 16
3484 16
3485 16
3486 0
3487 0
3488 0
3489 3
3490 3
3491 11
3492 11
3493 11
3494 11
3495 9
3496 9
3497 9
3498 9
3499 1
3500 4
3501 15
3502 15
3503 15
3504 10
3505 15
3506 15
3507 15
3508 15
3509 5
3510 5
3511 5
3512 5
3513 5
3514 5
3515 5
3516 5
3517 16
3518 16
3519 16
3520 16
3521 16
3522 16
3523 16
3524 16
3525 16
3526 16
3527 16
3528 16
3529 16
3530 16
3531 16
3532 16
3533 16
3534 16
3535 16
3536 16
3537 16
3538 16
3539 16
3540 12
3541 12
3542 12
3543 11
3544 5
3545 5
3546 5
3547 5
3548 13
3549 13
3550 3
3551 11
3552 11
3553 11
3554 4
3555 4
3556 4
3557 7
3558 7
3559 0
3560 6
3561 6
3562 6
3563 6
3564 13
3565 13
3566 13
3567 13
3568 13
3569 8
3570 8
3571 8
3572 3
3573 11
3574 11
3575 7
3576 7
3577 7
3578 7
3579 7
3580 7
3581 7
3582 7
3583 7
3584 7
3585 7
3586 7
3587 2
3588 13
3589 7
3590 13
3591 4
3592 17
3593 7
3594 14
3595 14
3596 18
3597 19
3598 9
3599 11
3600 9
3601 12
3602 16
3603 3
3604 15
3605 4
3606 4
3607 4
3608 4
3609 4
3610 8
3611 4
3612 4
3613 18
3614 18
3615 18
3616 18
3617 17
3618 17
3619 8
3620 8
3621 15
3622 15
3623 15
3624 3
3625 3
3626 3
3627 3
3628 3
3629 3
3630 6
3631 6
3632 6
3633 6
3634 6
3635 6
3636 6
3637 6
3638 0
3639 0
3640 3
3641 3
3642 3
3643 16
3644 16
3645 16
3646 16
3647 16
3648 16
3649 16
3650 16
3651 16
3652 16
3653 7
3654 7
3655 7
3656 10
3657 9
3658 16
3659 16
3660 16
3661 16
3662 16
3663 16
3664 16
3665 16
3666 16
3667 16
3668 16
3669 16
3670 16
3671 16
3672 16
3673 16
3674 16
3675 16
3676 16
3677 16
3678 16
3679 16
3680 16
3681 16
3682 16
3683 16
3684 16
3685 16
3686 16
3687 16
3688 16
3689 16
3690 16
3691 16
3692 19
3693 19
3694 19
3695 5
3696 9
3697 15
3698 5
3699 5
3700 5
3701 5
3702 10
3703 18
3704 11
3705 11
3706 11
3707 19
3708 0
3709 0
3710 9
3711 9
3712 9
3713 9
3714 9
3715 9
3716 9
3717 9
3718 9
3719 9
3720 17
3721 15
3722 15
3723 15
3724 15
3725 5
3726 9
3727 9
3728 9
3729 4
3730 2
3731 2
3732 7
3733 19
3734 14
3735 14
3736 14
3737 14
3738 5
3739 6
3740 6
3741 6
3742 6
3743 6
3744 11
3745 11
3746 11
3747 11
3748 11
3749 11
3750 11
3751 11
3752 11
3753 11
3754 11
3755 11
3756 0
3757 0
3758 11
3759 11
3760 11
3761 11
3762 8
3763 5
3764 5
3765 12
3766 12
3767 12
3768 0
3769 0
3770 0
3771 0
3772 4
3773 2
3774 2
3775 6
3776 6
3777 6
3778 6
3779 6
3780 14
3781 12
3782 11
3783 11
3784 1
3785 1
3786 1
3787 1
3788 1
3789 6
3790 6
3791 6
3792 19
3793 19
3794 7
3795 7
3796 7
3797 16
3798 16
3799 16
3800 9
3801 9
3802 9
3803 18
3804 16
3805 16
3806 4
3807 5
3808 2
3809 12
3810 12
3811 12
3812 12
3813 12
3814 12
3815 5
3816 7
3817 14
3818 1
3819 12
3820 12
3821 12
3822 12
3823 12
3824 12
3825 12
3826 12
3827 9
3828 9
3829 18
3830 18
3831 16
3832 16
3833 15
3834 4
3835 4
3836 5
3837 17
3838 17
3839 9
3840 19
3841 19
3842 19
3843 19
3844 19
3845 19
3846 0
3847 0
3848 0
3849 16
3850 17
3851 17
3852 9
3853 9
3854 12
3855 19
3856 1
3857 1
3858 1
3859 8
3860 8
3861 8
3862 8
3863 19
3864 19
3865 19
3866 5
3867 6
3868 6
3869 6
3870 6
3871 6
3872 6
3873 1
3874 11
3875 11
3876 11
3877 11
3878 11
3879 11
3880 11
3881 11
3882 11
3883 11
3884 14
3885 15
3886 15
3887 15
3888 15
3889 15
3890 16
3891 8
3892 8
3893 7
3894 14
3895 14
3896 14
3897 14
3898 14
3899 3
3900 7
3901 7
3902 7
3903 7
3904 7
3905 7
3906 7
3907 7
3908 11
3909 11
3910 11
3911 11
3912 19
3913 19
3914 3
3915 9
3916 6
3917 6
3918 6
3919 6
3920 6
3921 6
3922 6
3923 6
3924 6
3925 5
3926 5
3927 5
3928 18
3929 18
3930 18
3931 18
3932 18
3933 14
3934 2
3935 2
3936 2
3937 3
3938 3
3939 3
3940 3
3941 0
3942 0
3943 0
3944 0
3945 6
3946 4
3947 0
3948 0
3949 0
3950 17
3951 12
3952 5
3953 17
3954 18
3955 6
3956 4
3957 4
3958 4
3959 4
3960 4
3961 19
3962 19
3963 1
3964 9
3965 8
3966 10
3967 15
3968 19
3969 19
3970 19
3971 19
3972 12
3973 12
3974 12
3975 12
3976 12
3977 12
3978 12
3979 12
3980 12
3981 12
3982 12
3983 12
3984 12
3985 12
3986 12
3987 0
3988 18
3989 18
3990 18
3991 1
3992 12
3993 12
3994 12
3995 17
3996 14
3997 14
3998 0
3999 1
4000 0
4001 11
4002 11
4003 11
4004 15
4005 9
4006 9
4007 16
4008 16
4009 16
4010 16
4011 16
4012 3
4013 12
4014 18
4015 4
4016 2
4017 19
4018 15
4019 4
4020 4
4021 4
4022 14
4023 11
4024 11
4025 11
4026 4
4027 3
4028 1
4029 1
4030 1
4031 15
4032 15
4033 15
4034 0
4035 3
4036 3
4037 14
4038 14
4039 3
4040 3
4041 3
4042 3
4043 3
4044 15
4045 15
4046 2
4047 2
4048 2
4049 4
4050 4
4051 6
4052 1
4053 2
4054 2
4055 4
4056 4
4057 4
4058 1
4059 3
4060 3
4061 3
4062 15
4063 16
4064 16
4065 3
4066 2
4067 9
4068 2
4069 3
4070 12
4071 12
4072 12
4073 12
4074 12
4075 12
4076 12
4077 12
4078 12
4079 12
4080 12
4081 12
4082 12
4083 12
4084 12
4085 1
4086 1
4087 11
4088 11
4089 15
4090 5
4091 5
4092 0
4093 0
4094 0
4095 0
4096 19
4097 19
4098 19
4099 6
4100 9
4101 9
4102 4
4103 5
4104 5
4105 19
4106 19
4107 19
4108 14
4109 19
4110 11
4111 11
4112 11
4113 2
4114 9
4115 11
4116 3
4117 3
4118 10
4119 10
4120 10
4121 10
4122 10
4123 10
4124 10
4125 10
4126 10
4127 6
4128 6
4129 16
4130 16
4131 16
4132 16
4133 16
4134 16
4135 1
4136 7
4137 16
4138 9
4139 6
4140 6
4141 4
4142 4
4143 4
4144 17
4145 16
4146 16
4147 16
4148 17
4149 17
4150 1
4151 2
4152 19
4153 0
4154 5
4155 9
4156 18
4157 2
