0 1 490 757 449 287
0 2 261 49 27 490

1 1 621 204
1 2 621 427
1 3 409 399

2 1 253 680 474 527 456 432 303 540
2 2 741 9 2 675 442 689 527 201
2 3 4 710 309 566 254 226 164 181

3 1 763 56 697 647 274 285
3 2 98 758 211 443 549 144
3 3 57 184 619 251 671 524

4 1 575 541 262 59 416 760 630 561 587 364 667 742 502 322
4 2 598 130 682 10 613 150 262 234 656 416 3 759 746 59
4 3 73 336 212 292 577 10 416 336 708 214 180 292 405 205

5 1 116 611 392 464 649 536 441 58 560 24
5 2 484 283 158 453 720 441 368 51 665 618
5 3 611 265 464 728 721 519 735 668 654 553

6 1 469 240 123 5 34
6 2 685 224 160 36 165

7 1 221 398 297 242 515
7 2 425 592 434 68 440

