1024 0
3073 0
3076 0
2055 0
2568 0
1545 0
4102 0
2059 0
1550 0
1045 0
4117 0
3607 0
2074 0
1563 0
4125 0
4135 0
45 0
3630 0
3631 0
2614 0
570 0
1594 0
1090 0
580 0
1093 0
2558 0
1098 0
2127 0
593 0
2133 0
2654 0
2143 0
2144 0
2655 0
3171 0
1125 0
2664 0
624 0
2184 0
1685 0
2712 0
2713 0
1696 0
3772 0
2752 0
195 0
197 0
199 0
715 0
2255 0
214 0
2774 0
3293 0
1248 0
1254 0
3814 0
748 0
1776 0
1265 0
3310 0
1279 0
1280 0
1793 0
3843 0
1796 0
773 0
3845 0
2316 0
1817 0
1818 0
1825 0
3873 0
1833 0
3890 0
320 0
855 0
3420 0
1375 0
864 0
866 0
3944 0
3946 0
1403 0
896 0
385 0
408 0
409 0
920 0
921 0
2457 0
3998 0
3999 0
4000 0
934 0
1958 0
937 0
938 0
939 0
2474 0
941 0
1966 0
2991 0
2993 0
3502 0
3507 0
4027 0
4032 0
1985 0
1997 0
1488 0
2512 0
4052 0
3052 0
3053 0
2042 0
2049 1
2566 1
29 1
2085 1
3632 1
3633 1
4141 1
4143 1
2613 1
1595 1
574 1
2623 1
3136 1
2124 1
1124 1
2661 1
3178 1
2165 1
2169 1
1662 1
1674 1
1675 1
163 1
185 1
2750 1
192 1
193 1
2243 1
200 1
1736 1
1738 1
215 1
3292 1
3811 1
3812 1
231 1
232 1
1258 1
749 1
750 1
751 1
2797 1
1267 1
3312 1
3316 1
3323 1
1278 1
778 1
1293 1
3858 1
1822 1
1823 1
2340 1
2341 1
2342 1
1832 1
1834 1
2348 1
1838 1
2350 1
2352 1
2870 1
3383 1
1339 1
1341 1
2877 1
1343 1
2883 1
2385 1
3411 1
2388 1
853 1
3412 1
1373 1
3937 1
3939 1
869 1
3431 1
3955 1
885 1
887 1
888 1
3452 1
3967 1
392 1
396 1
400 1
403 1
915 1
930 1
1959 1
3501 1
3508 1
4015 1
4018 1
4033 1
4036 1
1995 1
2511 1
2003 1
2515 1
3032 1
2009 1
2010 1
3033 1
3034 1
2526 1
2527 1
2530 1
4069 1
1519 1
1520 1
2044 1
510 1
2047 1
