10:[32, 12, 13, 18, 26, 29, 33, 9, 15, 21, 22, 23, 0, 5, 6, 7, 14, 16, 24, 25, 27, 28, 30, 2, 11, 17, 19, 20, 31]
0:[32, 12, 13, 18, 26, 29, 1, 3, 4, 8, 10, 24, 25, 27, 28, 30]
0:[33, 9, 15, 21, 22, 23, 2, 11, 17, 19, 20, 31]
28:[33, 9, 15, 21, 22, 23, 1, 3, 4, 8, 10, 2, 11, 17, 19, 20, 31]
25:[32, 12, 13, 18, 26, 29, 0, 5, 6, 7, 14, 16]
17:[32, 12, 13, 18, 26, 29, 1, 3, 4, 8, 10, 0, 5, 6, 7, 14, 16]
2:[33, 9, 15, 21, 22, 23, 24, 25, 27, 28, 30]
13:[33, 9, 15, 21, 22, 23, 0, 5, 6, 7, 14, 16, 2, 11, 17, 19, 20, 31]
29:[1, 3, 4, 8, 10, 24, 25, 27, 28, 30]
22:[1, 3, 4, 8, 10, 24, 25, 27, 28, 30, 2, 11, 17, 19, 20, 31]
33:[32, 12, 13, 18, 26, 29, 0, 5, 6, 7, 14, 16]
10:[32, 12, 13, 18, 26, 29, 33, 9, 15, 21, 22, 23, 0, 5, 6, 7, 14, 16, 24, 25, 27, 28, 30, 2, 11, 17, 19, 20, 31]
0:[32, 12, 13, 18, 26, 29, 1, 3, 4, 8, 10, 24, 25, 27, 28, 30]
0:[33, 9, 15, 21, 22, 23, 2, 11, 17, 19, 20, 31]
28:[33, 9, 15, 21, 22, 23, 1, 3, 4, 8, 10, 2, 11, 17, 19, 20, 31]
25:[32, 12, 13, 18, 26, 29, 0, 5, 6, 7, 14, 16]
17:[32, 12, 13, 18, 26, 29, 1, 3, 4, 8, 10, 0, 5, 6, 7, 14, 16]
2:[33, 9, 15, 21, 22, 23, 24, 25, 27, 28, 30]
13:[33, 9, 15, 21, 22, 23, 0, 5, 6, 7, 14, 16, 2, 11, 17, 19, 20, 31]
29:[1, 3, 4, 8, 10, 24, 25, 27, 28, 30]
22:[1, 3, 4, 8, 10, 24, 25, 27, 28, 30, 2, 11, 17, 19, 20, 31]
33:[32, 12, 13, 18, 26, 29, 0, 5, 6, 7, 14, 16]
10:[32, 12, 13, 18, 26, 29, 33, 9, 15, 21, 22, 23, 0, 5, 6, 7, 14, 16, 24, 25, 27, 28, 30, 2, 11, 17, 19, 20, 31]
0:[32, 12, 13, 18, 26, 29, 1, 3, 4, 8, 10, 24, 25, 27, 28, 30]
0:[33, 9, 15, 21, 22, 23, 2, 11, 17, 19, 20, 31]
28:[33, 9, 15, 21, 22, 23, 1, 3, 4, 8, 10, 2, 11, 17, 19, 20, 31]
25:[32, 12, 13, 18, 26, 29, 0, 5, 6, 7, 14, 16]
17:[32, 12, 13, 18, 26, 29, 1, 3, 4, 8, 10, 0, 5, 6, 7, 14, 16]
2:[33, 9, 15, 21, 22, 23, 24, 25, 27, 28, 30]
13:[33, 9, 15, 21, 22, 23, 0, 5, 6, 7, 14, 16, 2, 11, 17, 19, 20, 31]
29:[1, 3, 4, 8, 10, 24, 25, 27, 28, 30]
22:[1, 3, 4, 8, 10, 24, 25, 27, 28, 30, 2, 11, 17, 19, 20, 31]
33:[32, 12, 13, 18, 26, 29, 0, 5, 6, 7, 14, 16]
