0 1 36
0 2 88
0 3 87
0 4 39
0 5 94
0 6 59
0 7 1
0 8 78
0 9 82
0 10 34
0 11 73
0 12 8
0 13 67
0 14 12
0 15 35
0 16 43
0 17 14
0 18 18
0 19 21
0 20 28
0 21 68
0 22 32
0 23 38
0 24 7
0 25 4
0 26 13
0 27 69
0 28 25
0 29 10
0 30 26
0 31 33
0 32 74
0 33 61
0 34 57
0 35 48
0 36 40
0 37 65
0 38 92
0 39 47
0 40 20
0 41 19
0 42 44
0 43 23
0 44 49
0 45 55
0 46 90
0 47 76
0 48 62
0 49 70
0 50 16
0 51 41
0 52 66
0 53 6
0 54 72
0 55 42
0 56 46
0 57 58
0 58 5
0 59 51
0 60 37
0 61 81
0 62 83
0 63 64
0 64 31
0 65 91
0 66 17
0 67 30
0 68 89
0 69 84
0 70 15
0 71 22
0 72 85
0 73 63
0 74 80
0 75 2
0 76 50
0 77 71
0 78 77
0 79 9
0 80 53
0 81 11
0 82 56
0 83 86
0 84 29
0 85 93
0 86 75
0 87 24
0 88 60
0 89 3
0 90 45
0 91 79
0 92 54
0 93 52
0 94 27
1 1 60
1 2 33
1 3 4
1 4 93
1 5 55
1 6 22
1 7 52
1 8 89
1 9 87
1 10 30
1 11 79
1 12 38
1 13 40
1 14 42
1 15 84
1 16 59
1 17 9
1 18 92
1 19 17
1 20 86
1 21 63
1 22 23
1 23 47
1 24 61
1 25 77
1 26 57
1 27 19
1 28 81
1 29 3
1 30 78
1 31 7
1 32 94
1 33 66
1 34 74
1 35 41
1 36 85
1 37 20
1 38 73
1 39 50
1 40 54
1 41 25
1 42 37
1 43 44
1 44 5
1 45 58
1 46 35
1 47 45
1 48 64
1 49 16
1 50 76
1 51 24
1 52 49
1 53 39
1 54 15
1 55 88
1 56 80
1 57 91
1 58 34
1 59 12
1 60 6
1 61 51
1 62 27
1 63 65
1 64 31
1 65 71
1 66 26
1 67 72
1 68 83
1 69 28
1 70 8
1 71 36
1 72 13
1 73 90
1 74 68
1 75 62
1 76 56
1 77 11
1 78 70
1 79 43
1 80 29
1 81 18
1 82 53
1 83 10
1 84 75
1 85 32
1 86 21
1 87 14
1 88 0
1 89 46
1 90 2
1 91 67
1 92 82
1 93 48
1 94 69
2 1 93
2 2 18
2 3 54
2 4 58
2 5 20
2 6 13
2 7 66
2 8 48
2 9 17
2 10 73
2 11 94
2 12 26
2 13 45
2 14 40
2 15 23
2 16 44
2 17 88
2 18 76
2 19 92
2 20 8
2 21 52
2 22 91
2 23 25
2 24 35
2 25 63
2 26 71
2 27 57
2 28 68
2 29 82
2 30 85
2 31 49
2 32 75
2 33 46
2 34 89
2 35 16
2 36 30
2 37 15
2 38 22
2 39 11
2 40 64
2 41 78
2 42 12
2 43 4
2 44 37
2 45 53
2 46 6
2 47 21
2 48 50
2 49 56
2 50 80
2 51 51
2 52 34
2 53 62
2 54 39
2 55 61
2 56 5
2 57 59
2 58 55
2 59 84
2 60 36
2 61 74
2 62 43
2 63 90
2 64 24
2 65 0
2 66 87
2 67 83
2 68 28
2 69 65
2 70 86
2 71 3
2 72 27
2 73 72
2 74 42
2 75 31
2 76 69
2 77 81
2 78 29
2 79 60
2 80 9
2 81 33
2 82 10
2 83 77
2 84 79
2 85 41
2 86 1
2 87 67
2 88 19
2 89 7
2 90 32
2 91 38
2 92 70
2 93 14
2 94 47
3 1 80
3 2 39
3 3 17
3 4 45
3 5 26
3 6 60
3 7 43
3 8 11
3 9 93
3 10 33
3 11 49
3 12 94
3 13 18
3 14 61
3 15 14
3 16 55
3 17 21
3 18 13
3 19 52
3 20 2
3 21 29
3 22 81
3 23 36
3 24 57
3 25 31
3 26 30
3 27 34
3 28 56
3 29 73
3 30 16
3 31 44
3 32 41
3 33 27
3 34 25
3 35 15
3 36 4
3 37 5
3 38 50
3 39 72
3 40 54
3 41 83
3 42 8
3 43 77
3 44 71
3 45 70
3 46 19
3 47 38
3 48 10
3 49 92
3 50 66
3 51 75
3 52 22
3 53 86
3 54 62
3 55 87
3 56 78
3 57 40
3 58 53
3 59 32
3 60 59
3 61 89
3 62 28
3 63 0
3 64 68
3 65 9
3 66 58
3 67 88
3 68 12
3 69 69
3 70 91
3 71 90
3 72 47
3 73 46
3 74 1
3 75 74
3 76 20
3 77 23
3 78 84
3 79 82
3 80 37
3 81 67
3 82 35
3 83 79
3 84 65
3 85 64
3 86 42
3 87 24
3 88 6
3 89 48
3 90 7
3 91 63
3 92 85
3 93 76
3 94 51
4 1 41
4 2 65
4 3 15
4 4 27
4 5 86
4 6 49
4 7 74
4 8 79
4 9 82
4 10 31
4 11 58
4 12 44
4 13 1
4 14 72
4 15 17
4 16 32
4 17 68
4 18 23
4 19 34
4 20 77
4 21 40
4 22 33
4 23 5
4 24 11
4 25 76
4 26 13
4 27 12
4 28 87
4 29 55
4 30 51
4 31 19
4 32 24
4 33 88
4 34 30
4 35 21
4 36 85
4 37 6
4 38 38
4 39 50
4 40 8
4 41 9
4 42 53
4 43 75
4 44 43
4 45 70
4 46 84
4 47 69
4 48 57
4 49 37
4 50 63
4 51 20
4 52 52
4 53 29
4 54 61
4 55 94
4 56 28
4 57 22
4 58 45
4 59 64
4 60 3
4 61 2
4 62 16
4 63 10
4 64 26
4 65 35
4 66 90
4 67 67
4 68 89
4 69 80
4 70 0
4 71 56
4 72 66
4 73 14
4 74 60
4 75 7
4 76 73
4 77 91
4 78 39
4 79 18
4 80 78
4 81 93
4 82 83
4 83 81
4 84 25
4 85 92
4 86 46
4 87 62
4 88 36
4 89 54
4 90 48
4 91 71
4 92 47
4 93 59
4 94 42
5 1 51
5 2 11
5 3 39
5 4 53
5 5 73
5 6 65
5 7 41
5 8 72
5 9 45
5 10 69
5 11 23
5 12 87
5 13 44
5 14 74
5 15 7
5 16 29
5 17 77
5 18 18
5 19 37
5 20 70
5 21 13
5 22 80
5 23 85
5 24 67
5 25 43
5 26 86
5 27 35
5 28 4
5 29 15
5 30 40
5 31 83
5 32 88
5 33 36
5 34 31
5 35 64
5 36 68
5 37 47
5 38 48
5 39 93
5 40 91
5 41 6
5 42 22
5 43 38
5 44 62
5 45 16
5 46 94
5 47 32
5 48 30
5 49 1
5 50 79
5 51 54
5 52 55
5 53 14
5 54 9
5 55 24
5 56 84
5 57 21
5 58 20
5 59 33
5 60 3
5 61 25
5 62 27
5 63 92
5 64 8
5 65 12
5 66 10
5 67 61
5 68 71
5 69 56
5 70 89
5 71 82
5 72 49
5 73 34
5 74 57
5 75 50
5 76 59
5 77 81
5 78 42
5 79 58
5 80 0
5 81 28
5 82 60
5 83 78
5 84 90
5 85 26
5 86 66
5 87 19
5 88 2
5 89 17
5 90 76
5 91 75
5 92 52
5 93 46
5 94 63
6 1 7
6 2 21
6 3 66
6 4 29
6 5 91
6 6 75
6 7 82
6 8 81
6 9 13
6 10 31
6 11 78
6 12 45
6 13 22
6 14 18
6 15 47
6 16 49
6 17 15
6 18 64
6 19 2
6 20 65
6 21 10
6 22 88
6 23 41
6 24 79
6 25 19
6 26 56
6 27 1
6 28 53
6 29 71
6 30 24
6 31 77
6 32 37
6 33 86
6 34 50
6 35 92
6 36 61
6 37 52
6 38 16
6 39 76
6 40 60
6 41 63
6 42 33
6 43 4
6 44 80
6 45 67
6 46 8
6 47 34
6 48 35
6 49 59
6 50 90
6 51 73
6 52 38
6 53 11
6 54 58
6 55 57
6 56 25
6 57 87
6 58 84
6 59 62
6 60 36
6 61 44
6 62 46
6 63 5
6 64 23
6 65 0
6 66 42
6 67 20
6 68 28
6 69 70
6 70 54
6 71 43
6 72 3
6 73 83
6 74 9
6 75 40
6 76 72
6 77 32
6 78 74
6 79 93
6 80 68
6 81 51
6 82 69
6 83 27
6 84 12
6 85 39
6 86 89
6 87 48
6 88 30
6 89 55
6 90 17
6 91 26
6 92 94
6 93 85
6 94 14
7 1 90
7 2 54
7 3 26
7 4 67
7 5 68
7 6 30
7 7 39
7 8 50
7 9 10
7 10 40
7 11 23
7 12 6
7 13 91
7 14 16
7 15 44
7 16 64
7 17 69
7 18 46
7 19 36
7 20 34
7 21 43
7 22 71
7 23 1
7 24 28
7 25 5
7 26 61
7 27 47
7 28 15
7 29 49
7 30 58
7 31 83
7 32 84
7 33 65
7 34 94
7 35 93
7 36 19
7 37 2
7 38 11
7 39 8
7 40 32
7 41 9
7 42 82
7 43 31
7 44 41
7 45 63
7 46 37
7 47 72
7 48 73
7 49 87
7 50 27
7 51 4
7 52 14
7 53 78
7 54 52
7 55 88
7 56 80
7 57 22
7 58 57
7 59 0
7 60 77
7 61 21
7 62 76
7 63 24
7 64 62
7 65 75
7 66 42
7 67 29
7 68 12
7 69 3
7 70 20
7 71 86
7 72 18
7 73 85
7 74 13
7 75 89
7 76 38
7 77 55
7 78 79
7 79 59
7 80 33
7 81 48
7 82 66
7 83 35
7 84 25
7 85 74
7 86 51
7 87 70
7 88 92
7 89 81
7 90 53
7 91 45
7 92 60
7 93 56
7 94 17
8 1 89
8 2 25
8 3 71
8 4 93
8 5 82
8 6 41
8 7 94
8 8 52
8 9 51
8 10 79
8 11 0
8 12 39
8 13 59
8 14 18
8 15 92
8 16 77
8 17 73
8 18 37
8 19 72
8 20 49
8 21 90
8 22 55
8 23 1
8 24 66
8 25 57
8 26 62
8 27 70
8 28 6
8 29 54
8 30 87
8 31 15
8 32 26
8 33 56
8 34 47
8 35 69
8 36 48
8 37 9
8 38 29
8 39 65
8 40 13
8 41 3
8 42 35
8 43 5
8 44 36
8 45 50
8 46 80
8 47 86
8 48 88
8 49 19
8 50 84
8 51 32
8 52 46
8 53 40
8 54 45
8 55 16
8 56 42
8 57 11
8 58 83
8 59 28
8 60 17
8 61 31
8 62 64
8 63 60
8 64 58
8 65 34
8 66 4
8 67 30
8 68 27
8 69 2
8 70 33
8 71 38
8 72 14
8 73 12
8 74 21
8 75 81
8 76 44
8 77 22
8 78 91
8 79 75
8 80 76
8 81 20
8 82 78
8 83 7
8 84 85
8 85 61
8 86 74
8 87 24
8 88 53
8 89 10
8 90 67
8 91 43
8 92 68
8 93 63
8 94 23
9 1 92
9 2 73
9 3 58
9 4 54
9 5 19
9 6 68
9 7 43
9 8 89
9 9 10
9 10 76
9 11 94
9 12 21
9 13 36
9 14 85
9 15 91
9 16 57
9 17 81
9 18 22
9 19 66
9 20 46
9 21 4
9 22 31
9 23 1
9 24 74
9 25 15
9 26 16
9 27 32
9 28 17
9 29 34
9 30 69
9 31 55
9 32 83
9 33 7
9 34 52
9 35 80
9 36 50
9 37 3
9 38 24
9 39 49
9 40 29
9 41 77
9 42 5
9 43 75
9 44 25
9 45 45
9 46 11
9 47 79
9 48 30
9 49 67
9 50 47
9 51 59
9 52 51
9 53 14
9 54 56
9 55 84
9 56 33
9 57 53
9 58 93
9 59 38
9 60 61
9 61 63
9 62 13
9 63 23
9 64 71
9 65 64
9 66 27
9 67 2
9 68 12
9 69 39
9 70 86
9 71 62
9 72 41
9 73 48
9 74 42
9 75 6
9 76 26
9 77 60
9 78 65
9 79 40
9 80 18
9 81 8
9 82 37
9 83 72
9 84 88
9 85 20
9 86 70
9 87 44
9 88 90
9 89 87
9 90 0
9 91 82
9 92 78
9 93 28
9 94 35
10 1 66
10 2 47
10 3 30
10 4 17
10 5 48
10 6 64
10 7 51
10 8 62
10 9 53
10 10 18
10 11 73
10 12 45
10 13 85
10 14 4
10 15 11
10 16 13
10 17 91
10 18 87
10 19 81
10 20 57
10 21 65
10 22 80
10 23 60
10 24 46
10 25 5
10 26 36
10 27 27
10 28 12
10 29 39
10 30 21
10 31 40
10 32 38
10 33 20
10 34 90
10 35 7
10 36 72
10 37 77
10 38 93
10 39 56
10 40 92
10 41 75
10 42 32
10 43 71
10 44 42
10 45 14
10 46 58
10 47 79
10 48 33
10 49 84
10 50 67
10 51 28
10 52 0
10 53 16
10 54 8
10 55 37
10 56 25
10 57 68
10 58 2
10 59 86
10 60 59
10 61 52
10 62 69
10 63 29
10 64 54
10 65 89
10 66 1
10 67 83
10 68 19
10 69 9
10 70 6
10 71 82
10 72 78
10 73 74
10 74 15
10 75 50
10 76 61
10 77 70
10 78 63
10 79 23
10 80 76
10 81 94
10 82 22
10 83 3
10 84 88
10 85 43
10 86 49
10 87 55
10 88 31
10 89 24
10 90 34
10 91 35
10 92 26
10 93 44
10 94 41
11 1 87
11 2 54
11 3 36
11 4 80
11 5 31
11 6 17
11 7 84
11 8 41
11 9 24
11 10 3
11 11 19
11 12 23
11 13 89
11 14 53
11 15 49
11 16 35
11 17 14
11 18 2
11 19 10
11 20 86
11 21 70
11 22 48
11 23 25
11 24 69
11 25 62
11 26 45
11 27 13
11 28 12
11 29 8
11 30 22
11 31 5
11 32 29
11 33 63
11 34 60
11 35 65
11 36 40
11 37 64
11 38 33
11 39 72
11 40 58
11 41 83
11 42 43
11 43 32
11 44 39
11 45 42
11 46 90
11 47 30
11 48 37
11 49 52
11 50 55
11 51 59
11 52 67
11 53 51
11 54 91
11 55 28
11 56 27
11 57 20
11 58 18
11 59 74
11 60 16
11 61 21
11 62 7
11 63 75
11 64 77
11 65 46
11 66 47
11 67 71
11 68 82
11 69 88
11 70 73
11 71 78
11 72 44
11 73 34
11 74 66
11 75 56
11 76 61
11 77 1
11 78 85
11 79 4
11 80 93
11 81 79
11 82 9
11 83 26
11 84 92
11 85 68
11 86 0
11 87 15
11 88 38
11 89 6
11 90 76
11 91 94
11 92 50
11 93 81
11 94 57
12 1 26
12 2 87
12 3 6
12 4 93
12 5 40
12 6 79
12 7 2
12 8 63
12 9 10
12 10 41
12 11 65
12 12 18
12 13 25
12 14 90
12 15 34
12 16 48
12 17 75
12 18 7
12 19 73
12 20 24
12 21 11
12 22 53
12 23 43
12 24 54
12 25 50
12 26 0
12 27 5
12 28 15
12 29 38
12 30 85
12 31 81
12 32 69
12 33 74
12 34 61
12 35 64
12 36 35
12 37 8
12 38 13
12 39 68
12 40 36
12 41 45
12 42 29
12 43 46
12 44 20
12 45 88
12 46 42
12 47 67
12 48 58
12 49 19
12 50 32
12 51 1
12 52 57
12 53 4
12 54 60
12 55 70
12 56 47
12 57 28
12 58 55
12 59 30
12 60 9
12 61 82
12 62 27
12 63 84
12 64 16
12 65 21
12 66 72
12 67 44
12 68 62
12 69 66
12 70 22
12 71 83
12 72 71
12 73 56
12 74 17
12 75 3
12 76 89
12 77 52
12 78 39
12 79 91
12 80 78
12 81 14
12 82 31
12 83 94
12 84 23
12 85 49
12 86 77
12 87 59
12 88 51
12 89 37
12 90 80
12 91 92
12 92 86
12 93 76
12 94 33
13 1 74
13 2 21
13 3 82
13 4 3
13 5 68
13 6 49
13 7 93
13 8 33
13 9 26
13 10 16
13 11 9
13 12 18
13 13 79
13 14 61
13 15 53
13 16 87
13 17 52
13 18 4
13 19 47
13 20 63
13 21 25
13 22 19
13 23 55
13 24 77
13 25 76
13 26 35
13 27 92
13 28 29
13 29 0
13 30 90
13 31 80
13 32 86
13 33 94
13 34 38
13 35 10
13 36 66
13 37 70
13 38 59
13 39 14
13 40 56
13 41 34
13 42 22
13 43 7
13 44 48
13 45 40
13 46 60
13 47 42
13 48 88
13 49 46
13 50 31
13 51 75
13 52 67
13 53 37
13 54 27
13 55 54
13 56 6
13 57 85
13 58 57
13 59 50
13 60 62
13 61 28
13 62 84
13 63 45
13 64 20
13 65 36
13 66 24
13 67 72
13 68 65
13 69 58
13 70 83
13 71 73
13 72 91
13 73 39
13 74 15
13 75 23
13 76 71
13 77 81
13 78 11
13 79 32
13 80 51
13 81 30
13 82 44
13 83 12
13 84 43
13 85 41
13 86 69
13 87 2
13 88 64
13 89 89
13 90 17
13 91 1
13 92 8
13 93 5
13 94 78
14 1 10
14 2 62
14 3 63
14 4 31
14 5 84
14 6 77
14 7 73
14 8 72
14 9 20
14 10 33
14 11 25
14 12 58
14 13 43
14 14 45
14 15 11
14 16 47
14 17 7
14 18 60
14 19 8
14 20 90
14 21 92
14 22 91
14 23 82
14 24 87
14 25 37
14 26 17
14 27 42
14 28 51
14 29 23
14 30 85
14 31 13
14 32 6
14 33 40
14 34 9
14 35 18
14 36 76
14 37 53
14 38 1
14 39 52
14 40 93
14 41 81
14 42 26
14 43 89
14 44 86
14 45 74
14 46 16
14 47 27
14 48 56
14 49 67
14 50 64
14 51 39
14 52 46
14 53 24
14 54 49
14 55 61
14 56 50
14 57 78
14 58 54
14 59 4
14 60 57
14 61 34
14 62 94
14 63 44
14 64 12
14 65 79
14 66 3
14 67 48
14 68 28
14 69 80
14 70 2
14 71 55
14 72 0
14 73 41
14 74 75
14 75 29
14 76 36
14 77 38
14 78 35
14 79 71
14 80 21
14 81 66
14 82 15
14 83 22
14 84 88
14 85 65
14 86 70
14 87 5
14 88 19
14 89 30
14 90 69
14 91 83
14 92 68
14 93 59
14 94 32
15 1 80
15 2 25
15 3 8
15 4 23
15 5 77
15 6 7
15 7 62
15 8 27
15 9 63
15 10 9
15 11 67
15 12 41
15 13 93
15 14 89
15 15 58
15 16 22
15 17 24
15 18 35
15 19 48
15 20 56
15 21 86
15 22 4
15 23 3
15 24 81
15 25 52
15 26 74
15 27 70
15 28 78
15 29 36
15 30 91
15 31 46
15 32 5
15 33 76
15 34 53
15 35 51
15 36 55
15 37 0
15 38 16
15 39 12
15 40 11
15 41 10
15 42 61
15 43 83
15 44 33
15 45 13
15 46 69
15 47 82
15 48 90
15 49 20
15 50 45
15 51 64
15 52 40
15 53 31
15 54 28
15 55 73
15 56 17
15 57 94
15 58 47
15 59 68
15 60 57
15 61 54
15 62 44
15 63 42
15 64 87
15 65 32
15 66 84
15 67 59
15 68 75
15 69 14
15 70 29
15 71 60
15 72 38
15 73 43
15 74 50
15 75 65
15 76 71
15 77 85
15 78 72
15 79 88
15 80 6
15 81 2
15 82 18
15 83 34
15 84 30
15 85 79
15 86 21
15 87 49
15 88 66
15 89 19
15 90 1
15 91 39
15 92 92
15 93 26
15 94 37
16 1 40
16 2 20
16 3 75
16 4 87
16 5 53
16 6 60
16 7 52
16 8 17
16 9 59
16 10 62
16 11 65
16 12 70
16 13 54
16 14 38
16 15 14
16 16 80
16 17 25
16 18 74
16 19 7
16 20 28
16 21 5
16 22 81
16 23 69
16 24 31
16 25 68
16 26 39
16 27 67
16 28 4
16 29 71
16 30 47
16 31 24
16 32 61
16 33 11
16 34 85
16 35 57
16 36 64
16 37 84
16 38 23
16 39 63
16 40 92
16 41 15
16 42 91
16 43 33
16 44 35
16 45 93
16 46 10
16 47 26
16 48 50
16 49 13
16 50 2
16 51 46
16 52 8
16 53 22
16 54 6
16 55 82
16 56 83
16 57 86
16 58 37
16 59 79
16 60 66
16 61 1
16 62 34
16 63 12
16 64 77
16 65 76
16 66 32
16 67 41
16 68 90
16 69 45
16 70 36
16 71 29
16 72 27
16 73 21
16 74 72
16 75 0
16 76 88
16 77 43
16 78 42
16 79 78
16 80 30
16 81 51
16 82 58
16 83 89
16 84 48
16 85 19
16 86 44
16 87 3
16 88 55
16 89 73
16 90 94
16 91 56
16 92 18
16 93 9
16 94 49
17 1 75
17 2 12
17 3 47
17 4 83
17 5 55
17 6 50
17 7 67
17 8 64
17 9 91
17 10 46
17 11 65
17 12 6
17 13 2
17 14 44
17 15 18
17 16 59
17 17 94
17 18 20
17 19 54
17 20 84
17 21 10
17 22 71
17 23 30
17 24 28
17 25 34
17 26 41
17 27 80
17 28 89
17 29 37
17 30 74
17 31 1
17 32 66
17 33 8
17 34 73
17 35 29
17 36 81
17 37 79
17 38 23
17 39 51
17 40 43
17 41 15
17 42 40
17 43 25
17 44 62
17 45 31
17 46 72
17 47 48
17 48 24
17 49 5
17 50 35
17 51 45
17 52 68
17 53 19
17 54 86
17 55 16
17 56 93
17 57 27
17 58 85
17 59 52
17 60 70
17 61 9
17 62 42
17 63 88
17 64 21
17 65 69
17 66 56
17 67 33
17 68 78
17 69 3
17 70 11
17 71 60
17 72 49
17 73 22
17 74 58
17 75 0
17 76 26
17 77 82
17 78 4
17 79 90
17 80 14
17 81 36
17 82 76
17 83 32
17 84 38
17 85 87
17 86 7
17 87 92
17 88 53
17 89 57
17 90 61
17 91 39
17 92 13
17 93 77
17 94 63
18 1 27
18 2 88
18 3 84
18 4 68
18 5 46
18 6 93
18 7 85
18 8 8
18 9 47
18 10 29
18 11 17
18 12 14
18 13 50
18 14 9
18 15 21
18 16 13
18 17 37
18 18 15
18 19 58
18 20 90
18 21 25
18 22 6
18 23 16
18 24 63
18 25 32
18 26 92
18 27 24
18 28 23
18 29 49
18 30 62
18 31 42
18 32 81
18 33 7
18 34 67
18 35 79
18 36 72
18 37 60
18 38 2
18 39 0
18 40 66
18 41 64
18 42 28
18 43 80
18 44 56
18 45 22
18 46 71
18 47 11
18 48 76
18 49 65
18 50 30
18 51 89
18 52 61
18 53 38
18 54 86
18 55 70
18 56 31
18 57 69
18 58 57
18 59 34
18 60 41
18 61 77
18 62 12
18 63 74
18 64 94
18 65 52
18 66 45
18 67 39
18 68 59
18 69 35
18 70 43
18 71 91
18 72 51
18 73 73
18 74 83
18 75 44
18 76 5
18 77 4
18 78 53
18 79 19
18 80 1
18 81 54
18 82 87
18 83 26
18 84 33
18 85 36
18 86 10
18 87 48
18 88 82
18 89 78
18 90 75
18 91 55
18 92 3
18 93 20
18 94 40
19 1 11
19 2 68
19 3 47
19 4 81
19 5 26
19 6 55
19 7 36
19 8 4
19 9 9
19 10 40
19 11 52
19 12 63
19 13 34
19 14 20
19 15 10
19 16 85
19 17 76
19 18 39
19 19 17
19 20 32
19 21 71
19 22 67
19 23 46
19 24 23
19 25 6
19 26 57
19 27 43
19 28 80
19 29 24
19 30 69
19 31 7
19 32 38
19 33 77
19 34 56
19 35 58
19 36 31
19 37 79
19 38 1
19 39 92
19 40 93
19 41 59
19 42 90
19 43 82
19 44 37
19 45 91
19 46 25
19 47 65
19 48 45
19 49 30
19 50 49
19 51 70
19 52 50
19 53 62
19 54 51
19 55 61
19 56 12
19 57 84
19 58 0
19 59 8
19 60 64
19 61 53
19 62 15
19 63 27
19 64 41
19 65 83
19 66 29
19 67 72
19 68 18
19 69 78
19 70 89
19 71 28
19 72 87
19 73 13
19 74 2
19 75 75
19 76 3
19 77 42
19 78 5
19 79 74
19 80 60
19 81 73
19 82 44
19 83 21
19 84 54
19 85 22
19 86 86
19 87 33
19 88 48
19 89 14
19 90 88
19 91 94
19 92 66
19 93 35
19 94 16
20 1 56
20 2 64
20 3 78
20 4 17
20 5 29
20 6 86
20 7 50
20 8 57
20 9 4
20 10 37
20 11 79
20 12 92
20 13 71
20 14 32
20 15 7
20 16 69
20 17 68
20 18 73
20 19 1
20 20 13
20 21 91
20 22 66
20 23 55
20 24 70
20 25 25
20 26 67
20 27 59
20 28 16
20 29 80
20 30 74
20 31 8
20 32 60
20 33 51
20 34 23
20 35 10
20 36 26
20 37 52
20 38 0
20 39 24
20 40 19
20 41 12
20 42 11
20 43 9
20 44 84
20 45 14
20 46 18
20 47 87
20 48 63
20 49 72
20 50 89
20 51 45
20 52 75
20 53 76
20 54 33
20 55 30
20 56 48
20 57 34
20 58 53
20 59 47
20 60 15
20 61 39
20 62 49
20 63 21
20 64 81
20 65 42
20 66 35
20 67 82
20 68 93
20 69 44
20 70 38
20 71 40
20 72 36
20 73 27
20 74 22
20 75 94
20 76 85
20 77 65
20 78 3
20 79 77
20 80 58
20 81 43
20 82 54
20 83 83
20 84 31
20 85 2
20 86 46
20 87 5
20 88 41
20 89 6
20 90 88
20 91 62
20 92 61
20 93 90
20 94 28
21 1 25
21 2 76
21 3 88
21 4 69
21 5 79
21 6 72
21 7 83
21 8 58
21 9 41
21 10 39
21 11 94
21 12 17
21 13 19
21 14 71
21 15 75
21 16 55
21 17 86
21 18 93
21 19 23
21 20 14
21 21 47
21 22 13
21 23 32
21 24 40
21 25 3
21 26 36
21 27 8
21 28 61
21 29 73
21 30 54
21 31 49
21 32 27
21 33 0
21 34 60
21 35 82
21 36 33
21 37 81
21 38 30
21 39 42
21 40 44
21 41 65
21 42 9
21 43 46
21 44 28
21 45 63
21 46 22
21 47 31
21 48 80
21 49 10
21 50 64
21 51 29
21 52 53
21 53 50
21 54 7
21 55 1
21 56 56
21 57 37
21 58 52
21 59 59
21 60 4
21 61 68
21 62 89
21 63 6
21 64 5
21 65 26
21 66 87
21 67 85
21 68 90
21 69 48
21 70 62
21 71 45
21 72 70
21 73 84
21 74 91
21 75 35
21 76 57
21 77 34
21 78 11
21 79 16
21 80 38
21 81 2
21 82 67
21 83 77
21 84 66
21 85 92
21 86 12
21 87 20
21 88 18
21 89 24
21 90 78
21 91 15
21 92 74
21 93 51
21 94 43
22 1 88
22 2 3
22 3 93
22 4 35
22 5 39
22 6 31
22 7 38
22 8 10
22 9 23
22 10 4
22 11 79
22 12 11
22 13 19
22 14 44
22 15 67
22 16 64
22 17 1
22 18 2
22 19 55
22 20 32
22 21 52
22 22 74
22 23 81
22 24 16
22 25 54
22 26 25
22 27 71
22 28 51
22 29 17
22 30 89
22 31 78
22 32 20
22 33 92
22 34 14
22 35 46
22 36 69
22 37 45
22 38 42
22 39 30
22 40 63
22 41 58
22 42 40
22 43 12
22 44 21
22 45 53
22 46 6
22 47 65
22 48 59
22 49 62
22 50 61
22 51 36
22 52 24
22 53 68
22 54 7
22 55 60
22 56 85
22 57 47
22 58 87
22 59 77
22 60 0
22 61 43
22 62 84
22 63 27
22 64 80
22 65 18
22 66 26
22 67 91
22 68 75
22 69 13
22 70 86
22 71 33
22 72 82
22 73 37
22 74 5
22 75 8
22 76 50
22 77 70
22 78 73
22 79 94
22 80 28
22 81 83
22 82 72
22 83 29
22 84 15
22 85 90
22 86 76
22 87 66
22 88 9
22 89 56
22 90 49
22 91 57
22 92 34
22 93 48
22 94 41
23 1 28
23 2 21
23 3 85
23 4 32
23 5 51
23 6 38
23 7 53
23 8 10
23 9 64
23 10 47
23 11 40
23 12 44
23 13 87
23 14 88
23 15 25
23 16 14
23 17 15
23 18 42
23 19 29
23 20 3
23 21 8
23 22 22
23 23 52
23 24 94
23 25 69
23 26 16
23 27 1
23 28 27
23 29 76
23 30 2
23 31 77
23 32 57
23 33 54
23 34 26
23 35 60
23 36 80
23 37 46
23 38 4
23 39 78
23 40 74
23 41 9
23 42 20
23 43 13
23 44 19
23 45 59
23 46 63
23 47 86
23 48 12
23 49 37
23 50 92
23 51 68
23 52 0
23 53 84
23 54 89
23 55 71
23 56 81
23 57 83
23 58 55
23 59 6
23 60 24
23 61 34
23 62 49
23 63 73
23 64 30
23 65 36
23 66 41
23 67 45
23 68 93
23 69 72
23 70 61
23 71 33
23 72 75
23 73 79
23 74 82
23 75 18
23 76 91
23 77 17
23 78 65
23 79 50
23 80 56
23 81 39
23 82 48
23 83 66
23 84 58
23 85 31
23 86 70
23 87 35
23 88 43
23 89 67
23 90 62
23 91 11
23 92 90
23 93 7
23 94 5
24 1 90
24 2 70
24 3 43
24 4 46
24 5 79
24 6 18
24 7 36
24 8 4
24 9 0
24 10 80
24 11 11
24 12 42
24 13 60
24 14 68
24 15 29
24 16 85
24 17 57
24 18 6
24 19 51
24 20 74
24 21 72
24 22 47
24 23 22
24 24 25
24 25 83
24 26 52
24 27 21
24 28 58
24 29 66
24 30 8
24 31 13
24 32 23
24 33 37
24 34 69
24 35 62
24 36 93
24 37 9
24 38 94
24 39 14
24 40 40
24 41 16
24 42 56
24 43 38
24 44 91
24 45 78
24 46 61
24 47 27
24 48 12
24 49 76
24 50 31
24 51 53
24 52 20
24 53 89
24 54 73
24 55 19
24 56 45
24 57 34
24 58 88
24 59 39
24 60 77
24 61 82
24 62 2
24 63 64
24 64 10
24 65 35
24 66 28
24 67 55
24 68 49
24 69 33
24 70 67
24 71 86
24 72 7
24 73 54
24 74 5
24 75 71
24 76 48
24 77 3
24 78 30
24 79 26
24 80 92
24 81 44
24 82 17
24 83 50
24 84 65
24 85 59
24 86 32
24 87 41
24 88 63
24 89 75
24 90 15
24 91 87
24 92 1
24 93 81
24 94 84
25 1 61
25 2 81
25 3 45
25 4 33
25 5 62
25 6 28
25 7 31
25 8 84
25 9 69
25 10 32
25 11 58
25 12 86
25 13 53
25 14 80
25 15 17
25 16 72
25 17 1
25 18 66
25 19 38
25 20 63
25 21 9
25 22 82
25 23 37
25 24 77
25 25 59
25 26 40
25 27 10
25 28 36
25 29 79
25 30 47
25 31 14
25 32 7
25 33 46
25 34 15
25 35 93
25 36 67
25 37 39
25 38 88
25 39 42
25 40 49
25 41 48
25 42 43
25 43 26
25 44 11
25 45 74
25 46 92
25 47 0
25 48 21
25 49 94
25 50 22
25 51 60
25 52 41
25 53 12
25 54 89
25 55 64
25 56 78
25 57 20
25 58 2
25 59 6
25 60 50
25 61 70
25 62 29
25 63 44
25 64 68
25 65 71
25 66 56
25 67 13
25 68 85
25 69 91
25 70 35
25 71 83
25 72 73
25 73 19
25 74 65
25 75 18
25 76 57
25 77 51
25 78 54
25 79 90
25 80 16
25 81 87
25 82 76
25 83 5
25 84 23
25 85 8
25 86 55
25 87 30
25 88 34
25 89 4
25 90 24
25 91 27
25 92 52
25 93 75
25 94 3
26 1 41
26 2 4
26 3 53
26 4 55
26 5 56
26 6 28
26 7 29
26 8 25
26 9 89
26 10 18
26 11 71
26 12 39
26 13 78
26 14 80
26 15 81
26 16 65
26 17 48
26 18 61
26 19 32
26 20 79
26 21 31
26 22 64
26 23 75
26 24 20
26 25 38
26 26 27
26 27 69
26 28 62
26 29 60
26 30 45
26 31 58
26 32 21
26 33 33
26 34 12
26 35 77
26 36 35
26 37 1
26 38 50
26 39 84
26 40 5
26 41 8
26 42 86
26 43 40
26 44 83
26 45 11
26 46 85
26 47 94
26 48 23
26 49 2
26 50 47
26 51 73
26 52 49
26 53 70
26 54 13
26 55 57
26 56 24
26 57 44
26 58 22
26 59 19
26 60 14
26 61 6
26 62 42
26 63 37
26 64 17
26 65 68
26 66 36
26 67 87
26 68 51
26 69 67
26 70 43
26 71 16
26 72 59
26 73 72
26 74 93
26 75 46
26 76 63
26 77 76
26 78 9
26 79 7
26 80 15
26 81 66
26 82 91
26 83 30
26 84 0
26 85 92
26 86 34
26 87 82
26 88 74
26 89 10
26 90 88
26 91 3
26 92 54
26 93 52
26 94 90
27 1 33
27 2 30
27 3 19
27 4 17
27 5 41
27 6 10
27 7 15
27 8 69
27 9 67
27 10 52
27 11 94
27 12 43
27 13 84
27 14 60
27 15 16
27 16 86
27 17 34
27 18 20
27 19 54
27 20 77
27 21 70
27 22 49
27 23 42
27 24 65
27 25 81
27 26 51
27 27 88
27 28 92
27 29 6
27 30 26
27 31 53
27 32 66
27 33 56
27 34 71
27 35 40
27 36 36
27 37 5
27 38 12
27 39 83
27 40 9
27 41 58
27 42 18
27 43 62
27 44 91
27 45 8
27 46 32
27 47 39
27 48 90
27 49 4
27 50 2
27 51 57
27 52 85
27 53 63
27 54 29
27 55 48
27 56 79
27 57 72
27 58 78
27 59 74
27 60 7
27 61 14
27 62 28
27 63 80
27 64 45
27 65 76
27 66 23
27 67 44
27 68 21
27 69 73
27 70 3
27 71 59
27 72 47
27 73 89
27 74 64
27 75 93
27 76 35
27 77 37
27 78 1
27 79 13
27 80 11
27 81 46
27 82 38
27 83 87
27 84 75
27 85 55
27 86 0
27 87 68
27 88 50
27 89 25
27 90 24
27 91 31
27 92 22
27 93 61
27 94 82
28 1 36
28 2 2
28 3 93
28 4 49
28 5 21
28 6 4
28 7 65
28 8 18
28 9 86
28 10 58
28 11 55
28 12 30
28 13 67
28 14 90
28 15 33
28 16 8
28 17 61
28 18 91
28 19 66
28 20 39
28 21 87
28 22 63
28 23 5
28 24 40
28 25 85
28 26 51
28 27 20
28 28 11
28 29 89
28 30 23
28 31 10
28 32 48
28 33 42
28 34 75
28 35 13
28 36 6
28 37 43
28 38 17
28 39 37
28 40 79
28 41 44
28 42 52
28 43 46
28 44 34
28 45 25
28 46 9
28 47 53
28 48 56
28 49 31
28 50 47
28 51 92
28 52 12
28 53 29
28 54 35
28 55 81
28 56 74
28 57 78
28 58 94
28 59 14
28 60 82
28 61 88
28 62 45
28 63 77
28 64 15
28 65 26
28 66 22
28 67 7
28 68 68
28 69 50
28 70 1
28 71 71
28 72 19
28 73 16
28 74 32
28 75 57
28 76 62
28 77 38
28 78 72
28 79 83
28 80 41
28 81 69
28 82 80
28 83 24
28 84 0
28 85 59
28 86 70
28 87 27
28 88 73
28 89 54
28 90 60
28 91 84
28 92 3
28 93 64
28 94 76
29 1 19
29 2 88
29 3 12
29 4 80
29 5 43
29 6 71
29 7 42
29 8 53
29 9 76
29 10 55
29 11 27
29 12 16
29 13 32
29 14 79
29 15 45
29 16 72
29 17 21
29 18 10
29 19 28
29 20 25
29 21 34
29 22 75
29 23 3
29 24 1
29 25 0
29 26 9
29 27 87
29 28 56
29 29 52
29 30 30
29 31 84
29 32 36
29 33 50
29 34 8
29 35 41
29 36 37
29 37 18
29 38 20
29 39 48
29 40 86
29 41 93
29 42 35
29 43 85
29 44 61
29 45 83
29 46 74
29 47 26
29 48 90
29 49 39
29 50 92
29 51 91
29 52 47
29 53 66
29 54 23
29 55 38
29 56 62
29 57 46
29 58 65
29 59 5
29 60 63
29 61 14
29 62 69
29 63 94
29 64 4
29 65 57
29 66 22
29 67 78
29 68 40
29 69 54
29 70 49
29 71 44
29 72 33
29 73 81
29 74 67
29 75 58
29 76 82
29 77 6
29 78 7
29 79 59
29 80 70
29 81 2
29 82 64
29 83 15
29 84 51
29 85 73
29 86 24
29 87 31
29 88 13
29 89 60
29 90 77
29 91 11
29 92 89
29 93 17
29 94 68
30 1 73
30 2 34
30 3 80
30 4 45
30 5 61
30 6 69
30 7 84
30 8 63
30 9 24
30 10 91
30 11 16
30 12 10
30 13 19
30 14 26
30 15 13
30 16 57
30 17 64
30 18 39
30 19 78
30 20 2
30 21 82
30 22 62
30 23 56
30 24 74
30 25 4
30 26 25
30 27 88
30 28 90
30 29 0
30 30 28
30 31 23
30 32 79
30 33 41
30 34 15
30 35 37
30 36 38
30 37 87
30 38 42
30 39 68
30 40 55
30 41 81
30 42 27
30 43 92
30 44 46
30 45 93
30 46 22
30 47 60
30 48 44
30 49 76
30 50 35
30 51 47
30 52 52
30 53 83
30 54 32
30 55 36
30 56 40
30 57 9
30 58 85
30 59 20
30 60 5
30 61 29
30 62 70
30 63 11
30 64 31
30 65 14
30 66 58
30 67 65
30 68 66
30 69 3
30 70 75
30 71 12
30 72 33
30 73 18
30 74 49
30 75 51
30 76 8
30 77 50
30 78 94
30 79 48
30 80 59
30 81 43
30 82 67
30 83 77
30 84 1
30 85 86
30 86 21
30 87 17
30 88 89
30 89 54
30 90 53
30 91 7
30 92 72
30 93 71
30 94 6
31 1 93
31 2 54
31 3 41
31 4 51
31 5 84
31 6 86
31 7 77
31 8 36
31 9 74
31 10 35
31 11 82
31 12 47
31 13 40
31 14 69
31 15 11
31 16 68
31 17 80
31 18 88
31 19 8
31 20 76
31 21 78
31 22 50
31 23 24
31 24 9
31 25 56
31 26 52
31 27 73
31 28 6
31 29 7
31 30 46
31 31 20
31 32 37
31 33 89
31 34 28
31 35 44
31 36 22
31 37 19
31 38 75
31 39 21
31 40 67
31 41 62
31 42 12
31 43 85
31 44 32
31 45 90
31 46 64
31 47 70
31 48 53
31 49 34
31 50 92
31 51 16
31 52 17
31 53 2
31 54 43
31 55 65
31 56 91
31 57 79
31 58 49
31 59 18
31 60 25
31 61 61
31 62 0
31 63 59
31 64 63
31 65 5
31 66 30
31 67 42
31 68 71
31 69 57
31 70 72
31 71 38
31 72 66
31 73 1
31 74 55
31 75 81
31 76 94
31 77 4
31 78 10
31 79 58
31 80 33
31 81 29
31 82 26
31 83 27
31 84 60
31 85 23
31 86 87
31 87 39
31 88 15
31 89 45
31 90 3
31 91 83
31 92 14
31 93 13
31 94 48
32 1 19
32 2 89
32 3 69
32 4 33
32 5 44
32 6 12
32 7 84
32 8 22
32 9 48
32 10 29
32 11 37
32 12 11
32 13 14
32 14 21
32 15 53
32 16 60
32 17 82
32 18 78
32 19 81
32 20 5
32 21 24
32 22 41
32 23 87
32 24 68
32 25 80
32 26 9
32 27 62
32 28 54
32 29 90
32 30 50
32 31 13
32 32 25
32 33 75
32 34 42
32 35 83
32 36 45
32 37 70
32 38 74
32 39 55
32 40 58
32 41 77
32 42 92
32 43 7
32 44 85
32 45 31
32 46 18
32 47 28
32 48 47
32 49 0
32 50 4
32 51 49
32 52 17
32 53 10
32 54 26
32 55 79
32 56 56
32 57 27
32 58 16
32 59 61
32 60 39
32 61 57
32 62 88
32 63 35
32 64 46
32 65 30
32 66 94
32 67 2
32 68 36
32 69 43
32 70 76
32 71 23
32 72 15
32 73 86
32 74 63
32 75 73
32 76 71
32 77 1
32 78 59
32 79 66
32 80 51
32 81 72
32 82 93
32 83 52
32 84 34
32 85 20
32 86 67
32 87 64
32 88 40
32 89 91
32 90 6
32 91 65
32 92 8
32 93 38
32 94 3
33 1 50
33 2 19
33 3 68
33 4 6
33 5 82
33 6 18
33 7 36
33 8 69
33 9 11
33 10 57
33 11 70
33 12 48
33 13 29
33 14 63
33 15 59
33 16 94
33 17 5
33 18 89
33 19 12
33 20 46
33 21 78
33 22 15
33 23 75
33 24 26
33 25 60
33 26 72
33 27 16
33 28 87
33 29 8
33 30 56
33 31 20
33 32 93
33 33 66
33 34 83
33 35 53
33 36 37
33 37 51
33 38 42
33 39 43
33 40 3
33 41 31
33 42 76
33 43 40
33 44 49
33 45 4
33 46 24
33 47 54
33 48 92
33 49 91
33 50 45
33 51 39
33 52 9
33 53 17
33 54 62
33 55 25
33 56 88
33 57 44
33 58 1
33 59 67
33 60 65
33 61 10
33 62 73
33 63 13
33 64 90
33 65 2
33 66 86
33 67 79
33 68 38
33 69 64
33 70 23
33 71 55
33 72 74
33 73 84
33 74 0
33 75 85
33 76 34
33 77 77
33 78 28
33 79 21
33 80 32
33 81 58
33 82 61
33 83 30
33 84 35
33 85 52
33 86 14
33 87 47
33 88 22
33 89 27
33 90 7
33 91 81
33 92 80
33 93 41
33 94 71
34 1 90
34 2 84
34 3 80
34 4 38
34 5 93
34 6 87
34 7 2
34 8 89
34 9 60
34 10 4
34 11 64
34 12 47
34 13 15
34 14 40
34 15 42
34 16 43
34 17 21
34 18 12
34 19 11
34 20 13
34 21 86
34 22 62
34 23 69
34 24 19
34 25 0
34 26 91
34 27 28
34 28 70
34 29 50
34 30 37
34 31 58
34 32 7
34 33 83
34 34 65
34 35 1
34 36 29
34 37 14
34 38 48
34 39 77
34 40 26
34 41 16
34 42 30
34 43 36
34 44 5
34 45 71
34 46 25
34 47 32
34 48 3
34 49 8
34 50 73
34 51 76
34 52 20
34 53 68
34 54 31
34 55 88
34 56 17
34 57 75
34 58 63
34 59 23
34 60 94
34 61 33
34 62 45
34 63 10
34 64 78
34 65 55
34 66 72
34 67 35
34 68 61
34 69 46
34 70 57
34 71 81
34 72 54
34 73 27
34 74 49
34 75 92
34 76 85
34 77 41
34 78 52
34 79 56
34 80 66
34 81 6
34 82 67
34 83 22
34 84 9
34 85 74
34 86 24
34 87 51
34 88 82
34 89 79
34 90 44
34 91 39
34 92 18
34 93 53
34 94 59
35 1 1
35 2 37
35 3 42
35 4 58
35 5 25
35 6 93
35 7 15
35 8 94
35 9 48
35 10 8
35 11 49
35 12 65
35 13 54
35 14 85
35 15 12
35 16 62
35 17 52
35 18 38
35 19 70
35 20 73
35 21 51
35 22 89
35 23 53
35 24 81
35 25 45
35 26 14
35 27 47
35 28 78
35 29 20
35 30 29
35 31 72
35 32 75
35 33 31
35 34 69
35 35 50
35 36 23
35 37 3
35 38 24
35 39 2
35 40 68
35 41 22
35 42 5
35 43 56
35 44 13
35 45 91
35 46 90
35 47 39
35 48 28
35 49 19
35 50 59
35 51 77
35 52 32
35 53 80
35 54 86
35 55 63
35 56 36
35 57 4
35 58 44
35 59 11
35 60 82
35 61 83
35 62 41
35 63 87
35 64 9
35 65 92
35 66 16
35 67 67
35 68 33
35 69 40
35 70 27
35 71 0
35 72 79
35 73 30
35 74 17
35 75 88
35 76 74
35 77 71
35 78 66
35 79 7
35 80 18
35 81 10
35 82 61
35 83 84
35 84 26
35 85 60
35 86 57
35 87 6
35 88 43
35 89 46
35 90 34
35 91 76
35 92 64
35 93 55
35 94 21
36 1 60
36 2 85
36 3 63
36 4 88
36 5 89
36 6 16
36 7 62
36 8 2
36 9 45
36 10 15
36 11 43
36 12 18
36 13 52
36 14 68
36 15 87
36 16 69
36 17 90
36 18 29
36 19 33
36 20 17
36 21 23
36 22 34
36 23 37
36 24 79
36 25 93
36 26 94
36 27 4
36 28 47
36 29 73
36 30 86
36 31 67
36 32 21
36 33 66
36 34 14
36 35 42
36 36 50
36 37 46
36 38 25
36 39 64
36 40 78
36 41 80
36 42 38
36 43 19
36 44 39
36 45 3
36 46 55
36 47 44
36 48 6
36 49 28
36 50 24
36 51 76
36 52 10
36 53 26
36 54 75
36 55 41
36 56 83
36 57 53
36 58 22
36 59 13
36 60 71
36 61 0
36 62 77
36 63 61
36 64 35
36 65 65
36 66 7
36 67 40
36 68 11
36 69 72
36 70 81
36 71 20
36 72 56
36 73 74
36 74 84
36 75 31
36 76 1
36 77 30
36 78 51
36 79 54
36 80 58
36 81 27
36 82 48
36 83 5
36 84 32
36 85 92
36 86 70
36 87 9
36 88 49
36 89 57
36 90 59
36 91 91
36 92 8
36 93 82
36 94 12
37 1 3
37 2 60
37 3 70
37 4 73
37 5 42
37 6 4
37 7 16
37 8 33
37 9 83
37 10 7
37 11 85
37 12 46
37 13 56
37 14 68
37 15 31
37 16 21
37 17 23
37 18 9
37 19 58
37 20 43
37 21 47
37 22 71
37 23 1
37 24 72
37 25 50
37 26 41
37 27 80
37 28 13
37 29 54
37 30 94
37 31 87
37 32 6
37 33 45
37 34 34
37 35 78
37 36 26
37 37 64
37 38 67
37 39 86
37 40 44
37 41 15
37 42 48
37 43 29
37 44 20
37 45 27
37 46 2
37 47 8
37 48 84
37 49 22
37 50 74
37 51 82
37 52 92
37 53 18
37 54 11
37 55 62
37 56 76
37 57 90
37 58 51
37 59 59
37 60 10
37 61 88
37 62 25
37 63 39
37 64 14
37 65 52
37 66 0
37 67 63
37 68 79
37 69 69
37 70 17
37 71 32
37 72 24
37 73 35
37 74 19
37 75 40
37 76 38
37 77 12
37 78 93
37 79 75
37 80 89
37 81 49
37 82 5
37 83 77
37 84 53
37 85 36
37 86 66
37 87 81
37 88 57
37 89 61
37 90 28
37 91 55
37 92 91
37 93 30
37 94 65
38 1 5
38 2 61
38 3 72
38 4 28
38 5 68
38 6 26
38 7 49
38 8 48
38 9 86
38 10 63
38 11 29
38 12 16
38 13 31
38 14 39
38 15 6
38 16 25
38 17 34
38 18 55
38 19 7
38 20 9
38 21 37
38 22 46
38 23 22
38 24 33
38 25 15
38 26 10
38 27 42
38 28 59
38 29 69
38 30 76
38 31 8
38 32 11
38 33 23
38 34 85
38 35 52
38 36 87
38 37 53
38 38 32
38 39 80
38 40 14
38 41 56
38 42 2
38 43 21
38 44 73
38 45 81
38 46 24
38 47 13
38 48 64
38 49 93
38 50 57
38 51 82
38 52 19
38 53 74
38 54 45
38 55 94
38 56 50
38 57 1
38 58 40
38 59 35
38 60 44
38 61 51
38 62 60
38 63 67
38 64 17
38 65 20
38 66 89
38 67 47
38 68 77
38 69 62
38 70 91
38 71 66
38 72 58
38 73 12
38 74 92
38 75 83
38 76 54
38 77 41
38 78 30
38 79 4
38 80 36
38 81 71
38 82 0
38 83 65
38 84 75
38 85 88
38 86 27
38 87 90
38 88 3
38 89 79
38 90 84
38 91 43
38 92 78
38 93 18
38 94 70
39 1 90
39 2 35
39 3 26
39 4 81
39 5 25
39 6 52
39 7 86
39 8 28
39 9 84
39 10 45
39 11 68
39 12 43
39 13 37
39 14 4
39 15 58
39 16 70
39 17 15
39 18 49
39 19 75
39 20 79
39 21 17
39 22 38
39 23 65
39 24 71
39 25 36
39 26 77
39 27 8
39 28 57
39 29 33
39 30 91
39 31 73
39 32 94
39 33 54
39 34 21
39 35 69
39 36 76
39 37 87
39 38 48
39 39 51
39 40 47
39 41 93
39 42 32
39 43 40
39 44 80
39 45 16
39 46 24
39 47 82
39 48 5
39 49 72
39 50 56
39 51 23
39 52 42
39 53 13
39 54 60
39 55 50
39 56 64
39 57 12
39 58 30
39 59 7
39 60 61
39 61 92
39 62 20
39 63 22
39 64 9
39 65 66
39 66 85
39 67 2
39 68 53
39 69 29
39 70 14
39 71 63
39 72 89
39 73 34
39 74 46
39 75 1
39 76 18
39 77 6
39 78 41
39 79 88
39 80 74
39 81 44
39 82 27
39 83 78
39 84 19
39 85 62
39 86 83
39 87 0
39 88 31
39 89 59
39 90 67
39 91 3
39 92 11
39 93 10
39 94 55
40 1 48
40 2 82
40 3 76
40 4 67
40 5 21
40 6 85
40 7 58
40 8 81
40 9 16
40 10 71
40 11 69
40 12 79
40 13 32
40 14 68
40 15 51
40 16 37
40 17 31
40 18 66
40 19 63
40 20 47
40 21 91
40 22 36
40 23 12
40 24 87
40 25 77
40 26 7
40 27 70
40 28 45
40 29 52
40 30 80
40 31 89
40 32 90
40 33 74
40 34 1
40 35 13
40 36 8
40 37 10
40 38 17
40 39 64
40 40 26
40 41 84
40 42 23
40 43 54
40 44 35
40 45 86
40 46 38
40 47 9
40 48 4
40 49 5
40 50 46
40 51 30
40 52 88
40 53 65
40 54 92
40 55 60
40 56 11
40 57 22
40 58 62
40 59 39
40 60 18
40 61 2
40 62 3
40 63 75
40 64 15
40 65 49
40 66 24
40 67 0
40 68 56
40 69 53
40 70 83
40 71 59
40 72 42
40 73 55
40 74 14
40 75 41
40 76 44
40 77 28
40 78 94
40 79 78
40 80 73
40 81 29
40 82 33
40 83 43
40 84 72
40 85 25
40 86 61
40 87 27
40 88 6
40 89 50
40 90 20
40 91 57
40 92 93
40 93 19
40 94 34
41 1 85
41 2 81
41 3 76
41 4 53
41 5 65
41 6 92
41 7 78
41 8 58
41 9 7
41 10 10
41 11 45
41 12 88
41 13 71
41 14 3
41 15 23
41 16 12
41 17 94
41 18 39
41 19 56
41 20 24
41 21 42
41 22 60
41 23 34
41 24 75
41 25 33
41 26 43
41 27 93
41 28 4
41 29 55
41 30 1
41 31 68
41 32 69
41 33 80
41 34 67
41 35 82
41 36 49
41 37 72
41 38 62
41 39 6
41 40 9
41 41 48
41 42 37
41 43 87
41 44 15
41 45 91
41 46 22
41 47 86
41 48 35
41 49 77
41 50 29
41 51 83
41 52 40
41 53 79
41 54 18
41 55 70
41 56 64
41 57 25
41 58 44
41 59 74
41 60 36
41 61 57
41 62 8
41 63 63
41 64 21
41 65 89
41 66 47
41 67 14
41 68 59
41 69 66
41 70 90
41 71 28
41 72 2
41 73 38
41 74 52
41 75 46
41 76 61
41 77 11
41 78 50
41 79 16
41 80 5
41 81 84
41 82 13
41 83 20
41 84 32
41 85 54
41 86 31
41 87 19
41 88 17
41 89 0
41 90 73
41 91 27
41 92 51
41 93 30
41 94 26
42 1 40
42 2 29
42 3 19
42 4 7
42 5 91
42 6 26
42 7 61
42 8 44
42 9 21
42 10 83
42 11 1
42 12 17
42 13 76
42 14 9
42 15 23
42 16 90
42 17 69
42 18 67
42 19 20
42 20 47
42 21 46
42 22 49
42 23 65
42 24 14
42 25 51
42 26 80
42 27 60
42 28 52
42 29 48
42 30 54
42 31 2
42 32 58
42 33 37
42 34 86
42 35 93
42 36 8
42 37 85
42 38 22
42 39 75
42 40 13
42 41 66
42 42 45
42 43 4
42 44 11
42 45 79
42 46 53
42 47 39
42 48 15
42 49 0
42 50 72
42 51 89
42 52 64
42 53 31
42 54 43
42 55 18
42 56 71
42 57 94
42 58 87
42 59 74
42 60 82
42 61 5
42 62 92
42 63 30
42 64 63
42 65 59
42 66 16
42 67 81
42 68 70
42 69 32
42 70 38
42 71 28
42 72 77
42 73 3
42 74 62
42 75 34
42 76 41
42 77 36
42 78 50
42 79 12
42 80 35
42 81 57
42 82 55
42 83 73
42 84 25
42 85 88
42 86 6
42 87 68
42 88 33
42 89 24
42 90 10
42 91 84
42 92 27
42 93 78
42 94 56
43 1 32
43 2 38
43 3 10
43 4 11
43 5 7
43 6 60
43 7 89
43 8 66
43 9 19
43 10 76
43 11 0
43 12 65
43 13 48
43 14 50
43 15 85
43 16 53
43 17 86
43 18 45
43 19 33
43 20 72
43 21 80
43 22 23
43 23 74
43 24 26
43 25 88
43 26 25
43 27 84
43 28 27
43 29 42
43 30 54
43 31 20
43 32 22
43 33 92
43 34 17
43 35 69
43 36 24
43 37 56
43 38 58
43 39 34
43 40 3
43 41 77
43 42 64
43 43 1
43 44 83
43 45 68
43 46 4
43 47 46
43 48 36
43 49 75
43 50 90
43 51 79
43 52 30
43 53 70
43 54 59
43 55 41
43 56 6
43 57 57
43 58 40
43 59 49
43 60 71
43 61 18
43 62 21
43 63 63
43 64 35
43 65 81
43 66 44
43 67 61
43 68 13
43 69 55
43 70 8
43 71 14
43 72 82
43 73 73
43 74 78
43 75 29
43 76 37
43 77 94
43 78 9
43 79 62
43 80 28
43 81 2
43 82 39
43 83 52
43 84 47
43 85 91
43 86 15
43 87 12
43 88 87
43 89 31
43 90 67
43 91 16
43 92 5
43 93 93
43 94 51
44 1 70
44 2 20
44 3 55
44 4 39
44 5 11
44 6 91
44 7 93
44 8 90
44 9 63
44 10 35
44 11 72
44 12 16
44 13 84
44 14 24
44 15 13
44 16 79
44 17 80
44 18 34
44 19 47
44 20 62
44 21 0
44 22 7
44 23 61
44 24 38
44 25 57
44 26 51
44 27 2
44 28 21
44 29 3
44 30 81
44 31 74
44 32 75
44 33 64
44 34 52
44 35 46
44 36 76
44 37 5
44 38 92
44 39 89
44 40 66
44 41 37
44 42 68
44 43 45
44 44 18
44 45 56
44 46 48
44 47 73
44 48 78
44 49 10
44 50 4
44 51 28
44 52 83
44 53 1
44 54 29
44 55 82
44 56 32
44 57 42
44 58 49
44 59 33
44 60 15
44 61 50
44 62 14
44 63 12
44 64 58
44 65 86
44 66 26
44 67 71
44 68 94
44 69 87
44 70 6
44 71 8
44 72 59
44 73 53
44 74 30
44 75 88
44 76 36
44 77 77
44 78 43
44 79 23
44 80 60
44 81 27
44 82 19
44 83 65
44 84 31
44 85 22
44 86 25
44 87 41
44 88 9
44 89 69
44 90 54
44 91 17
44 92 85
44 93 40
44 94 67
45 1 38
45 2 85
45 3 49
45 4 48
45 5 25
45 6 39
45 7 11
45 8 82
45 9 18
45 10 32
45 11 62
45 12 56
45 13 37
45 14 50
45 15 93
45 16 47
45 17 55
45 18 14
45 19 40
45 20 64
45 21 74
45 22 51
45 23 81
45 24 90
45 25 36
45 26 73
45 27 57
45 28 84
45 29 9
45 30 79
45 31 8
45 32 75
45 33 29
45 34 5
45 35 17
45 36 54
45 37 76
45 38 3
45 39 77
45 40 94
45 41 42
45 42 69
45 43 13
45 44 91
45 45 34
45 46 59
45 47 66
45 48 7
45 49 61
45 50 28
45 51 53
45 52 72
45 53 78
45 54 10
45 55 2
45 56 63
45 57 31
45 58 20
45 59 6
45 60 21
45 61 35
45 62 83
45 63 15
45 64 19
45 65 12
45 66 44
45 67 26
45 68 33
45 69 65
45 70 58
45 71 16
45 72 70
45 73 4
45 74 23
45 75 86
45 76 30
45 77 46
45 78 41
45 79 22
45 80 71
45 81 0
45 82 92
45 83 1
45 84 80
45 85 87
45 86 89
45 87 88
45 88 60
45 89 67
45 90 68
45 91 24
45 92 27
45 93 52
45 94 43
46 1 44
46 2 23
46 3 59
46 4 60
46 5 55
46 6 89
46 7 17
46 8 28
46 9 45
46 10 58
46 11 53
46 12 32
46 13 14
46 14 42
46 15 19
46 16 75
46 17 21
46 18 80
46 19 4
46 20 74
46 21 61
46 22 3
46 23 51
46 24 70
46 25 92
46 26 20
46 27 37
46 28 26
46 29 16
46 30 27
46 31 49
46 32 11
46 33 0
46 34 47
46 35 67
46 36 78
46 37 72
46 38 33
46 39 18
46 40 64
46 41 39
46 42 87
46 43 91
46 44 94
46 45 5
46 46 13
46 47 9
46 48 90
46 49 57
46 50 30
46 51 38
46 52 84
46 53 63
46 54 36
46 55 69
46 56 1
46 57 65
46 58 76
46 59 71
46 60 12
46 61 83
46 62 62
46 63 81
46 64 10
46 65 85
46 66 31
46 67 15
46 68 48
46 69 35
46 70 66
46 71 73
46 72 50
46 73 93
46 74 34
46 75 40
46 76 54
46 77 43
46 78 7
46 79 2
46 80 8
46 81 88
46 82 29
46 83 52
46 84 82
46 85 25
46 86 79
46 87 41
46 88 6
46 89 56
46 90 22
46 91 68
46 92 77
46 93 86
46 94 24
47 1 9
47 2 30
47 3 74
47 4 86
47 5 27
47 6 73
47 7 59
47 8 31
47 9 52
47 10 71
47 11 51
47 12 3
47 13 69
47 14 38
47 15 23
47 16 62
47 17 21
47 18 84
47 19 83
47 20 18
47 21 50
47 22 54
47 23 19
47 24 56
47 25 16
47 26 72
47 27 92
47 28 64
47 29 42
47 30 10
47 31 25
47 32 15
47 33 81
47 34 41
47 35 60
47 36 20
47 37 39
47 38 90
47 39 82
47 40 88
47 41 46
47 42 37
47 43 80
47 44 78
47 45 14
47 46 89
47 47 45
47 48 12
47 49 57
47 50 94
47 51 85
47 52 34
47 53 32
47 54 5
47 55 13
47 56 6
47 57 44
47 58 2
47 59 65
47 60 49
47 61 48
47 62 77
47 63 79
47 64 35
47 65 91
47 66 61
47 67 63
47 68 36
47 69 22
47 70 93
47 71 33
47 72 40
47 73 53
47 74 0
47 75 66
47 76 4
47 77 29
47 78 24
47 79 70
47 80 28
47 81 87
47 82 68
47 83 1
47 84 43
47 85 75
47 86 76
47 87 11
47 88 26
47 89 55
47 90 8
47 91 67
47 92 17
47 93 7
47 94 58
48 1 62
48 2 88
48 3 41
48 4 26
48 5 42
48 6 18
48 7 84
48 8 59
48 9 33
48 10 15
48 11 22
48 12 9
48 13 23
48 14 77
48 15 7
48 16 55
48 17 49
48 18 69
48 19 13
48 20 50
48 21 39
48 22 53
48 23 56
48 24 12
48 25 11
48 26 70
48 27 61
48 28 46
48 29 17
48 30 1
48 31 0
48 32 72
48 33 75
48 34 87
48 35 74
48 36 30
48 37 43
48 38 25
48 39 78
48 40 19
48 41 68
48 42 65
48 43 4
48 44 54
48 45 14
48 46 85
48 47 44
48 48 82
48 49 5
48 50 60
48 51 63
48 52 64
48 53 37
48 54 21
48 55 57
48 56 52
48 57 35
48 58 51
48 59 16
48 60 83
48 61 29
48 62 2
48 63 91
48 64 86
48 65 58
48 66 90
48 67 73
48 68 28
48 69 67
48 70 47
48 71 80
48 72 71
48 73 92
48 74 94
48 75 38
48 76 10
48 77 27
48 78 32
48 79 6
48 80 40
48 81 66
48 82 8
48 83 79
48 84 93
48 85 31
48 86 45
48 87 81
48 88 36
48 89 76
48 90 24
48 91 34
48 92 3
48 93 20
48 94 89
49 1 91
49 2 17
49 3 51
49 4 5
49 5 67
49 6 80
49 7 15
49 8 35
49 9 20
49 10 13
49 11 81
49 12 90
49 13 76
49 14 64
49 15 48
49 16 50
49 17 85
49 18 12
49 19 19
49 20 72
49 21 34
49 22 28
49 23 41
49 24 36
49 25 59
49 26 55
49 27 70
49 28 21
49 29 43
49 30 32
49 31 40
49 32 73
49 33 56
49 34 75
49 35 54
49 36 62
49 37 9
49 38 86
49 39 68
49 40 89
49 41 74
49 42 7
49 43 47
49 44 84
49 45 22
49 46 8
49 47 16
49 48 83
49 49 33
49 50 87
49 51 52
49 52 39
49 53 0
49 54 10
49 55 63
49 56 6
49 57 58
49 58 88
49 59 37
49 60 27
49 61 18
49 62 57
49 63 24
49 64 29
49 65 93
49 66 23
49 67 4
49 68 14
49 69 66
49 70 25
49 71 79
49 72 69
49 73 82
49 74 45
49 75 46
49 76 94
49 77 65
49 78 92
49 79 42
49 80 26
49 81 31
49 82 2
49 83 53
49 84 77
49 85 61
49 86 71
49 87 30
49 88 78
49 89 11
49 90 44
49 91 60
49 92 38
49 93 3
49 94 1
50 1 14
50 2 80
50 3 78
50 4 31
50 5 68
50 6 41
50 7 10
50 8 60
50 9 45
50 10 27
50 11 8
50 12 75
50 13 6
50 14 29
50 15 13
50 16 9
50 17 71
50 18 26
50 19 35
50 20 43
50 21 30
50 22 83
50 23 88
50 24 19
50 25 54
50 26 91
50 27 34
50 28 69
50 29 38
50 30 53
50 31 42
50 32 77
50 33 15
50 34 59
50 35 73
50 36 92
50 37 12
50 38 55
50 39 44
50 40 58
50 41 63
50 42 62
50 43 24
50 44 20
50 45 3
50 46 21
50 47 11
50 48 93
50 49 56
50 50 4
50 51 25
50 52 22
50 53 46
50 54 57
50 55 94
50 56 85
50 57 72
50 58 17
50 59 33
50 60 65
50 61 48
50 62 47
50 63 1
50 64 40
50 65 82
50 66 66
50 67 86
50 68 39
50 69 51
50 70 89
50 71 37
50 72 61
50 73 84
50 74 23
50 75 16
50 76 67
50 77 87
50 78 52
50 79 18
50 80 70
50 81 49
50 82 36
50 83 90
50 84 32
50 85 28
50 86 0
50 87 79
50 88 76
50 89 7
50 90 2
50 91 81
50 92 64
50 93 5
50 94 74
51 1 23
51 2 2
51 3 29
51 4 40
51 5 20
51 6 84
51 7 37
51 8 73
51 9 44
51 10 46
51 11 92
51 12 67
51 13 16
51 14 10
51 15 25
51 16 56
51 17 24
51 18 34
51 19 82
51 20 75
51 21 31
51 22 45
51 23 86
51 24 1
51 25 58
51 26 59
51 27 93
51 28 48
51 29 83
51 30 63
51 31 76
51 32 0
51 33 14
51 34 71
51 35 26
51 36 43
51 37 15
51 38 78
51 39 42
51 40 33
51 41 52
51 42 32
51 43 88
51 44 47
51 45 27
51 46 41
51 47 5
51 48 69
51 49 17
51 50 39
51 51 35
51 52 53
51 53 85
51 54 61
51 55 30
51 56 65
51 57 79
51 58 62
51 59 64
51 60 21
51 61 77
51 62 81
51 63 74
51 64 28
51 65 7
51 66 91
51 67 94
51 68 60
51 69 68
51 70 66
51 71 13
51 72 57
51 73 6
51 74 49
51 75 8
51 76 11
51 77 89
51 78 9
51 79 90
51 80 80
51 81 54
51 82 70
51 83 38
51 84 19
51 85 4
51 86 3
51 87 12
51 88 50
51 89 55
51 90 22
51 91 72
51 92 87
51 93 36
51 94 18
52 1 26
52 2 19
52 3 15
52 4 60
52 5 75
52 6 43
52 7 81
52 8 88
52 9 1
52 10 82
52 11 47
52 12 29
52 13 71
52 14 20
52 15 23
52 16 45
52 17 33
52 18 74
52 19 18
52 20 89
52 21 30
52 22 6
52 23 68
52 24 78
52 25 91
52 26 64
52 27 86
52 28 62
52 29 4
52 30 84
52 31 7
52 32 80
52 33 48
52 34 53
52 35 83
52 36 32
52 37 13
52 38 85
52 39 40
52 40 94
52 41 39
52 42 63
52 43 54
52 44 21
52 45 92
52 46 8
52 47 5
52 48 14
52 49 76
52 50 87
52 51 66
52 52 55
52 53 77
52 54 0
52 55 3
52 56 17
52 57 28
52 58 46
52 59 56
52 60 10
52 61 51
52 62 16
52 63 70
52 64 36
52 65 50
52 66 44
52 67 34
52 68 42
52 69 38
52 70 59
52 71 41
52 72 61
52 73 37
52 74 58
52 75 24
52 76 25
52 77 35
52 78 73
52 79 22
52 80 49
52 81 12
52 82 67
52 83 65
52 84 93
52 85 90
52 86 2
52 87 69
52 88 79
52 89 27
52 90 9
52 91 31
52 92 72
52 93 57
52 94 11
53 1 49
53 2 88
53 3 86
53 4 37
53 5 90
53 6 28
53 7 80
53 8 39
53 9 33
53 10 76
53 11 13
53 12 6
53 13 52
53 14 70
53 15 48
53 16 58
53 17 14
53 18 42
53 19 40
53 20 79
53 21 4
53 22 74
53 23 34
53 24 20
53 25 25
53 26 84
53 27 36
53 28 17
53 29 89
53 30 26
53 31 45
53 32 71
53 33 12
53 34 67
53 35 2
53 36 59
53 37 22
53 38 3
53 39 51
53 40 83
53 41 31
53 42 15
53 43 5
53 44 60
53 45 16
53 46 68
53 47 30
53 48 24
53 49 54
53 50 66
53 51 50
53 52 61
53 53 9
53 54 82
53 55 65
53 56 93
53 57 44
53 58 35
53 59 1
53 60 29
53 61 32
53 62 63
53 63 38
53 64 77
53 65 55
53 66 11
53 67 64
53 68 43
53 69 81
53 70 23
53 71 62
53 72 47
53 73 69
53 74 73
53 75 75
53 76 8
53 77 85
53 78 87
53 79 57
53 80 92
53 81 7
53 82 78
53 83 94
53 84 46
53 85 18
53 86 41
53 87 91
53 88 19
53 89 21
53 90 27
53 91 56
53 92 10
53 93 0
53 94 72
54 1 22
54 2 78
54 3 53
54 4 84
54 5 32
54 6 36
54 7 11
54 8 61
54 9 58
54 10 80
54 11 88
54 12 21
54 13 91
54 14 51
54 15 63
54 16 73
54 17 4
54 18 46
54 19 40
54 20 16
54 21 68
54 22 52
54 23 75
54 24 82
54 25 31
54 26 25
54 27 7
54 28 55
54 29 42
54 30 86
54 31 28
54 32 20
54 33 17
54 34 72
54 35 6
54 36 37
54 37 1
54 38 3
54 39 76
54 40 70
54 41 8
54 42 81
54 43 50
54 44 27
54 45 93
54 46 35
54 47 24
54 48 87
54 49 56
54 50 18
54 51 48
54 52 85
54 53 38
54 54 29
54 55 9
54 56 0
54 57 74
54 58 65
54 59 30
54 60 41
54 61 15
54 62 10
54 63 45
54 64 92
54 65 2
54 66 39
54 67 59
54 68 57
54 69 23
54 70 13
54 71 79
54 72 64
54 73 77
54 74 26
54 75 19
54 76 12
54 77 66
54 78 33
54 79 60
54 80 94
54 81 47
54 82 49
54 83 83
54 84 5
54 85 90
54 86 44
54 87 89
54 88 67
54 89 69
54 90 34
54 91 71
54 92 14
54 93 62
54 94 43
55 1 54
55 2 76
55 3 19
55 4 50
55 5 71
55 6 13
55 7 39
55 8 60
55 9 51
55 10 27
55 11 53
55 12 78
55 13 16
55 14 9
55 15 29
55 16 49
55 17 11
55 18 30
55 19 94
55 20 24
55 21 70
55 22 5
55 23 8
55 24 81
55 25 88
55 26 79
55 27 15
55 28 87
55 29 77
55 30 47
55 31 34
55 32 18
55 33 31
55 34 1
55 35 59
55 36 38
55 37 89
55 38 69
55 39 32
55 40 74
55 41 21
55 42 67
55 43 52
55 44 65
55 45 90
55 46 28
55 47 4
55 48 75
55 49 83
55 50 45
55 51 0
55 52 66
55 53 91
55 54 86
55 55 41
55 56 40
55 57 6
55 58 73
55 59 42
55 60 36
55 61 25
55 62 23
55 63 57
55 64 80
55 65 93
55 66 7
55 67 33
55 68 35
55 69 12
55 70 62
55 71 48
55 72 85
55 73 17
55 74 44
55 75 22
55 76 43
55 77 92
55 78 37
55 79 3
55 80 20
55 81 68
55 82 63
55 83 72
55 84 84
55 85 46
55 86 56
55 87 26
55 88 82
55 89 58
55 90 10
55 91 2
55 92 14
55 93 61
55 94 64
56 1 68
56 2 80
56 3 92
56 4 49
56 5 79
56 6 1
56 7 67
56 8 43
56 9 64
56 10 86
56 11 48
56 12 88
56 13 72
56 14 61
56 15 15
56 16 74
56 17 33
56 18 93
56 19 41
56 20 42
56 21 27
56 22 87
56 23 82
56 24 65
56 25 16
56 26 22
56 27 8
56 28 85
56 29 58
56 30 91
56 31 37
56 32 66
56 33 52
56 34 3
56 35 19
56 36 60
56 37 18
56 38 7
56 39 89
56 40 25
56 41 39
56 42 45
56 43 35
56 44 24
56 45 0
56 46 12
56 47 54
56 48 29
56 49 78
56 50 2
56 51 83
56 52 34
56 53 46
56 54 57
56 55 53
56 56 63
56 57 17
56 58 5
56 59 51
56 60 59
56 61 94
56 62 84
56 63 75
56 64 44
56 65 14
56 66 11
56 67 26
56 68 76
56 69 47
56 70 70
56 71 40
56 72 69
56 73 32
56 74 20
56 75 21
56 76 55
56 77 38
56 78 28
56 79 36
56 80 77
56 81 30
56 82 13
56 83 90
56 84 31
56 85 6
56 86 23
56 87 73
56 88 50
56 89 9
56 90 71
56 91 81
56 92 4
56 93 10
56 94 62
57 1 74
57 2 54
57 3 47
57 4 48
57 5 37
57 6 78
57 7 61
57 8 16
57 9 44
57 10 77
57 11 63
57 12 25
57 13 49
57 14 24
57 15 85
57 16 89
57 17 11
57 18 39
57 19 36
57 20 1
57 21 31
57 22 17
57 23 46
57 24 13
57 25 79
57 26 21
57 27 51
57 28 50
57 29 22
57 30 4
57 31 82
57 32 35
57 33 23
57 34 3
57 35 29
57 36 32
57 37 69
57 38 28
57 39 41
57 40 83
57 41 75
57 42 71
57 43 66
57 44 86
57 45 19
57 46 14
57 47 9
57 48 62
57 49 5
57 50 90
57 51 27
57 52 15
57 53 64
57 54 8
57 55 2
57 56 76
57 57 18
57 58 12
57 59 88
57 60 72
57 61 58
57 62 59
57 63 56
57 64 80
57 65 7
57 66 34
57 67 84
57 68 93
57 69 6
57 70 60
57 71 0
57 72 67
57 73 20
57 74 40
57 75 33
57 76 26
57 77 81
57 78 94
57 79 30
57 80 38
57 81 53
57 82 65
57 83 10
57 84 92
57 85 73
57 86 87
57 87 43
57 88 70
57 89 52
57 90 55
57 91 91
57 92 45
57 93 42
57 94 68
58 1 82
58 2 86
58 3 43
58 4 44
58 5 31
58 6 15
58 7 73
58 8 14
58 9 92
58 10 88
58 11 74
58 12 9
58 13 33
58 14 75
58 15 62
58 16 89
58 17 76
58 18 39
58 19 68
58 20 65
58 21 35
58 22 66
58 23 85
58 24 67
58 25 71
58 26 38
58 27 69
58 28 42
58 29 59
58 30 40
58 31 19
58 32 26
58 33 50
58 34 25
58 35 63
58 36 84
58 37 93
58 38 4
58 39 11
58 40 27
58 41 80
58 42 57
58 43 16
58 44 24
58 45 81
58 46 20
58 47 3
58 48 0
58 49 6
58 50 77
58 51 53
58 52 18
58 53 29
58 54 45
58 55 32
58 56 94
58 57 22
58 58 48
58 59 72
58 60 8
58 61 55
58 62 37
58 63 47
58 64 30
58 65 52
58 66 54
58 67 49
58 68 10
58 69 70
58 70 90
58 71 34
58 72 46
58 73 1
58 74 21
58 75 61
58 76 91
58 77 51
58 78 36
58 79 23
58 80 2
58 81 83
58 82 64
58 83 12
58 84 56
58 85 17
58 86 7
58 87 28
58 88 87
58 89 5
58 90 13
58 91 60
58 92 41
58 93 79
58 94 78
59 1 71
59 2 79
59 3 13
59 4 17
59 5 5
59 6 38
59 7 88
59 8 2
59 9 11
59 10 85
59 11 78
59 12 81
59 13 76
59 14 74
59 15 46
59 16 56
59 17 20
59 18 57
59 19 28
59 20 69
59 21 24
59 22 18
59 23 14
59 24 35
59 25 27
59 26 3
59 27 83
59 28 44
59 29 43
59 30 92
59 31 53
59 32 61
59 33 62
59 34 55
59 35 39
59 36 50
59 37 15
59 38 64
59 39 73
59 40 77
59 41 89
59 42 29
59 43 8
59 44 75
59 45 80
59 46 1
59 47 63
59 48 90
59 49 66
59 50 93
59 51 26
59 52 54
59 53 25
59 54 21
59 55 19
59 56 9
59 57 32
59 58 52
59 59 70
59 60 58
59 61 72
59 62 86
59 63 65
59 64 82
59 65 48
59 66 22
59 67 67
59 68 12
59 69 23
59 70 37
59 71 10
59 72 41
59 73 91
59 74 6
59 75 34
59 76 94
59 77 16
59 78 47
59 79 31
59 80 30
59 81 51
59 82 33
59 83 87
59 84 7
59 85 0
59 86 40
59 87 42
59 88 60
59 89 36
59 90 84
59 91 68
59 92 4
59 93 49
59 94 45
60 1 56
60 2 59
60 3 64
60 4 25
60 5 41
60 6 52
60 7 93
60 8 51
60 9 44
60 10 10
60 11 1
60 12 94
60 13 23
60 14 76
60 15 7
60 16 75
60 17 38
60 18 15
60 19 3
60 20 73
60 21 49
60 22 92
60 23 58
60 24 79
60 25 68
60 26 87
60 27 8
60 28 66
60 29 33
60 30 20
60 31 82
60 32 80
60 33 2
60 34 70
60 35 47
60 36 19
60 37 81
60 38 55
60 39 84
60 40 13
60 41 35
60 42 37
60 43 32
60 44 26
60 45 77
60 46 91
60 47 71
60 48 54
60 49 6
60 50 46
60 51 36
60 52 57
60 53 21
60 54 69
60 55 48
60 56 74
60 57 31
60 58 27
60 59 63
60 60 72
60 61 14
60 62 18
60 63 62
60 64 43
60 65 53
60 66 16
60 67 88
60 68 40
60 69 30
60 70 65
60 71 9
60 72 29
60 73 39
60 74 4
60 75 89
60 76 22
60 77 42
60 78 85
60 79 12
60 80 67
60 81 78
60 82 45
60 83 24
60 84 50
60 85 17
60 86 0
60 87 5
60 88 11
60 89 86
60 90 61
60 91 83
60 92 34
60 93 90
60 94 28
61 1 1
61 2 34
61 3 15
61 4 44
61 5 82
61 6 27
61 7 46
61 8 37
61 9 35
61 10 20
61 11 13
61 12 29
61 13 17
61 14 50
61 15 12
61 16 64
61 17 21
61 18 39
61 19 47
61 20 4
61 21 73
61 22 28
61 23 57
61 24 25
61 25 16
61 26 42
61 27 88
61 28 23
61 29 10
61 30 92
61 31 86
61 32 94
61 33 74
61 34 66
61 35 26
61 36 55
61 37 38
61 38 60
61 39 30
61 40 6
61 41 54
61 42 67
61 43 36
61 44 0
61 45 49
61 46 24
61 47 93
61 48 9
61 49 5
61 50 76
61 51 81
61 52 70
61 53 14
61 54 2
61 55 31
61 56 65
61 57 71
61 58 68
61 59 53
61 60 75
61 61 45
61 62 41
61 63 33
61 64 48
61 65 59
61 66 40
61 67 32
61 68 85
61 69 11
61 70 84
61 71 72
61 72 77
61 73 62
61 74 8
61 75 69
61 76 63
61 77 52
61 78 87
61 79 58
61 80 90
61 81 56
61 82 19
61 83 79
61 84 83
61 85 43
61 86 51
61 87 22
61 88 78
61 89 3
61 90 7
61 91 80
61 92 91
61 93 89
61 94 18
62 1 40
62 2 54
62 3 43
62 4 29
62 5 87
62 6 41
62 7 66
62 8 63
62 9 70
62 10 10
62 11 18
62 12 74
62 13 61
62 14 34
62 15 88
62 16 35
62 17 82
62 18 14
62 19 7
62 20 86
62 21 90
62 22 85
62 23 32
62 24 12
62 25 22
62 26 31
62 27 67
62 28 53
62 29 46
62 30 38
62 31 3
62 32 60
62 33 0
62 34 9
62 35 72
62 36 1
62 37 52
62 38 65
62 39 47
62 40 80
62 41 2
62 42 94
62 43 15
62 44 6
62 45 83
62 46 23
62 47 69
62 48 64
62 49 56
62 50 37
62 51 57
62 52 50
62 53 81
62 54 93
62 55 78
62 56 13
62 57 79
62 58 68
62 59 21
62 60 28
62 61 91
62 62 71
62 63 55
62 64 26
62 65 19
62 66 25
62 67 45
62 68 27
62 69 5
62 70 4
62 71 84
62 72 49
62 73 48
62 74 89
62 75 33
62 76 30
62 77 24
62 78 44
62 79 20
62 80 73
62 81 11
62 82 8
62 83 59
62 84 36
62 85 92
62 86 17
62 87 16
62 88 51
62 89 76
62 90 77
62 91 75
62 92 39
62 93 58
62 94 42
63 1 46
63 2 8
63 3 7
63 4 68
63 5 43
63 6 33
63 7 40
63 8 80
63 9 93
63 10 58
63 11 42
63 12 11
63 13 35
63 14 69
63 15 6
63 16 37
63 17 16
63 18 72
63 19 62
63 20 67
63 21 32
63 22 77
63 23 61
63 24 3
63 25 54
63 26 24
63 27 66
63 28 64
63 29 74
63 30 85
63 31 83
63 32 65
63 33 53
63 34 9
63 35 92
63 36 12
63 37 25
63 38 0
63 39 84
63 40 82
63 41 44
63 42 88
63 43 21
63 44 39
63 45 17
63 46 73
63 47 71
63 48 91
63 49 29
63 50 56
63 51 52
63 52 48
63 53 36
63 54 76
63 55 10
63 56 75
63 57 57
63 58 90
63 59 15
63 60 23
63 61 1
63 62 4
63 63 47
63 64 59
63 65 20
63 66 28
63 67 22
63 68 34
63 69 27
63 70 94
63 71 14
63 72 18
63 73 30
63 74 19
63 75 45
63 76 26
63 77 60
63 78 79
63 79 55
63 80 2
63 81 87
63 82 89
63 83 78
63 84 41
63 85 51
63 86 86
63 87 81
63 88 38
63 89 49
63 90 13
63 91 31
63 92 70
63 93 5
63 94 50
64 1 44
64 2 19
64 3 81
64 4 79
64 5 21
64 6 30
64 7 89
64 8 54
64 9 22
64 10 39
64 11 72
64 12 94
64 13 80
64 14 48
64 15 3
64 16 51
64 17 88
64 18 42
64 19 86
64 20 4
64 21 40
64 22 85
64 23 23
64 24 65
64 25 36
64 26 32
64 27 20
64 28 69
64 29 33
64 30 83
64 31 28
64 32 68
64 33 25
64 34 66
64 35 1
64 36 10
64 37 71
64 38 87
64 39 58
64 40 11
64 41 35
64 42 60
64 43 76
64 44 7
64 45 63
64 46 34
64 47 46
64 48 73
64 49 45
64 50 57
64 51 17
64 52 84
64 53 75
64 54 43
64 55 38
64 56 31
64 57 12
64 58 18
64 59 59
64 60 0
64 61 24
64 62 13
64 63 5
64 64 49
64 65 16
64 66 77
64 67 41
64 68 82
64 69 91
64 70 74
64 71 9
64 72 55
64 73 50
64 74 56
64 75 52
64 76 8
64 77 93
64 78 6
64 79 2
64 80 37
64 81 14
64 82 62
64 83 27
64 84 90
64 85 47
64 86 53
64 87 78
64 88 67
64 89 92
64 90 29
64 91 61
64 92 70
64 93 26
64 94 15
65 1 53
65 2 49
65 3 8
65 4 58
65 5 62
65 6 74
65 7 90
65 8 0
65 9 86
65 10 34
65 11 70
65 12 1
65 13 89
65 14 77
65 15 24
65 16 37
65 17 40
65 18 31
65 19 51
65 20 29
65 21 19
65 22 66
65 23 2
65 24 41
65 25 4
65 26 55
65 27 64
65 28 91
65 29 3
65 30 84
65 31 47
65 32 54
65 33 46
65 34 16
65 35 44
65 36 73
65 37 12
65 38 80
65 39 87
65 40 71
65 41 43
65 42 45
65 43 11
65 44 67
65 45 60
65 46 68
65 47 30
65 48 93
65 49 36
65 50 75
65 51 48
65 52 50
65 53 26
65 54 79
65 55 25
65 56 13
65 57 33
65 58 28
65 59 57
65 60 52
65 61 21
65 62 17
65 63 85
65 64 5
65 65 83
65 66 72
65 67 22
65 68 35
65 69 9
65 70 78
65 71 56
65 72 63
65 73 27
65 74 82
65 75 23
65 76 92
65 77 32
65 78 42
65 79 15
65 80 81
65 81 18
65 82 38
65 83 69
65 84 10
65 85 14
65 86 88
65 87 94
65 88 6
65 89 61
65 90 59
65 91 7
65 92 76
65 93 20
65 94 39
66 1 20
66 2 68
66 3 83
66 4 6
66 5 56
66 6 79
66 7 72
66 8 67
66 9 33
66 10 35
66 11 51
66 12 74
66 13 27
66 14 3
66 15 94
66 16 81
66 17 53
66 18 64
66 19 19
66 20 84
66 21 8
66 22 34
66 23 77
66 24 44
66 25 60
66 26 50
66 27 17
66 28 87
66 29 7
66 30 63
66 31 48
66 32 31
66 33 59
66 34 42
66 35 61
66 36 78
66 37 24
66 38 36
66 39 54
66 40 80
66 41 28
66 42 39
66 43 52
66 44 93
66 45 76
66 46 38
66 47 11
66 48 26
66 49 89
66 50 45
66 51 13
66 52 70
66 53 82
66 54 40
66 55 85
66 56 49
66 57 22
66 58 25
66 59 12
66 60 23
66 61 9
66 62 88
66 63 18
66 64 0
66 65 2
66 66 1
66 67 90
66 68 62
66 69 15
66 70 21
66 71 43
66 72 47
66 73 46
66 74 30
66 75 41
66 76 5
66 77 86
66 78 73
66 79 75
66 80 16
66 81 71
66 82 57
66 83 4
66 84 91
66 85 69
66 86 55
66 87 32
66 88 92
66 89 65
66 90 14
66 91 58
66 92 29
66 93 10
66 94 37
67 1 60
67 2 40
67 3 29
67 4 56
67 5 88
67 6 21
67 7 54
67 8 68
67 9 65
67 10 78
67 11 27
67 12 84
67 13 20
67 14 85
67 15 26
67 16 10
67 17 14
67 18 11
67 19 4
67 20 15
67 21 16
67 22 41
67 23 13
67 24 93
67 25 59
67 26 1
67 27 61
67 28 81
67 29 3
67 30 82
67 31 71
67 32 91
67 33 48
67 34 74
67 35 12
67 36 45
67 37 73
67 38 32
67 39 76
67 40 75
67 41 77
67 42 51
67 43 79
67 44 36
67 45 86
67 46 34
67 47 92
67 48 39
67 49 8
67 50 18
67 51 31
67 52 6
67 53 49
67 54 69
67 55 25
67 56 17
67 57 23
67 58 5
67 59 0
67 60 87
67 61 37
67 62 53
67 63 7
67 64 24
67 65 38
67 66 63
67 67 64
67 68 80
67 69 62
67 70 50
67 71 94
67 72 35
67 73 19
67 74 57
67 75 72
67 76 70
67 77 42
67 78 90
67 79 43
67 80 55
67 81 83
67 82 89
67 83 33
67 84 58
67 85 28
67 86 2
67 87 52
67 88 47
67 89 30
67 90 44
67 91 46
67 92 66
67 93 9
67 94 22
68 1 42
68 2 25
68 3 24
68 4 77
68 5 31
68 6 62
68 7 88
68 8 85
68 9 83
68 10 51
68 11 36
68 12 18
68 13 70
68 14 84
68 15 49
68 16 59
68 17 6
68 18 79
68 19 27
68 20 13
68 21 57
68 22 2
68 23 91
68 24 89
68 25 26
68 26 86
68 27 92
68 28 55
68 29 45
68 30 12
68 31 11
68 32 21
68 33 4
68 34 44
68 35 54
68 36 72
68 37 3
68 38 32
68 39 40
68 40 46
68 41 33
68 42 63
68 43 43
68 44 37
68 45 78
68 46 22
68 47 23
68 48 58
68 49 52
68 50 7
68 51 64
68 52 35
68 53 87
68 54 17
68 55 60
68 56 76
68 57 34
68 58 69
68 59 19
68 60 41
68 61 61
68 62 10
68 63 93
68 64 0
68 65 73
68 66 16
68 67 47
68 68 29
68 69 53
68 70 1
68 71 90
68 72 75
68 73 30
68 74 80
68 75 71
68 76 50
68 77 39
68 78 67
68 79 15
68 80 56
68 81 9
68 82 81
68 83 5
68 84 14
68 85 82
68 86 8
68 87 48
68 88 74
68 89 20
68 90 65
68 91 94
68 92 66
68 93 28
68 94 38
69 1 8
69 2 83
69 3 50
69 4 22
69 5 18
69 6 45
69 7 76
69 8 35
69 9 46
69 10 89
69 11 2
69 12 80
69 13 0
69 14 9
69 15 84
69 16 44
69 17 16
69 18 6
69 19 93
69 20 47
69 21 14
69 22 75
69 23 10
69 24 57
69 25 78
69 26 36
69 27 71
69 28 88
69 29 54
69 30 3
69 31 48
69 32 64
69 33 15
69 34 72
69 35 17
69 36 41
69 37 63
69 38 43
69 39 67
69 40 32
69 41 81
69 42 1
69 43 25
69 44 77
69 45 92
69 46 31
69 47 33
69 48 53
69 49 82
69 50 68
69 51 5
69 52 74
69 53 87
69 54 19
69 55 66
69 56 27
69 57 37
69 58 79
69 59 23
69 60 20
69 61 12
69 62 58
69 63 40
69 64 59
69 65 56
69 66 61
69 67 7
69 68 38
69 69 55
69 70 24
69 71 73
69 72 34
69 73 29
69 74 4
69 75 13
69 76 30
69 77 39
69 78 94
69 79 26
69 80 42
69 81 62
69 82 52
69 83 90
69 84 86
69 85 21
69 86 11
69 87 49
69 88 51
69 89 85
69 90 65
69 91 70
69 92 28
69 93 91
69 94 60
70 1 40
70 2 51
70 3 5
70 4 94
70 5 24
70 6 64
70 7 57
70 8 43
70 9 15
70 10 69
70 11 16
70 12 77
70 13 62
70 14 37
70 15 48
70 16 46
70 17 74
70 18 1
70 19 18
70 20 52
70 21 89
70 22 33
70 23 45
70 24 65
70 25 91
70 26 66
70 27 38
70 28 88
70 29 35
70 30 93
70 31 34
70 32 76
70 33 68
70 34 27
70 35 26
70 36 9
70 37 79
70 38 86
70 39 81
70 40 39
70 41 8
70 42 32
70 43 84
70 44 12
70 45 73
70 46 78
70 47 36
70 48 50
70 49 4
70 50 54
70 51 17
70 52 56
70 53 90
70 54 2
70 55 82
70 56 28
70 57 41
70 58 22
70 59 53
70 60 67
70 61 42
70 62 0
70 63 30
70 64 83
70 65 71
70 66 49
70 67 7
70 68 61
70 69 11
70 70 25
70 71 3
70 72 63
70 73 31
70 74 60
70 75 55
70 76 6
70 77 92
70 78 47
70 79 85
70 80 10
70 81 23
70 82 72
70 83 13
70 84 21
70 85 20
70 86 58
70 87 59
70 88 80
70 89 87
70 90 75
70 91 44
70 92 14
70 93 19
70 94 29
71 1 41
71 2 62
71 3 34
71 4 17
71 5 49
71 6 30
71 7 67
71 8 80
71 9 1
71 10 92
71 11 88
71 12 56
71 13 2
71 14 21
71 15 47
71 16 79
71 17 51
71 18 23
71 19 33
71 20 37
71 21 44
71 22 38
71 23 52
71 24 78
71 25 19
71 26 4
71 27 68
71 28 26
71 29 82
71 30 27
71 31 75
71 32 65
71 33 3
71 34 14
71 35 7
71 36 24
71 37 74
71 38 25
71 39 54
71 40 57
71 41 32
71 42 48
71 43 5
71 44 11
71 45 58
71 46 53
71 47 63
71 48 0
71 49 91
71 50 84
71 51 85
71 52 72
71 53 69
71 54 36
71 55 31
71 56 10
71 57 90
71 58 12
71 59 64
71 60 6
71 61 28
71 62 73
71 63 93
71 64 87
71 65 59
71 66 60
71 67 13
71 68 50
71 69 45
71 70 89
71 71 43
71 72 18
71 73 9
71 74 61
71 75 66
71 76 40
71 77 42
71 78 29
71 79 22
71 80 35
71 81 70
71 82 76
71 83 55
71 84 94
71 85 15
71 86 46
71 87 77
71 88 20
71 89 81
71 90 8
71 91 39
71 92 86
71 93 16
71 94 83
72 1 4
72 2 85
72 3 27
72 4 83
72 5 44
72 6 77
72 7 12
72 8 16
72 9 54
72 10 80
72 11 41
72 12 82
72 13 88
72 14 17
72 15 67
72 16 48
72 17 7
72 18 10
72 19 63
72 20 25
72 21 14
72 22 23
72 23 64
72 24 76
72 25 91
72 26 32
72 27 51
72 28 29
72 29 90
72 30 74
72 31 68
72 32 50
72 33 28
72 34 86
72 35 43
72 36 93
72 37 36
72 38 46
72 39 60
72 40 62
72 41 1
72 42 26
72 43 78
72 44 31
72 45 6
72 46 73
72 47 40
72 48 11
72 49 87
72 50 35
72 51 5
72 52 0
72 53 8
72 54 38
72 55 39
72 56 61
72 57 79
72 58 59
72 59 71
72 60 33
72 61 58
72 62 24
72 63 53
72 64 45
72 65 21
72 66 15
72 67 34
72 68 56
72 69 94
72 70 2
72 71 92
72 72 84
72 73 70
72 74 69
72 75 55
72 76 30
72 77 9
72 78 13
72 79 37
72 80 20
72 81 18
72 82 47
72 83 65
72 84 42
72 85 49
72 86 52
72 87 19
72 88 3
72 89 66
72 90 81
72 91 75
72 92 22
72 93 57
72 94 89
73 1 17
73 2 33
73 3 80
73 4 2
73 5 41
73 6 28
73 7 40
73 8 21
73 9 43
73 10 66
73 11 92
73 12 93
73 13 16
73 14 26
73 15 9
73 16 52
73 17 32
73 18 82
73 19 53
73 20 71
73 21 31
73 22 38
73 23 78
73 24 27
73 25 51
73 26 3
73 27 24
73 28 79
73 29 36
73 30 30
73 31 14
73 32 65
73 33 60
73 34 37
73 35 94
73 36 12
73 37 1
73 38 15
73 39 77
73 40 20
73 41 44
73 42 86
73 43 11
73 44 29
73 45 8
73 46 49
73 47 35
73 48 54
73 49 45
73 50 48
73 51 90
73 52 13
73 53 67
73 54 22
73 55 74
73 56 62
73 57 57
73 58 84
73 59 59
73 60 87
73 61 55
73 62 19
73 63 69
73 64 25
73 65 85
73 66 64
73 67 23
73 68 7
73 69 58
73 70 70
73 71 6
73 72 89
73 73 50
73 74 61
73 75 88
73 76 46
73 77 81
73 78 63
73 79 68
73 80 18
73 81 10
73 82 5
73 83 34
73 84 75
73 85 91
73 86 83
73 87 39
73 88 56
73 89 4
73 90 42
73 91 76
73 92 47
73 93 0
73 94 72
74 1 31
74 2 4
74 3 2
74 4 71
74 5 35
74 6 19
74 7 52
74 8 55
74 9 17
74 10 91
74 11 38
74 12 76
74 13 13
74 14 85
74 15 10
74 16 11
74 17 63
74 18 34
74 19 0
74 20 42
74 21 65
74 22 84
74 23 5
74 24 15
74 25 89
74 26 30
74 27 62
74 28 72
74 29 29
74 30 69
74 31 73
74 32 47
74 33 6
74 34 8
74 35 21
74 36 90
74 37 92
74 38 20
74 39 93
74 40 58
74 41 82
74 42 83
74 43 53
74 44 27
74 45 70
74 46 79
74 47 24
74 48 32
74 49 23
74 50 80
74 51 94
74 52 87
74 53 68
74 54 50
74 55 78
74 56 77
74 57 59
74 58 86
74 59 12
74 60 54
74 61 37
74 62 44
74 63 16
74 64 26
74 65 39
74 66 33
74 67 46
74 68 56
74 69 43
74 70 9
74 71 22
74 72 40
74 73 7
74 74 66
74 75 45
74 76 88
74 77 48
74 78 67
74 79 64
74 80 60
74 81 81
74 82 41
74 83 61
74 84 18
74 85 57
74 86 3
74 87 14
74 88 49
74 89 25
74 90 1
74 91 28
74 92 51
74 93 75
74 94 36
75 1 51
75 2 13
75 3 72
75 4 80
75 5 61
75 6 5
75 7 44
75 8 35
75 9 64
75 10 27
75 11 21
75 12 81
75 13 33
75 14 77
75 15 41
75 16 19
75 17 9
75 18 49
75 19 30
75 20 65
75 21 39
75 22 22
75 23 8
75 24 38
75 25 59
75 26 36
75 27 0
75 28 18
75 29 67
75 30 78
75 31 4
75 32 17
75 33 29
75 34 68
75 35 74
75 36 56
75 37 11
75 38 6
75 39 37
75 40 82
75 41 85
75 42 3
75 43 73
75 44 70
75 45 42
75 46 45
75 47 83
75 48 54
75 49 53
75 50 43
75 51 94
75 52 7
75 53 92
75 54 55
75 55 50
75 56 76
75 57 62
75 58 46
75 59 52
75 60 84
75 61 28
75 62 15
75 63 57
75 64 86
75 65 66
75 66 2
75 67 90
75 68 14
75 69 23
75 70 16
75 71 71
75 72 60
75 73 26
75 74 20
75 75 69
75 76 1
75 77 25
75 78 34
75 79 87
75 80 58
75 81 48
75 82 40
75 83 12
75 84 89
75 85 63
75 86 79
75 87 32
75 88 93
75 89 24
75 90 91
75 91 47
75 92 10
75 93 88
75 94 31
76 1 24
76 2 64
76 3 58
76 4 77
76 5 22
76 6 94
76 7 28
76 8 27
76 9 0
76 10 85
76 11 17
76 12 9
76 13 35
76 14 21
76 15 79
76 16 31
76 17 12
76 18 44
76 19 7
76 20 60
76 21 39
76 22 11
76 23 92
76 24 70
76 25 59
76 26 2
76 27 52
76 28 14
76 29 67
76 30 25
76 31 15
76 32 4
76 33 3
76 34 36
76 35 50
76 36 5
76 37 84
76 38 37
76 39 18
76 40 82
76 41 47
76 42 93
76 43 40
76 44 49
76 45 6
76 46 23
76 47 53
76 48 42
76 49 33
76 50 63
76 51 29
76 52 78
76 53 66
76 54 87
76 55 90
76 56 8
76 57 38
76 58 34
76 59 10
76 60 75
76 61 16
76 62 61
76 63 1
76 64 13
76 65 89
76 66 51
76 67 73
76 68 48
76 69 81
76 70 74
76 71 65
76 72 46
76 73 26
76 74 72
76 75 32
76 76 62
76 77 69
76 78 19
76 79 43
76 80 71
76 81 86
76 82 55
76 83 30
76 84 56
76 85 88
76 86 45
76 87 57
76 88 91
76 89 80
76 90 20
76 91 41
76 92 83
76 93 68
76 94 54
77 1 3
77 2 23
77 3 26
77 4 14
77 5 86
77 6 43
77 7 36
77 8 7
77 9 40
77 10 25
77 11 61
77 12 38
77 13 93
77 14 88
77 15 64
77 16 6
77 17 24
77 18 55
77 19 68
77 20 87
77 21 20
77 22 54
77 23 21
77 24 75
77 25 37
77 26 5
77 27 65
77 28 1
77 29 29
77 30 70
77 31 9
77 32 84
77 33 82
77 34 44
77 35 80
77 36 8
77 37 74
77 38 16
77 39 57
77 40 15
77 41 73
77 42 35
77 43 11
77 44 12
77 45 72
77 46 76
77 47 2
77 48 27
77 49 42
77 50 22
77 51 56
77 52 50
77 53 62
77 54 81
77 55 89
77 56 69
77 57 32
77 58 58
77 59 49
77 60 31
77 61 41
77 62 47
77 63 13
77 64 91
77 65 83
77 66 59
77 67 90
77 68 94
77 69 46
77 70 66
77 71 67
77 72 33
77 73 10
77 74 19
77 75 85
77 76 78
77 77 48
77 78 51
77 79 92
77 80 60
77 81 0
77 82 39
77 83 53
77 84 4
77 85 17
77 86 30
77 87 45
77 88 18
77 89 52
77 90 63
77 91 79
77 92 71
77 93 34
77 94 28
78 1 1
78 2 9
78 3 90
78 4 22
78 5 47
78 6 63
78 7 38
78 8 75
78 9 45
78 10 69
78 11 54
78 12 43
78 13 27
78 14 21
78 15 57
78 16 81
78 17 25
78 18 41
78 19 52
78 20 12
78 21 65
78 22 15
78 23 68
78 24 48
78 25 77
78 26 18
78 27 8
78 28 74
78 29 59
78 30 56
78 31 62
78 32 24
78 33 30
78 34 84
78 35 76
78 36 80
78 37 46
78 38 35
78 39 36
78 40 39
78 41 73
78 42 31
78 43 44
78 44 19
78 45 33
78 46 58
78 47 4
78 48 86
78 49 89
78 50 3
78 51 20
78 52 72
78 53 51
78 54 11
78 55 66
78 56 28
78 57 26
78 58 32
78 59 7
78 60 42
78 61 53
78 62 49
78 63 60
78 64 29
78 65 2
78 66 71
78 67 93
78 68 87
78 69 6
78 70 67
78 71 91
78 72 14
78 73 34
78 74 88
78 75 94
78 76 37
78 77 16
78 78 5
78 79 55
78 80 0
78 81 10
78 82 83
78 83 23
78 84 17
78 85 82
78 86 13
78 87 50
78 88 61
78 89 85
78 90 79
78 91 92
78 92 40
78 93 70
78 94 64
79 1 40
79 2 15
79 3 74
79 4 30
79 5 2
79 6 75
79 7 41
79 8 83
79 9 47
79 10 48
79 11 10
79 12 42
79 13 22
79 14 27
79 15 43
79 16 88
79 17 13
79 18 84
79 19 67
79 20 54
79 21 51
79 22 18
79 23 17
79 24 64
79 25 37
79 26 66
79 27 25
79 28 29
79 29 46
79 30 36
79 31 11
79 32 21
79 33 33
79 34 92
79 35 72
79 36 70
79 37 62
79 38 50
79 39 8
79 40 5
79 41 76
79 42 55
79 43 90
79 44 12
79 45 63
79 46 20
79 47 89
79 48 24
79 49 93
79 50 65
79 51 34
79 52 78
79 53 71
79 54 77
79 55 87
79 56 73
79 57 56
79 58 81
79 59 85
79 60 39
79 61 53
79 62 68
79 63 3
79 64 14
79 65 35
79 66 45
79 67 0
79 68 19
79 69 57
79 70 61
79 71 52
79 72 80
79 73 69
79 74 86
79 75 44
79 76 4
79 77 58
79 78 91
79 79 6
79 80 60
79 81 32
79 82 59
79 83 7
79 84 38
79 85 1
79 86 49
79 87 26
79 88 28
79 89 16
79 90 94
79 91 9
79 92 23
79 93 82
79 94 31
80 1 88
80 2 89
80 3 90
80 4 45
80 5 52
80 6 85
80 7 15
80 8 31
80 9 8
80 10 14
80 11 25
80 12 32
80 13 4
80 14 70
80 15 27
80 16 82
80 17 5
80 18 57
80 19 48
80 20 23
80 21 59
80 22 84
80 23 9
80 24 10
80 25 71
80 26 33
80 27 83
80 28 40
80 29 21
80 30 22
80 31 68
80 32 18
80 33 28
80 34 20
80 35 87
80 36 6
80 37 63
80 38 91
80 39 19
80 40 11
80 41 58
80 42 42
80 43 3
80 44 17
80 45 30
80 46 53
80 47 78
80 48 69
80 49 94
80 50 13
80 51 12
80 52 60
80 53 76
80 54 73
80 55 49
80 56 7
80 57 29
80 58 81
80 59 44
80 60 86
80 61 47
80 62 61
80 63 62
80 64 26
80 65 67
80 66 16
80 67 34
80 68 35
80 69 2
80 70 1
80 71 74
80 72 24
80 73 46
80 74 92
80 75 93
80 76 65
80 77 37
80 78 38
80 79 36
80 80 51
80 81 55
80 82 56
80 83 79
80 84 75
80 85 50
80 86 39
80 87 64
80 88 66
80 89 77
80 90 72
80 91 54
80 92 0
80 93 41
80 94 43
81 1 34
81 2 65
81 3 54
81 4 56
81 5 22
81 6 86
81 7 84
81 8 89
81 9 36
81 10 35
81 11 6
81 12 45
81 13 75
81 14 2
81 15 10
81 16 19
81 17 18
81 18 60
81 19 67
81 20 51
81 21 32
81 22 30
81 23 23
81 24 82
81 25 80
81 26 50
81 27 74
81 28 52
81 29 25
81 30 88
81 31 92
81 32 13
81 33 21
81 34 1
81 35 49
81 36 66
81 37 78
81 38 77
81 39 7
81 40 15
81 41 47
81 42 76
81 43 93
81 44 31
81 45 37
81 46 62
81 47 43
81 48 4
81 49 20
81 50 26
81 51 38
81 52 57
81 53 16
81 54 40
81 55 12
81 56 71
81 57 58
81 58 42
81 59 14
81 60 64
81 61 33
81 62 11
81 63 83
81 64 70
81 65 90
81 66 24
81 67 8
81 68 87
81 69 73
81 70 27
81 71 55
81 72 5
81 73 61
81 74 53
81 75 69
81 76 0
81 77 46
81 78 68
81 79 91
81 80 3
81 81 39
81 82 29
81 83 41
81 84 85
81 85 79
81 86 72
81 87 63
81 88 9
81 89 48
81 90 17
81 91 59
81 92 94
81 93 44
81 94 28
82 1 41
82 2 15
82 3 89
82 4 65
82 5 26
82 6 74
82 7 8
82 8 68
82 9 51
82 10 90
82 11 60
82 12 75
82 13 84
82 14 10
82 15 69
82 16 21
82 17 27
82 18 71
82 19 66
82 20 67
82 21 14
82 22 87
82 23 85
82 24 86
82 25 49
82 26 4
82 27 58
82 28 20
82 29 70
82 30 13
82 31 28
82 32 5
82 33 64
82 34 31
82 35 81
82 36 73
82 37 2
82 38 7
82 39 30
82 40 76
82 41 34
82 42 63
82 43 32
82 44 18
82 45 3
82 46 72
82 47 0
82 48 35
82 49 40
82 50 11
82 51 36
82 52 39
82 53 61
82 54 6
82 55 53
82 56 91
82 57 48
82 58 25
82 59 1
82 60 44
82 61 57
82 62 33
82 63 29
82 64 93
82 65 23
82 66 17
82 67 45
82 68 43
82 69 38
82 70 78
82 71 56
82 72 55
82 73 50
82 74 92
82 75 80
82 76 46
82 77 79
82 78 52
82 79 42
82 80 77
82 81 24
82 82 9
82 83 59
82 84 54
82 85 88
82 86 83
82 87 22
82 88 62
82 89 94
82 90 16
82 91 12
82 92 47
82 93 37
82 94 19
83 1 62
83 2 73
83 3 7
83 4 9
83 5 15
83 6 14
83 7 6
83 8 19
83 9 43
83 10 56
83 11 44
83 12 8
83 13 63
83 14 54
83 15 50
83 16 37
83 17 32
83 18 67
83 19 53
83 20 74
83 21 51
83 22 59
83 23 65
83 24 23
83 25 64
83 26 13
83 27 31
83 28 30
83 29 78
83 30 18
83 31 42
83 32 45
83 33 0
83 34 57
83 35 28
83 36 71
83 37 55
83 38 82
83 39 76
83 40 33
83 41 48
83 42 2
83 43 25
83 44 92
83 45 39
83 46 94
83 47 58
83 48 46
83 49 91
83 50 1
83 51 3
83 52 26
83 53 68
83 54 70
83 55 24
83 56 16
83 57 49
83 58 4
83 59 84
83 60 72
83 61 66
83 62 79
83 63 77
83 64 90
83 65 10
83 66 29
83 67 87
83 68 21
83 69 5
83 70 36
83 71 80
83 72 12
83 73 61
83 74 38
83 75 27
83 76 52
83 77 88
83 78 89
83 79 86
83 80 22
83 81 35
83 82 69
83 83 40
83 84 75
83 85 17
83 86 11
83 87 41
83 88 81
83 89 60
83 90 47
83 91 34
83 92 20
83 93 85
83 94 93
84 1 34
84 2 26
84 3 70
84 4 58
84 5 88
84 6 82
84 7 39
84 8 19
84 9 89
84 10 5
84 11 11
84 12 56
84 13 61
84 14 78
84 15 53
84 16 42
84 17 15
84 18 94
84 19 80
84 20 22
84 21 41
84 22 3
84 23 49
84 24 74
84 25 68
84 26 43
84 27 47
84 28 13
84 29 0
84 30 60
84 31 55
84 32 35
84 33 45
84 34 31
84 35 63
84 36 1
84 37 28
84 38 62
84 39 83
84 40 64
84 41 9
84 42 4
84 43 50
84 44 44
84 45 2
84 46 72
84 47 17
84 48 79
84 49 24
84 50 76
84 51 7
84 52 75
84 53 73
84 54 57
84 55 52
84 56 10
84 57 27
84 58 92
84 59 25
84 60 65
84 61 87
84 62 51
84 63 16
84 64 71
84 65 77
84 66 23
84 67 86
84 68 29
84 69 38
84 70 30
84 71 21
84 72 6
84 73 8
84 74 37
84 75 54
84 76 20
84 77 66
84 78 18
84 79 48
84 80 81
84 81 32
84 82 40
84 83 69
84 84 67
84 85 12
84 86 85
84 87 14
84 88 91
84 89 36
84 90 46
84 91 93
84 92 33
84 93 59
84 94 90
85 1 88
85 2 43
85 3 17
85 4 84
85 5 50
85 6 73
85 7 4
85 8 74
85 9 56
85 10 71
85 11 27
85 12 12
85 13 57
85 14 68
85 15 15
85 16 61
85 17 92
85 18 39
85 19 58
85 20 82
85 21 49
85 22 13
85 23 75
85 24 31
85 25 86
85 26 63
85 27 55
85 28 66
85 29 87
85 30 69
85 31 2
85 32 70
85 33 5
85 34 60
85 35 52
85 36 35
85 37 64
85 38 21
85 39 10
85 40 51
85 41 0
85 42 26
85 43 46
85 44 48
85 45 44
85 46 20
85 47 81
85 48 28
85 49 16
85 50 54
85 51 19
85 52 34
85 53 42
85 54 8
85 55 23
85 56 29
85 57 90
85 58 72
85 59 78
85 60 65
85 61 37
85 62 45
85 63 3
85 64 89
85 65 53
85 66 22
85 67 79
85 68 30
85 69 38
85 70 59
85 71 24
85 72 47
85 73 11
85 74 91
85 75 83
85 76 33
85 77 7
85 78 1
85 79 93
85 80 77
85 81 80
85 82 32
85 83 6
85 84 41
85 85 25
85 86 67
85 87 14
85 88 76
85 89 40
85 90 18
85 91 36
85 92 62
85 93 9
85 94 94
86 1 11
86 2 54
86 3 33
86 4 28
86 5 52
86 6 73
86 7 17
86 8 48
86 9 35
86 10 93
86 11 9
86 12 94
86 13 30
86 14 24
86 15 16
86 16 42
86 17 92
86 18 67
86 19 36
86 20 7
86 21 0
86 22 84
86 23 25
86 24 66
86 25 51
86 26 23
86 27 21
86 28 18
86 29 70
86 30 4
86 31 60
86 32 41
86 33 19
86 34 3
86 35 61
86 36 56
86 37 89
86 38 87
86 39 88
86 40 12
86 41 15
86 42 53
86 43 78
86 44 31
86 45 10
86 46 40
86 47 80
86 48 29
86 49 63
86 50 72
86 51 1
86 52 5
86 53 37
86 54 2
86 55 14
86 56 79
86 57 71
86 58 44
86 59 32
86 60 27
86 61 45
86 62 22
86 63 38
86 64 55
86 65 43
86 66 85
86 67 91
86 68 59
86 69 20
86 70 34
86 71 69
86 72 62
86 73 77
86 74 46
86 75 68
86 76 49
86 77 50
86 78 90
86 79 65
86 80 81
86 81 83
86 82 58
86 83 75
86 84 6
86 85 76
86 86 39
86 87 26
86 88 74
86 89 82
86 90 8
86 91 13
86 92 57
86 93 47
86 94 64
87 1 17
87 2 91
87 3 35
87 4 51
87 5 28
87 6 21
87 7 69
87 8 60
87 9 29
87 10 66
87 11 79
87 12 31
87 13 26
87 14 57
87 15 1
87 16 53
87 17 12
87 18 81
87 19 10
87 20 56
87 21 88
87 22 15
87 23 36
87 24 67
87 25 24
87 26 45
87 27 61
87 28 76
87 29 78
87 30 44
87 31 68
87 32 93
87 33 62
87 34 92
87 35 20
87 36 84
87 37 52
87 38 6
87 39 85
87 40 16
87 41 42
87 42 41
87 43 30
87 44 73
87 45 14
87 46 8
87 47 7
87 48 94
87 49 2
87 50 40
87 51 83
87 52 3
87 53 77
87 54 23
87 55 72
87 56 9
87 57 11
87 58 22
87 59 74
87 60 13
87 61 34
87 62 47
87 63 4
87 64 32
87 65 0
87 66 49
87 67 64
87 68 59
87 69 50
87 70 70
87 71 80
87 72 33
87 73 39
87 74 37
87 75 48
87 76 25
87 77 54
87 78 27
87 79 46
87 80 71
87 81 82
87 82 75
87 83 63
87 84 86
87 85 90
87 86 55
87 87 38
87 88 18
87 89 43
87 90 89
87 91 65
87 92 19
87 93 58
87 94 5
88 1 80
88 2 30
88 3 65
88 4 81
88 5 39
88 6 3
88 7 24
88 8 25
88 9 42
88 10 43
88 11 33
88 12 78
88 13 0
88 14 51
88 15 45
88 16 61
88 17 7
88 18 94
88 19 54
88 20 69
88 21 57
88 22 8
88 23 36
88 24 75
88 25 15
88 26 32
88 27 14
88 28 47
88 29 41
88 30 68
88 31 58
88 32 4
88 33 23
88 34 70
88 35 76
88 36 66
88 37 77
88 38 44
88 39 82
88 40 50
88 41 27
88 42 62
88 43 48
88 44 89
88 45 63
88 46 64
88 47 34
88 48 37
88 49 92
88 50 49
88 51 91
88 52 16
88 53 5
88 54 71
88 55 6
88 56 29
88 57 26
88 58 1
88 59 18
88 60 86
88 61 56
88 62 85
88 63 79
88 64 12
88 65 59
88 66 31
88 67 35
88 68 52
88 69 87
88 70 84
88 71 38
88 72 60
88 73 17
88 74 2
88 75 19
88 76 40
88 77 46
88 78 20
88 79 9
88 80 11
88 81 83
88 82 73
88 83 13
88 84 10
88 85 93
88 86 90
88 87 21
88 88 28
88 89 55
88 90 22
88 91 53
88 92 72
88 93 67
88 94 74
89 1 28
89 2 29
89 3 37
89 4 74
89 5 11
89 6 63
89 7 60
89 8 25
89 9 20
89 10 78
89 11 65
89 12 9
89 13 17
89 14 76
89 15 12
89 16 57
89 17 21
89 18 71
89 19 34
89 20 79
89 21 31
89 22 92
89 23 67
89 24 88
89 25 43
89 26 85
89 27 54
89 28 22
89 29 56
89 30 15
89 31 3
89 32 77
89 33 64
89 34 93
89 35 84
89 36 90
89 37 46
89 38 61
89 39 87
89 40 75
89 41 39
89 42 23
89 43 8
89 44 14
89 45 66
89 46 47
89 47 27
89 48 94
89 49 0
89 50 1
89 51 35
89 52 36
89 53 86
89 54 80
89 55 42
89 56 82
89 57 52
89 58 69
89 59 44
89 60 32
89 61 58
89 62 33
89 63 81
89 64 16
89 65 73
89 66 72
89 67 13
89 68 50
89 69 83
89 70 49
89 71 62
89 72 68
89 73 91
89 74 48
89 75 41
89 76 70
89 77 10
89 78 59
89 79 6
89 80 51
89 81 2
89 82 7
89 83 45
89 84 30
89 85 18
89 86 19
89 87 38
89 88 40
89 89 55
89 90 5
89 91 24
89 92 53
89 93 26
89 94 4
90 1 45
90 2 40
90 3 61
90 4 92
90 5 78
90 6 10
90 7 27
90 8 41
90 9 37
90 10 65
90 11 23
90 12 68
90 13 2
90 14 18
90 15 47
90 16 7
90 17 73
90 18 83
90 19 8
90 20 67
90 21 71
90 22 38
90 23 29
90 24 15
90 25 85
90 26 50
90 27 26
90 28 39
90 29 30
90 30 72
90 31 25
90 32 1
90 33 17
90 34 70
90 35 5
90 36 81
90 37 13
90 38 87
90 39 4
90 40 64
90 41 22
90 42 86
90 43 77
90 44 14
90 45 3
90 46 94
90 47 82
90 48 48
90 49 57
90 50 34
90 51 93
90 52 9
90 53 42
90 54 80
90 55 24
90 56 89
90 57 60
90 58 51
90 59 79
90 60 69
90 61 31
90 62 66
90 63 28
90 64 12
90 65 62
90 66 58
90 67 20
90 68 88
90 69 19
90 70 75
90 71 91
90 72 43
90 73 63
90 74 32
90 75 54
90 76 53
90 77 44
90 78 6
90 79 49
90 80 35
90 81 56
90 82 21
90 83 74
90 84 84
90 85 36
90 86 33
90 87 76
90 88 55
90 89 11
90 90 0
90 91 52
90 92 16
90 93 46
90 94 59
91 1 87
91 2 53
91 3 14
91 4 35
91 5 70
91 6 25
91 7 86
91 8 41
91 9 6
91 10 13
91 11 0
91 12 68
91 13 64
91 14 88
91 15 82
91 16 49
91 17 80
91 18 3
91 19 61
91 20 84
91 21 89
91 22 22
91 23 40
91 24 23
91 25 43
91 26 9
91 27 57
91 28 42
91 29 78
91 30 85
91 31 17
91 32 90
91 33 77
91 34 75
91 35 8
91 36 92
91 37 67
91 38 55
91 39 2
91 40 37
91 41 29
91 42 45
91 43 15
91 44 27
91 45 47
91 46 33
91 47 66
91 48 16
91 49 44
91 50 21
91 51 62
91 52 36
91 53 72
91 54 11
91 55 74
91 56 56
91 57 1
91 58 39
91 59 18
91 60 38
91 61 32
91 62 60
91 63 69
91 64 59
91 65 54
91 66 34
91 67 93
91 68 65
91 69 48
91 70 58
91 71 30
91 72 4
91 73 81
91 74 19
91 75 79
91 76 46
91 77 24
91 78 12
91 79 26
91 80 7
91 81 52
91 82 76
91 83 10
91 84 94
91 85 63
91 86 71
91 87 50
91 88 83
91 89 28
91 90 31
91 91 5
91 92 51
91 93 20
91 94 73
92 1 89
92 2 8
92 3 26
92 4 64
92 5 76
92 6 65
92 7 20
92 8 55
92 9 16
92 10 24
92 11 82
92 12 61
92 13 37
92 14 17
92 15 72
92 16 94
92 17 11
92 18 85
92 19 69
92 20 46
92 21 75
92 22 38
92 23 51
92 24 80
92 25 44
92 26 5
92 27 49
92 28 13
92 29 32
92 30 35
92 31 34
92 32 39
92 33 52
92 34 1
92 35 21
92 36 36
92 37 71
92 38 28
92 39 73
92 40 70
92 41 84
92 42 33
92 43 30
92 44 88
92 45 59
92 46 81
92 47 10
92 48 78
92 49 25
92 50 50
92 51 2
92 52 27
92 53 83
92 54 60
92 55 14
92 56 47
92 57 56
92 58 12
92 59 23
92 60 63
92 61 48
92 62 7
92 63 22
92 64 53
92 65 57
92 66 74
92 67 43
92 68 86
92 69 41
92 70 68
92 71 42
92 72 4
92 73 29
92 74 54
92 75 58
92 76 91
92 77 0
92 78 79
92 79 19
92 80 18
92 81 67
92 82 93
92 83 15
92 84 62
92 85 3
92 86 45
92 87 77
92 88 9
92 89 87
92 90 90
92 91 66
92 92 40
92 93 31
92 94 6
93 1 20
93 2 11
93 3 22
93 4 52
93 5 37
93 6 13
93 7 15
93 8 41
93 9 59
93 10 53
93 11 21
93 12 45
93 13 85
93 14 44
93 15 61
93 16 36
93 17 67
93 18 46
93 19 78
93 20 55
93 21 30
93 22 71
93 23 39
93 24 92
93 25 8
93 26 68
93 27 86
93 28 65
93 29 5
93 30 35
93 31 25
93 32 18
93 33 94
93 34 87
93 35 23
93 36 31
93 37 60
93 38 91
93 39 33
93 40 24
93 41 62
93 42 88
93 43 1
93 44 9
93 45 73
93 46 90
93 47 79
93 48 77
93 49 34
93 50 56
93 51 57
93 52 64
93 53 75
93 54 58
93 55 12
93 56 40
93 57 51
93 58 80
93 59 7
93 60 38
93 61 3
93 62 83
93 63 66
93 64 69
93 65 2
93 66 72
93 67 84
93 68 50
93 69 76
93 70 26
93 71 17
93 72 19
93 73 0
93 74 29
93 75 74
93 76 28
93 77 27
93 78 89
93 79 6
93 80 82
93 81 63
93 82 43
93 83 49
93 84 47
93 85 4
93 86 32
93 87 54
93 88 16
93 89 14
93 90 70
93 91 81
93 92 10
93 93 42
93 94 48
94 1 92
94 2 84
94 3 25
94 4 11
94 5 85
94 6 33
94 7 17
94 8 57
94 9 69
94 10 55
94 11 26
94 12 66
94 13 4
94 14 63
94 15 67
94 16 20
94 17 68
94 18 50
94 19 18
94 20 87
94 21 43
94 22 24
94 23 9
94 24 30
94 25 83
94 26 60
94 27 10
94 28 27
94 29 59
94 30 5
94 31 0
94 32 3
94 33 79
94 34 40
94 35 64
94 36 86
94 37 31
94 38 22
94 39 78
94 40 62
94 41 52
94 42 29
94 43 42
94 44 45
94 45 28
94 46 70
94 47 35
94 48 36
94 49 13
94 50 73
94 51 2
94 52 41
94 53 48
94 54 58
94 55 37
94 56 81
94 57 46
94 58 89
94 59 44
94 60 76
94 61 23
94 62 32
94 63 19
94 64 1
94 65 51
94 66 80
94 67 47
94 68 12
94 69 72
94 70 88
94 71 15
94 72 56
94 73 6
94 74 71
94 75 8
94 76 75
94 77 82
94 78 54
94 79 77
94 80 16
94 81 53
94 82 49
94 83 7
94 84 14
94 85 39
94 86 34
94 87 91
94 88 65
94 89 74
94 90 61
94 91 93
94 92 21
94 93 38
94 94 90