0 3
1 43
2 3
3 43
4 75
5 3
6 8
7 3
8 3
9 0
10 74
11 75
12 88
13 62
14 75
15 76
16 43
17 2
18 75
19 4
20 22
21 72
22 35
23 22
24 59
25 35
26 22
27 21
28 22
29 77
30 22
31 21
32 36
33 18
34 22
35 21
36 72
37 22
38 24
39 22
40 25
41 45
42 19
43 9
44 59
45 4
46 24
47 24
48 36
49 45
50 21
51 61
52 21
53 75
54 21
55 21
56 21
57 61
58 21
59 21
60 21
61 21
62 21
63 21
64 21
65 21
66 19
67 45
68 43
69 43
70 45
71 43
72 46
73 46
74 42
75 43
76 42
77 38
78 32
79 43
80 43
81 37
82 42
83 42
84 42
85 43
86 43
87 43
88 43
89 43
90 43
91 36
92 36
93 36
94 36
95 36
96 27
97 36
98 27
99 43
100 39
101 39
102 36
103 36
104 36
105 43
106 14
107 14
108 45
109 41
110 14
111 21
112 24
113 14
114 14
115 14
116 34
117 12
118 14
119 8
120 11
121 24
122 11
123 14
124 14
125 14
126 82
127 12
128 14
129 14
130 32
131 14
132 14
133 83
134 14
135 14
136 14
137 30
138 9
139 14
140 14
141 28
142 14
143 88
144 29
145 30
146 87
147 87
148 69
149 87
150 87
151 87
152 40
153 87
154 40
155 87
156 87
157 39
158 40
159 87
160 87
161 87
162 87
163 77
164 40
165 23
166 23
167 23
168 23
169 23
170 23
171 23
172 25
173 23
174 46
175 23
176 23
177 23
178 23
179 47
180 24
181 23
182 23
183 23
184 81
185 86
186 78
187 81
188 81
189 58
190 55
191 81
192 81
193 81
194 35
195 53
196 81
197 81
198 81
199 81
200 85
201 81
202 81
203 55
204 54
205 57
206 81
207 81
208 81
209 75
210 94
211 75
212 71
213 55
214 81
215 81
216 81
217 82
218 81
219 79
220 87
221 81
222 65
223 59
224 58
225 91
226 59
227 72
228 72
229 4
230 77
231 90
232 92
233 90
234 92
235 92
236 93
237 92
238 46
239 37
240 46
241 46
242 45
243 45
244 24
245 37
246 46
247 45
248 46
249 46
250 45
251 46
252 45
253 46
254 46
255 46
256 37
257 39
258 39
259 39
260 39
261 39
262 39
263 36
264 39
265 39
266 46
267 39
268 39
269 39
270 46
271 39
272 39
273 39
274 39
275 39
276 39
277 37
278 39
279 17
280 39
281 39
282 39
283 39
284 39
285 52
286 36
287 39
288 39
289 39
290 39
291 39
292 39
293 35
294 39
295 39
296 68
297 39
298 39
299 39
300 39
301 39
302 49
303 46
304 45
305 35
306 45
307 46
308 45
309 35
310 35
311 46
312 35
313 33
314 35
315 46
316 90
317 44
318 90
319 90
320 90
321 46
322 88
323 45
324 44
325 45
326 45
327 46
328 46
329 29
330 46
331 32
332 46
333 46
334 46
335 46
336 46
337 46
338 46
339 44
340 46
341 35
342 46
343 82
344 91
345 46
346 46
347 56
348 56
349 52
350 72
351 56
352 56
353 78
354 52
355 52
356 56
357 56
358 64
359 56
360 56
361 56
362 56
363 71
364 56
365 56
366 57
367 56
368 70
369 70
370 57
371 6
372 57
373 60
374 94
375 20
376 43
377 43
378 40
379 43
380 43
381 43
382 76
383 76
384 76
385 75
386 76
387 76
388 74
389 76
390 74
391 74
392 86
393 74
394 68
395 74
396 73
397 74
398 73
399 74
400 74
401 74
402 74
403 74
404 76
405 76
406 76
407 76
408 76
409 76
410 87
411 76
412 76
413 76
414 60
415 60
416 60
417 60
418 60
419 58
420 60
421 60
422 60
423 58
424 60
425 60
426 58
427 60
428 3
429 60
430 60
431 87
432 87
433 27
434 87
435 87
436 87
437 87
438 87
439 87
440 87
441 87
442 87
443 87
444 6
445 6
446 6
447 6
448 6
449 6
450 6
451 6
452 7
453 6
454 5
455 6
456 6
457 7
458 6
459 7
460 5
461 5
462 6
463 5
464 10
465 10
466 5
467 7
468 7
469 5
470 6
471 5
472 6
473 6
474 6
475 63
476 63
477 6
478 30
479 30
480 30
481 30
482 30
483 30
484 30
485 52
486 29
487 17
488 32
489 45
490 45
491 25
492 45
493 48
494 45
495 37
496 45
497 45
498 73
499 8
500 33
501 45
502 45
503 45
504 88
505 42
506 45
507 57
508 57
509 77
510 77
511 45
512 67
513 45
514 57
515 50
516 45
517 29
518 41
519 36
520 37
521 37
522 36
523 36
524 9
525 38
526 36
527 36
528 37
529 36
530 36
531 24
532 36
533 44
534 36
535 36
536 37
537 36
538 74
539 8
540 40
541 38
542 36
543 36
544 36
545 36
546 36
547 36
548 44
549 44
550 44
551 44
552 44
553 94
554 44
555 36
556 44
557 44
558 44
559 44
560 36
561 14
562 14
563 75
564 0
565 75
566 29
567 75
568 75
569 75
570 75
571 75
572 94
573 13
574 75
575 75
576 76
577 73
578 24
579 75
580 75
581 82
582 82
583 82
584 82
585 82
586 82
587 82
588 85
589 21
590 21
591 21
592 85
593 85
594 40
595 40
596 40
597 40
598 40
599 40
600 40
601 30
602 40
603 40
604 38
605 37
606 40
607 37
608 40
609 38
610 38
611 37
612 37
613 37
614 37
615 5
616 27
617 40
618 40
619 68
620 68
621 68
622 68
623 79
624 68
625 68
626 71
627 68
628 33
629 68
630 68
631 20
632 20
633 88
634 29
635 29
636 1
637 1
638 1
639 1
640 1
641 1
642 1
643 1
644 33
645 21
646 1
647 34
648 1
649 34
650 71
651 1
652 1
653 1
654 32
655 1
656 3
657 69
658 88
659 88
660 69
661 69
662 69
663 24
664 24
665 41
666 45
667 45
668 40
669 34
670 45
671 45
672 35
673 45
674 44
675 32
676 59
677 59
678 18
679 57
680 59
681 59
682 59
683 59
684 59
685 59
686 57
687 59
688 17
689 72
690 17
691 72
692 72
693 88
694 88
695 88
696 88
697 56
698 88
699 88
700 77
701 71
702 88
703 88
704 16
705 88
706 88
707 88
708 65
709 65
710 65
711 65
712 65
713 65
714 65
715 65
716 65
717 65
718 66
719 65
720 54
721 65
722 66
723 9
724 39
725 39
726 46
727 36
728 45
729 8
730 8
731 8
732 5
733 11
734 68
735 8
736 8
737 48
738 5
739 8
740 8
741 47
742 5
743 8
744 8
745 8
746 88
747 80
748 80
749 80
750 80
751 80
752 5
753 80
754 80
755 80
756 80
757 80
758 80
759 80
760 80
761 80
762 90
763 66
764 90
765 66
766 90
767 90
768 90
769 90
770 90
771 90
772 90
773 90
774 90
775 90
776 56
777 56
778 79
779 56
780 56
781 79
782 56
783 60
784 80
785 80
786 80
787 80
788 60
789 80
790 80
791 80
792 91
793 36
794 9
795 69
796 91
797 70
798 70
799 70
800 70
801 70
802 70
803 70
804 70
805 70
806 59
807 59
808 59
809 83
810 65
811 59
812 77
813 77
814 77
815 77
816 77
817 21
818 21
819 11
820 22
821 21
822 11
823 21
824 21
825 21
826 21
827 21
828 3
829 3
830 3
831 3
832 57
833 57
834 29
835 29
836 29
837 29
838 29
839 29
840 29
841 29
842 29
843 29
844 4
845 4
846 4
847 29
848 10
849 29
850 25
851 29
852 29
853 72
854 88
855 88
856 32
857 88
858 94
859 88
860 87
861 41
862 41
863 41
864 92
865 92
866 67
867 92
868 93
869 94
870 92
871 90
872 92
873 92
874 90
875 67
876 67
877 38
878 38
879 38
880 38
881 38
882 38
883 38
884 91
885 58
886 91
887 58
888 86
889 86
890 86
891 86
892 86
893 86
894 83
895 86
896 86
897 59
898 59
899 83
900 63
901 59
902 83
903 59
904 59
905 83
906 59
907 59
908 63
909 83
910 71
911 74
912 71
913 71
914 83
915 72
916 71
917 76
918 71
919 71
920 71
921 71
922 71
923 71
924 71
925 72
926 74
927 94
928 30
929 83
930 75
931 89
932 75
933 75
934 94
935 75
936 75
937 75
938 75
939 94
940 61
941 75
942 75
943 73
944 48
945 48
946 47
947 48
948 69
949 48
950 48
951 48
952 48
953 49
954 47
955 47
956 47
957 47
958 47
959 49
960 49
961 49
962 49
963 49
964 49
965 49
966 49
967 49
968 54
969 49
970 49
971 49
972 49
973 25
974 49
975 25
976 17
977 25
978 17
979 11
980 11
981 11
982 11
983 11
984 11
985 11
986 68
987 11
988 11
989 11
990 11
991 11
992 11
993 68
994 62
995 62
996 1
997 68
998 62
999 68
1000 68
1001 68
1002 68
1003 62
1004 62
1005 62
1006 62
1007 62
1008 62
1009 62
1010 62
1011 62
1012 62
1013 62
1014 50
1015 50
1016 50
1017 13
1018 50
1019 50
1020 50
1021 18
1022 51
1023 52
1024 91
1025 52
1026 50
1027 21
1028 21
1029 21
1030 21
1031 21
1032 21
1033 21
1034 88
1035 88
1036 88
1037 88
1038 88
1039 88
1040 80
1041 84
1042 69
1043 68
1044 69
1045 58
1046 10
1047 68
1048 32
1049 32
1050 32
1051 30
1052 31
1053 30
1054 32
1055 5
1056 30
1057 30
1058 27
1059 30
1060 31
1061 53
1062 30
1063 30
1064 34
1065 27
1066 30
1067 51
1068 30
1069 30
1070 27
1071 27
1072 27
1073 27
1074 52
1075 51
1076 52
1077 52
1078 51
1079 51
1080 26
1081 52
1082 51
1083 51
1084 51
1085 51
1086 1
1087 1
1088 85
1089 84
1090 84
1091 84
1092 84
1093 84
1094 84
1095 85
1096 2
1097 84
1098 84
1099 84
1100 43
1101 43
1102 53
1103 53
1104 53
1105 53
1106 53
1107 53
1108 53
1109 53
1110 53
1111 53
1112 53
1113 53
1114 53
1115 53
1116 53
1117 67
1118 53
1119 53
1120 53
1121 55
1122 55
1123 0
1124 0
1125 0
1126 0
1127 0
1128 0
1129 94
1130 0
1131 0
1132 0
1133 20
1134 20
1135 20
1136 20
1137 20
1138 20
1139 20
1140 14
1141 14
1142 14
1143 14
1144 14
1145 14
1146 16
1147 14
1148 20
1149 16
1150 16
1151 16
1152 16
1153 11
1154 16
1155 16
1156 10
1157 10
1158 10
1159 52
1160 10
1161 10
1162 10
1163 10
1164 10
1165 24
1166 94
1167 81
1168 10
1169 10
1170 10
1171 10
1172 10
1173 10
1174 10
1175 10
1176 10
1177 22
1178 7
1179 7
1180 7
1181 7
1182 7
1183 7
1184 7
1185 7
1186 54
1187 54
1188 54
1189 54
1190 54
1191 54
1192 67
1193 67
1194 67
1195 67
1196 67
1197 67
1198 67
1199 67
1200 67
1201 67
1202 67
1203 64
1204 78
1205 64
1206 64
1207 64
1208 19
1209 64
1210 64
1211 64
1212 64
1213 64
1214 64
1215 64
1216 64
1217 28
1218 31
1219 28
1220 28
1221 28
1222 28
1223 28
1224 28
1225 28
1226 28
1227 28
1228 28
1229 29
1230 29
1231 29
1232 47
1233 29
1234 29
1235 29
1236 82
1237 82
1238 79
1239 79
1240 79
1241 79
1242 79
1243 79
1244 79
1245 79
1246 79
1247 79
1248 79
1249 79
1250 79
1251 79
1252 79
1253 79
1254 79
1255 79
1256 79
1257 79
1258 79
1259 79
1260 79
1261 79
1262 79
1263 79
1264 79
1265 79
1266 79
1267 79
1268 79
1269 79
1270 79
1271 79
1272 57
1273 79
1274 79
1275 79
1276 79
1277 79
1278 79
1279 87
1280 87
1281 87
1282 9
1283 9
1284 9
1285 9
1286 9
1287 78
1288 70
1289 70
1290 72
1291 56
1292 72
1293 72
1294 72
1295 72
1296 72
1297 72
1298 31
1299 31
1300 31
1301 31
1302 31
1303 31
1304 31
1305 31
1306 31
1307 31
1308 31
1309 31
1310 31
1311 63
1312 31
1313 31
1314 31
1315 31
1316 31
1317 63
1318 31
1319 31
1320 31
1321 31
1322 31
1323 31
1324 52
1325 52
1326 52
1327 52
1328 52
1329 52
1330 90
1331 90
1332 26
1333 26
1334 40
1335 26
1336 26
1337 78
1338 26
1339 26
1340 26
1341 67
1342 48
1343 85
1344 94
1345 25
1346 24
1347 25
1348 25
1349 25
1350 25
1351 24
1352 25
1353 27
1354 33
1355 33
1356 33
1357 33
1358 33
1359 33
1360 33
1361 33
1362 33
1363 33
1364 33
1365 33
1366 33
1367 33
1368 57
1369 57
1370 52
1371 57
1372 52
1373 72
1374 72
1375 72
1376 72
1377 72
1378 73
1379 73
1380 77
1381 24
1382 65
1383 65
1384 65
1385 65
1386 65
1387 65
1388 65
1389 65
1390 65
1391 65
1392 65
1393 65
1394 65
1395 65
1396 40
1397 54
1398 54
1399 54
1400 54
1401 52
1402 54
1403 37
1404 23
1405 23
1406 25
1407 5
1408 5
1409 5
1410 5
1411 5
1412 5
1413 5
1414 5
1415 3
1416 3
1417 3
1418 3
1419 3
1420 3
1421 3
1422 67
1423 69
1424 67
1425 69
1426 69
1427 69
1428 69
1429 69
1430 69
1431 69
1432 30
1433 30
1434 30
1435 30
1436 30
1437 30
1438 30
1439 56
1440 2
1441 56
1442 2
1443 44
1444 51
1445 51
1446 51
1447 44
1448 7
1449 70
1450 70
1451 70
1452 70
1453 70
1454 69
1455 70
1456 70
1457 70
1458 70
1459 70
1460 5
1461 5
1462 5
1463 6
1464 10
1465 6
1466 6
1467 6
1468 6
1469 6
1470 6
1471 7
1472 6
1473 6
1474 33
1475 33
1476 33
1477 33
1478 63
1479 33
1480 82
1481 82
1482 82
1483 82
1484 58
1485 82
1486 82
1487 82
1488 82
1489 57
1490 57
1491 13
1492 13
1493 13
1494 13
1495 13
1496 13
1497 13
1498 13
1499 13
1500 12
1501 13
1502 65
1503 61
1504 12
1505 13
1506 12
1507 12
1508 13
1509 60
1510 12
1511 50
1512 50
1513 50
1514 50
1515 91
1516 91
1517 91
1518 91
1519 91
1520 91
1521 57
1522 91
1523 71
1524 58
1525 94
1526 93
1527 35
1528 94
1529 94
1530 93
1531 94
1532 94
1533 85
1534 93
1535 94
1536 93
1537 92
1538 93
1539 94
1540 62
1541 93
1542 94
1543 94
1544 94
1545 93
1546 13
1547 93
1548 94
1549 94
1550 93
1551 35
1552 94
1553 62
1554 94
1555 94
1556 94
1557 1
1558 29
1559 22
1560 29
1561 29
1562 35
1563 25
1564 25
1565 66
1566 66
1567 23
1568 12
1569 5
1570 5
1571 5
1572 28
1573 28
1574 28
1575 28
1576 81
1577 73
1578 73
1579 73
1580 73
1581 73
1582 73
1583 76
1584 76
1585 76
1586 76
1587 86
1588 86
1589 83
1590 86
1591 83
1592 53
1593 71
1594 71
1595 71
1596 73
1597 71
1598 84
1599 83
1600 83
1601 83
1602 83
1603 83
1604 83
1605 83
1606 83
1607 83
1608 83
1609 83
1610 83
1611 63
1612 83
1613 83
1614 83
1615 83
1616 83
1617 83
1618 74
1619 74
1620 28
1621 28
1622 71
1623 21
1624 21
1625 21
1626 21
1627 57
1628 57
1629 57
1630 57
1631 57
1632 57
1633 68
1634 68
1635 80
1636 80
1637 80
1638 80
1639 80
1640 80
1641 80
1642 80
1643 22
1644 22
1645 22
1646 22
1647 25
1648 25
1649 25
1650 25
1651 25
1652 27
1653 24
1654 24
1655 24
1656 24
1657 24
1658 24
1659 24
1660 24
1661 74
1662 74
1663 74
1664 74
1665 74
1666 77
1667 1
1668 32
1669 1
1670 77
1671 77
1672 1
1673 68
1674 81
1675 77
1676 33
1677 77
1678 77
1679 81
1680 77
1681 77
1682 77
1683 77
1684 77
1685 72
1686 24
1687 24
1688 93
1689 85
1690 77
1691 77
1692 54
1693 77
1694 48
1695 4
1696 51
1697 57
1698 24
1699 24
1700 37
1701 73
1702 73
1703 75
1704 75
1705 26
1706 26
1707 26
1708 26
1709 26
1710 80
1711 64
1712 32
1713 32
1714 32
1715 32
1716 33
1717 33
1718 86
1719 86
1720 86
1721 86
1722 86
1723 86
1724 86
1725 86
1726 86
1727 24
1728 24
1729 12
1730 93
1731 93
1732 93
1733 93
1734 93
1735 93
1736 93
1737 93
1738 93
1739 93
1740 93
1741 93
1742 93
1743 93
1744 93
1745 8
1746 8
1747 7
1748 8
1749 89
1750 8
1751 8
1752 8
1753 8
1754 2
1755 7
1756 27
1757 27
1758 27
1759 63
1760 16
1761 27
1762 27
1763 89
1764 27
1765 27
1766 58
1767 46
1768 53
1769 68
1770 93
1771 5
1772 91
1773 91
1774 91
1775 91
1776 91
1777 81
1778 80
1779 80
1780 27
1781 27
1782 27
1783 27
1784 27
1785 27
1786 28
1787 27
1788 27
1789 28
1790 28
1791 28
1792 28
1793 92
1794 90
1795 92
1796 90
1797 90
1798 90
1799 90
1800 93
1801 90
1802 90
1803 93
1804 93
1805 93
1806 93
1807 93
1808 31
1809 92
1810 92
1811 92
1812 92
1813 92
1814 71
1815 74
1816 74
1817 74
1818 74
1819 89
1820 89
1821 89
1822 89
1823 89
1824 89
1825 89
1826 68
1827 68
1828 68
1829 68
1830 94
1831 94
1832 94
1833 93
1834 94
1835 94
1836 94
1837 22
1838 22
1839 51
1840 57
1841 51
1842 51
1843 51
1844 57
1845 57
1846 51
1847 69
1848 69
1849 51
1850 36
1851 44
1852 36
1853 36
1854 16
1855 44
1856 26
1857 49
1858 62
1859 51
1860 55
1861 55
1862 55
1863 55
1864 2
1865 55
1866 49
1867 48
1868 55
1869 55
1870 55
1871 34
1872 34
1873 34
1874 34
1875 34
1876 34
1877 34
1878 34
1879 34
1880 34
1881 34
1882 34
1883 34
1884 34
1885 34
1886 34
1887 34
1888 34
1889 34
1890 34
1891 34
1892 34
1893 34
1894 34
1895 34
1896 34
1897 34
1898 34
1899 34
1900 34
1901 34
1902 34
1903 34
1904 34
1905 68
1906 0
1907 67
1908 67
1909 67
1910 67
1911 67
1912 75
1913 29
1914 29
1915 29
1916 73
1917 11
1918 30
1919 30
1920 11
1921 11
1922 11
1923 11
1924 94
1925 94
1926 94
1927 92
1928 29
1929 29
1930 7
1931 5
1932 5
1933 30
1934 5
1935 30
1936 22
1937 36
1938 14
1939 14
1940 14
1941 14
1942 14
1943 14
1944 88
1945 88
1946 58
1947 88
1948 88
1949 52
1950 57
1951 77
1952 71
1953 77
1954 77
1955 77
1956 71
1957 77
1958 77
1959 9
1960 63
1961 63
1962 63
1963 63
1964 63
1965 63
1966 4
1967 63
1968 63
1969 63
1970 4
1971 63
1972 64
1973 63
1974 63
1975 63
1976 63
1977 63
1978 63
1979 63
1980 59
1981 63
1982 63
1983 85
1984 85
1985 85
1986 73
1987 73
1988 28
1989 28
1990 28
1991 28
1992 28
1993 28
1994 75
1995 74
1996 74
1997 65
1998 24
1999 24
2000 24
2001 24
2002 94
2003 92
2004 92
2005 30
2006 58
2007 58
2008 58
2009 58
2010 58
2011 58
2012 58
2013 58
2014 58
2015 58
2016 40
2017 65
2018 65
2019 65
2020 65
2021 65
2022 69
2023 69
2024 69
2025 55
2026 69
2027 91
2028 91
2029 91
2030 71
2031 71
2032 70
2033 71
2034 23
2035 30
2036 30
2037 30
2038 64
2039 93
2040 93
2041 93
2042 86
2043 86
2044 86
2045 35
2046 86
2047 4
2048 4
2049 4
2050 4
2051 43
2052 4
2053 4
2054 47
2055 4
2056 4
2057 4
2058 4
2059 72
2060 72
2061 31
2062 31
2063 31
2064 31
2065 31
2066 67
2067 89
2068 67
2069 67
2070 67
2071 78
2072 67
2073 19
2074 66
2075 2
2076 2
2077 49
2078 2
2079 2
2080 2
2081 2
2082 58
2083 33
2084 58
2085 58
2086 58
2087 58
2088 24
2089 38
2090 24
2091 24
2092 24
2093 57
2094 57
2095 57
2096 56
2097 56
2098 56
2099 56
2100 56
2101 56
2102 56
2103 7
2104 7
2105 0
2106 17
2107 17
2108 17
2109 87
2110 87
2111 88
2112 87
2113 52
2114 56
2115 61
2116 56
2117 34
2118 4
2119 34
2120 34
2121 1
2122 1
2123 1
2124 89
2125 89
2126 89
2127 89
2128 89
2129 89
2130 89
2131 26
2132 26
2133 26
2134 11
2135 11
2136 11
2137 11
2138 7
2139 7
2140 62
2141 7
2142 67
2143 75
2144 75
2145 75
2146 75
2147 39
2148 7
2149 8
2150 8
2151 43
2152 8
2153 8
2154 0
2155 8
2156 8
2157 8
2158 8
2159 8
2160 38
2161 27
2162 77
2163 90
2164 90
2165 90
2166 90
2167 90
2168 91
2169 91
2170 16
2171 91
2172 20
2173 91
2174 90
2175 91
2176 64
2177 63
2178 63
2179 64
2180 63
2181 63
2182 63
2183 86
2184 86
2185 10
2186 10
2187 10
2188 38
2189 38
2190 38
2191 47
2192 47
2193 47
2194 47
2195 49
2196 47
2197 47
2198 45
2199 45
2200 7
2201 7
2202 12
2203 54
2204 57
2205 48
2206 57
2207 22
2208 22
2209 51
2210 51
2211 26
2212 26
2213 1
2214 27
2215 27
2216 25
2217 27
2218 84
2219 84
2220 84
2221 32
2222 68
2223 68
2224 68
2225 68
2226 27
2227 66
2228 66
2229 66
2230 66
2231 66
2232 66
2233 48
2234 48
2235 66
2236 66
2237 66
2238 66
2239 13
2240 66
2241 66
2242 66
2243 66
2244 89
2245 33
2246 33
2247 33
2248 33
2249 33
2250 11
2251 72
2252 72
2253 72
2254 72
2255 72
2256 72
2257 77
2258 77
2259 77
2260 77
2261 77
2262 77
2263 43
2264 63
2265 63
2266 63
2267 63
2268 63
2269 63
2270 63
2271 71
2272 71
2273 71
2274 71
2275 71
2276 71
2277 71
2278 71
2279 81
2280 81
2281 81
2282 81
2283 86
2284 17
2285 52
2286 52
2287 53
2288 17
2289 17
2290 17
2291 17
2292 17
2293 17
2294 88
2295 73
2296 73
2297 73
2298 73
2299 73
2300 83
2301 12
2302 12
2303 12
2304 12
2305 12
2306 12
2307 12
2308 12
2309 12
2310 89
2311 12
2312 58
2313 58
2314 58
2315 76
2316 76
2317 76
2318 76
2319 80
2320 80
2321 80
2322 80
2323 80
2324 80
2325 80
2326 52
2327 47
2328 49
2329 47
2330 8
2331 68
2332 62
2333 63
2334 63
2335 62
2336 62
2337 59
2338 65
2339 81
2340 57
2341 57
2342 57
2343 81
2344 33
2345 73
2346 73
2347 73
2348 73
2349 73
2350 73
2351 73
2352 73
2353 73
2354 86
2355 23
2356 23
2357 23
2358 23
2359 23
2360 23
2361 61
2362 52
2363 52
2364 61
2365 62
2366 52
2367 52
2368 52
2369 52
2370 52
2371 52
2372 52
2373 52
2374 50
2375 62
2376 51
2377 26
2378 78
2379 78
2380 62
2381 66
2382 66
2383 66
2384 66
2385 66
2386 38
2387 38
2388 75
2389 75
2390 11
2391 11
2392 11
2393 11
2394 11
2395 11
2396 11
2397 11
2398 32
2399 32
2400 32
2401 32
2402 32
2403 25
2404 25
2405 25
2406 25
2407 25
2408 44
2409 44
2410 44
2411 44
2412 44
2413 17
2414 44
2415 1
2416 73
2417 89
2418 89
2419 41
2420 89
2421 89
2422 41
2423 27
2424 26
2425 41
2426 92
2427 93
2428 85
2429 85
2430 85
2431 85
2432 88
2433 88
2434 93
2435 35
2436 35
2437 35
2438 35
2439 35
2440 35
2441 35
2442 35
2443 37
2444 13
2445 26
2446 35
2447 35
2448 35
2449 13
2450 35
2451 26
2452 35
2453 13
2454 35
2455 35
2456 35
2457 90
2458 90
2459 14
2460 14
2461 14
2462 14
2463 14
2464 14
2465 64
2466 64
2467 64
2468 50
2469 48
2470 48
2471 48
2472 91
2473 87
2474 87
2475 2
2476 7
2477 7
2478 7
2479 7
2480 32
2481 58
2482 32
2483 32
2484 32
2485 32
2486 32
2487 32
2488 32
2489 25
2490 32
2491 32
2492 32
2493 38
2494 11
2495 11
2496 11
2497 11
2498 40
2499 40
2500 40
2501 37
2502 38
2503 38
2504 38
2505 38
2506 38
2507 76
2508 76
2509 76
2510 76
2511 76
2512 76
2513 76
2514 4
2515 77
2516 35
2517 3
2518 2
2519 35
2520 70
2521 70
2522 70
2523 71
2524 73
2525 61
2526 61
2527 61
2528 61
2529 61
2530 61
2531 61
2532 50
2533 50
2534 19
2535 19
2536 19
2537 19
2538 48
2539 19
2540 19
2541 19
2542 19
2543 19
2544 19
2545 19
2546 19
2547 19
2548 19
2549 19
2550 19
2551 19
2552 19
2553 57
2554 57
2555 73
2556 1
2557 83
2558 83
2559 83
2560 83
2561 83
2562 83
2563 83
2564 46
2565 46
2566 46
2567 46
2568 46
2569 85
2570 85
2571 85
2572 85
2573 85
2574 85
2575 85
2576 85
2577 85
2578 85
2579 85
2580 66
2581 66
2582 57
2583 58
2584 58
2585 15
2586 58
2587 13
2588 13
2589 13
2590 13
2591 13
2592 13
2593 13
2594 13
2595 13
2596 30
2597 2
2598 2
2599 28
2600 28
2601 28
2602 1
2603 1
2604 9
2605 10
2606 10
2607 10
2608 10
2609 10
2610 10
2611 22
2612 1
2613 1
2614 1
2615 1
2616 1
2617 70
2618 69
2619 69
2620 69
2621 69
2622 69
2623 0
2624 9
2625 9
2626 41
2627 41
2628 41
2629 41
2630 41
2631 41
2632 41
2633 41
2634 41
2635 41
2636 37
2637 37
2638 16
2639 42
2640 68
2641 32
2642 32
2643 32
2644 32
2645 2
2646 2
2647 7
2648 2
2649 2
2650 2
2651 82
2652 8
2653 75
2654 75
2655 2
2656 66
2657 66
2658 66
2659 66
2660 66
2661 66
2662 66
2663 66
2664 66
2665 67
2666 59
2667 66
2668 66
2669 66
2670 66
2671 12
2672 12
2673 28
2674 12
2675 12
2676 13
2677 70
2678 70
2679 75
2680 76
2681 76
2682 76
2683 76
2684 76
2685 92
2686 92
2687 92
2688 92
2689 92
2690 92
2691 92
2692 92
2693 92
2694 85
2695 85
2696 85
2697 85
2698 85
2699 85
2700 85
2701 85
2702 85
2703 85
2704 69
2705 69
2706 69
2707 69
2708 69
2709 69
2710 69
2711 82
2712 82
2713 82
2714 82
2715 82
2716 82
2717 82
2718 29
2719 29
2720 29
2721 47
2722 49
2723 49
2724 49
2725 49
2726 49
2727 49
2728 49
2729 49
2730 48
2731 48
2732 48
2733 49
2734 49
2735 49
2736 49
2737 54
2738 54
2739 54
2740 54
2741 54
2742 54
2743 54
2744 54
2745 8
2746 51
2747 8
2748 58
2749 58
2750 58
2751 58
2752 58
2753 58
2754 58
2755 58
2756 63
2757 2
2758 2
2759 47
2760 47
2761 47
2762 47
2763 47
2764 57
2765 57
2766 49
2767 69
2768 69
2769 37
2770 36
2771 37
2772 16
2773 37
2774 22
2775 16
2776 22
2777 38
2778 38
2779 38
2780 38
2781 37
2782 37
2783 31
2784 4
2785 58
2786 47
2787 47
2788 64
2789 64
2790 64
2791 64
2792 64
2793 5
2794 88
2795 91
2796 91
2797 91
2798 91
2799 91
2800 91
2801 42
2802 42
2803 42
2804 42
2805 42
2806 20
2807 80
2808 16
2809 6
2810 6
2811 6
2812 6
2813 23
2814 23
2815 23
2816 23
2817 23
2818 23
2819 23
2820 54
2821 89
2822 89
2823 38
2824 55
2825 55
2826 55
2827 23
2828 23
2829 87
2830 87
2831 87
2832 87
2833 87
2834 87
2835 87
2836 87
2837 22
2838 83
2839 22
2840 84
2841 84
2842 84
2843 92
2844 92
2845 16
2846 16
2847 44
2848 28
2849 50
2850 50
2851 50
2852 50
2853 31
2854 31
2855 31
2856 31
2857 31
2858 31
2859 31
2860 76
2861 76
2862 76
2863 9
2864 22
2865 22
2866 22
2867 22
2868 64
2869 56
2870 81
2871 56
2872 56
2873 56
2874 56
2875 2
2876 56
2877 56
2878 56
2879 59
2880 81
2881 51
2882 56
2883 56
2884 94
2885 94
2886 80
2887 54
2888 54
2889 25
2890 27
2891 27
2892 25
2893 25
2894 28
2895 27
2896 27
2897 11
2898 11
2899 37
2900 37
2901 37
2902 37
2903 19
2904 19
2905 19
2906 19
2907 86
2908 60
2909 60
2910 60
2911 60
2912 83
2913 83
2914 20
2915 20
2916 27
2917 59
2918 76
2919 18
2920 18
2921 18
2922 18
2923 18
2924 17
2925 18
2926 9
2927 9
2928 37
2929 37
2930 37
2931 37
2932 20
2933 38
2934 45
2935 62
2936 62
2937 62
2938 54
2939 54
2940 54
2941 54
2942 54
2943 54
2944 54
2945 54
2946 54
2947 54
2948 54
2949 54
2950 25
2951 25
2952 64
2953 16
2954 16
2955 15
2956 15
2957 16
2958 16
2959 16
2960 16
2961 16
2962 16
2963 61
2964 61
2965 59
2966 26
2967 26
2968 26
2969 51
2970 51
2971 41
2972 43
2973 43
2974 43
2975 43
2976 43
2977 43
2978 43
2979 43
2980 83
2981 86
2982 86
2983 86
2984 86
2985 86
2986 86
2987 86
2988 62
2989 62
2990 88
2991 88
2992 88
2993 88
2994 59
2995 59
2996 78
2997 78
2998 44
2999 1
3000 1
3001 1
3002 1
3003 1
3004 6
3005 6
3006 44
3007 44
3008 44
3009 44
3010 44
3011 77
3012 7
3013 7
3014 7
3015 7
3016 7
3017 7
3018 7
3019 7
3020 53
3021 53
3022 53
3023 53
3024 53
3025 53
3026 53
3027 53
3028 53
3029 53
3030 39
3031 89
3032 89
3033 89
3034 86
3035 49
3036 9
3037 78
3038 78
3039 9
3040 78
3041 78
3042 9
3043 9
3044 9
3045 9
3046 9
3047 14
3048 14
3049 14
3050 83
3051 83
3052 83
3053 83
3054 84
3055 84
3056 84
3057 84
3058 84
3059 84
3060 84
3061 13
3062 11
3063 59
3064 59
3065 59
3066 51
3067 51
3068 49
3069 49
3070 49
3071 10
3072 85
3073 85
3074 85
3075 85
3076 85
3077 42
3078 42
3079 42
3080 42
3081 42
3082 27
3083 27
3084 68
3085 12
3086 12
3087 12
3088 12
3089 55
3090 55
3091 54
3092 54
3093 54
3094 60
3095 13
3096 13
3097 13
3098 12
3099 54
3100 33
3101 33
3102 65
3103 4
3104 45
3105 70
3106 70
3107 89
3108 89
3109 62
3110 62
3111 78
3112 26
3113 26
3114 26
3115 26
3116 93
3117 93
3118 93
3119 5
3120 5
3121 51
3122 5
3123 5
3124 90
3125 90
3126 90
3127 90
3128 76
3129 28
3130 28
3131 89
3132 89
3133 55
3134 92
3135 92
3136 90
3137 92
3138 90
3139 67
3140 92
3141 93
3142 93
3143 60
3144 60
3145 60
3146 60
3147 60
3148 60
3149 60
3150 60
3151 60
3152 60
3153 11
3154 31
3155 31
3156 35
3157 35
3158 8
3159 12
3160 13
3161 12
3162 12
3163 71
3164 38
3165 38
3166 38
3167 38
3168 38
3169 38
3170 92
3171 92
3172 92
3173 10
3174 10
3175 62
3176 62
3177 9
3178 9
3179 9
3180 87
3181 22
3182 37
3183 8
3184 8
3185 8
3186 8
3187 8
3188 8
3189 8
3190 2
3191 2
3192 2
3193 33
3194 33
3195 13
3196 13
3197 13
3198 13
3199 13
3200 64
3201 64
3202 28
3203 28
3204 16
3205 16
3206 16
3207 16
3208 16
3209 64
3210 62
3211 62
3212 48
3213 48
3214 48
3215 48
3216 62
3217 62
3218 62
3219 62
3220 62
3221 60
3222 60
3223 60
3224 60
3225 60
3226 60
3227 60
3228 60
3229 60
3230 25
3231 25
3232 25
3233 33
3234 52
3235 51
3236 51
3237 51
3238 51
3239 51
3240 51
3241 51
3242 50
3243 50
3244 24
3245 53
3246 53
3247 53
3248 53
3249 53
3250 60
3251 48
3252 48
3253 48
3254 48
3255 48
3256 48
3257 48
3258 55
3259 48
3260 55
3261 48
3262 48
3263 48
3264 48
3265 47
3266 78
3267 78
3268 78
3269 78
3270 26
3271 78
3272 26
3273 55
3274 3
3275 3
3276 3
3277 3
3278 3
3279 3
3280 3
3281 3
3282 50
3283 50
3284 9
3285 50
3286 50
3287 50
3288 50
3289 50
3290 50
3291 29
3292 92
3293 92
3294 92
3295 92
3296 35
3297 35
3298 35
3299 35
3300 35
3301 35
3302 4
3303 4
3304 4
3305 4
3306 4
3307 4
3308 4
3309 4
3310 4
3311 4
3312 4
3313 4
3314 4
3315 4
3316 4
3317 4
3318 1
3319 1
3320 1
3321 29
3322 94
3323 94
3324 55
3325 74
3326 74
3327 74
3328 40
3329 40
3330 52
3331 74
3332 81
3333 74
3334 74
3335 74
3336 40
3337 81
3338 38
3339 38
3340 38
3341 38
3342 5
3343 19
3344 19
3345 19
3346 19
3347 19
3348 19
3349 19
3350 19
3351 19
3352 19
3353 19
3354 19
3355 19
3356 19
3357 22
3358 36
3359 50
3360 50
3361 50
3362 50
3363 50
3364 20
3365 20
3366 20
3367 20
3368 20
3369 20
3370 20
3371 20
3372 20
3373 20
3374 45
3375 45
3376 71
3377 61
3378 61
3379 61
3380 61
3381 61
3382 61
3383 61
3384 61
3385 61
3386 68
3387 68
3388 68
3389 57
3390 57
3391 23
3392 23
3393 23
3394 23
3395 23
3396 23
3397 42
3398 42
3399 42
3400 42
3401 42
3402 42
3403 42
3404 42
3405 42
3406 42
3407 42
3408 42
3409 42
3410 91
3411 22
3412 22
3413 51
3414 51
3415 68
3416 68
3417 68
3418 68
3419 68
3420 81
3421 81
3422 78
3423 78
3424 59
3425 59
3426 59
3427 73
3428 73
3429 73
3430 48
3431 66
3432 66
3433 66
3434 46
3435 46
3436 81
3437 40
3438 40
3439 40
3440 23
3441 40
3442 40
3443 36
3444 36
3445 36
3446 36
3447 77
3448 12
3449 12
3450 12
3451 16
3452 0
3453 0
3454 0
3455 18
3456 18
3457 18
3458 18
3459 18
3460 18
3461 18
3462 18
3463 18
3464 18
3465 18
3466 18
3467 18
3468 18
3469 18
3470 18
3471 18
3472 18
3473 18
3474 18
3475 18
3476 18
3477 18
3478 18
3479 18
3480 18
3481 18
3482 18
3483 18
3484 18
3485 18
3486 88
3487 88
3488 88
3489 76
3490 76
3491 16
3492 16
3493 16
3494 16
3495 47
3496 47
3497 47
3498 47
3499 81
3500 61
3501 67
3502 67
3503 67
3504 94
3505 67
3506 67
3507 67
3508 67
3509 59
3510 59
3511 61
3512 61
3513 61
3514 59
3515 59
3516 61
3517 0
3518 0
3519 0
3520 0
3521 0
3522 0
3523 0
3524 0
3525 0
3526 0
3527 0
3528 0
3529 0
3530 0
3531 0
3532 0
3533 0
3534 0
3535 0
3536 0
3537 0
3538 0
3539 0
3540 29
3541 29
3542 29
3543 38
3544 78
3545 78
3546 78
3547 78
3548 39
3549 39
3550 16
3551 67
3552 67
3553 67
3554 72
3555 72
3556 72
3557 67
3558 67
3559 27
3560 6
3561 6
3562 6
3563 6
3564 38
3565 40
3566 40
3567 40
3568 40
3569 49
3570 49
3571 49
3572 75
3573 28
3574 28
3575 55
3576 55
3577 55
3578 55
3579 55
3580 55
3581 55
3582 55
3583 55
3584 55
3585 55
3586 55
3587 4
3588 40
3589 48
3590 37
3591 80
3592 12
3593 29
3594 45
3595 45
3596 27
3597 85
3598 78
3599 37
3600 62
3601 43
3602 43
3603 65
3604 23
3605 61
3606 61
3607 61
3608 61
3609 61
3610 49
3611 73
3612 73
3613 24
3614 24
3615 24
3616 24
3617 32
3618 32
3619 65
3620 65
3621 12
3622 12
3623 12
3624 82
3625 82
3626 82
3627 82
3628 82
3629 82
3630 9
3631 9
3632 9
3633 9
3634 9
3635 9
3636 9
3637 9
3638 89
3639 89
3640 77
3641 52
3642 77
3643 17
3644 17
3645 17
3646 17
3647 17
3648 17
3649 17
3650 17
3651 17
3652 17
3653 48
3654 48
3655 48
3656 91
3657 52
3658 15
3659 15
3660 15
3661 15
3662 15
3663 15
3664 15
3665 15
3666 15
3667 15
3668 15
3669 15
3670 15
3671 15
3672 15
3673 15
3674 15
3675 15
3676 15
3677 15
3678 15
3679 15
3680 15
3681 15
3682 15
3683 15
3684 15
3685 15
3686 15
3687 15
3688 15
3689 15
3690 15
3691 15
3692 84
3693 84
3694 84
3695 59
3696 50
3697 65
3698 2
3699 2
3700 2
3701 2
3702 92
3703 25
3704 16
3705 16
3706 16
3707 84
3708 26
3709 26
3710 50
3711 50
3712 50
3713 64
3714 64
3715 64
3716 64
3717 64
3718 64
3719 64
3720 1
3721 13
3722 13
3723 13
3724 13
3725 61
3726 47
3727 47
3728 47
3729 86
3730 59
3731 63
3732 48
3733 85
3734 17
3735 17
3736 17
3737 17
3738 2
3739 5
3740 5
3741 5
3742 5
3743 5
3744 20
3745 20
3746 20
3747 20
3748 20
3749 20
3750 20
3751 20
3752 20
3753 20
3754 20
3755 20
3756 89
3757 89
3758 37
3759 37
3760 37
3761 16
3762 53
3763 69
3764 69
3765 43
3766 43
3767 43
3768 26
3769 26
3770 26
3771 26
3772 73
3773 3
3774 3
3775 61
3776 61
3777 61
3778 61
3779 61
3780 17
3781 40
3782 16
3783 16
3784 78
3785 78
3786 78
3787 78
3788 78
3789 70
3790 70
3791 70
3792 84
3793 84
3794 55
3795 55
3796 55
3797 17
3798 17
3799 17
3800 51
3801 51
3802 51
3803 25
3804 19
3805 43
3806 80
3807 64
3808 3
3809 22
3810 22
3811 22
3812 22
3813 22
3814 22
3815 43
3816 69
3817 26
3818 81
3819 41
3820 41
3821 41
3822 41
3823 41
3824 41
3825 41
3826 41
3827 50
3828 50
3829 25
3830 25
3831 15
3832 15
3833 67
3834 58
3835 58
3836 12
3837 32
3838 32
3839 52
3840 84
3841 84
3842 84
3843 84
3844 84
3845 84
3846 89
3847 89
3848 89
3849 18
3850 32
3851 32
3852 52
3853 38
3854 29
3855 21
3856 78
3857 78
3858 78
3859 56
3860 56
3861 56
3862 56
3863 28
3864 28
3865 28
3866 63
3867 10
3868 10
3869 10
3870 10
3871 10
3872 10
3873 79
3874 3
3875 3
3876 3
3877 3
3878 3
3879 3
3880 3
3881 3
3882 3
3883 3
3884 35
3885 9
3886 9
3887 9
3888 9
3889 9
3890 22
3891 54
3892 54
3893 48
3894 44
3895 44
3896 44
3897 44
3898 44
3899 53
3900 47
3901 47
3902 47
3903 47
3904 47
3905 47
3906 47
3907 47
3908 20
3909 20
3910 20
3911 20
3912 84
3913 84
3914 82
3915 82
3916 70
3917 70
3918 70
3919 70
3920 70
3921 70
3922 70
3923 70
3924 70
3925 2
3926 2
3927 2
3928 30
3929 30
3930 30
3931 30
3932 30
3933 49
3934 69
3935 69
3936 69
3937 82
3938 82
3939 82
3940 82
3941 89
3942 89
3943 89
3944 89
3945 6
3946 71
3947 26
3948 26
3949 26
3950 12
3951 46
3952 59
3953 33
3954 25
3955 9
3956 72
3957 72
3958 72
3959 72
3960 72
3961 22
3962 22
3963 78
3964 52
3965 51
3966 91
3967 65
3968 84
3969 84
3970 84
3971 84
3972 41
3973 41
3974 41
3975 41
3976 41
3977 41
3978 41
3979 41
3980 41
3981 41
3982 41
3983 41
3984 41
3985 41
3986 41
3987 62
3988 27
3989 27
3990 27
3991 57
3992 22
3993 22
3994 22
3995 33
3996 45
3997 45
3998 81
3999 81
4000 81
4001 20
4002 20
4003 20
4004 12
4005 51
4006 51
4007 17
4008 17
4009 17
4010 17
4011 17
4012 75
4013 40
4014 25
4015 71
4016 4
4017 85
4018 65
4019 74
4020 74
4021 74
4022 44
4023 37
4024 35
4025 35
4026 71
4027 94
4028 78
4029 78
4030 78
4031 9
4032 9
4033 9
4034 89
4035 74
4036 75
4037 44
4038 44
4039 2
4040 2
4041 2
4042 2
4043 2
4044 13
4045 13
4046 78
4047 78
4048 4
4049 71
4050 71
4051 10
4052 78
4053 3
4054 3
4055 3
4056 3
4057 3
4058 78
4059 74
4060 74
4061 74
4062 12
4063 18
4064 18
4065 75
4066 55
4067 52
4068 55
4069 82
4070 42
4071 42
4072 42
4073 42
4074 42
4075 42
4076 42
4077 42
4078 42
4079 42
4080 42
4081 42
4082 42
4083 42
4084 42
4085 81
4086 81
4087 16
4088 16
4089 66
4090 64
4091 64
4092 26
4093 26
4094 26
4095 87
4096 21
4097 21
4098 21
4099 6
4100 50
4101 50
4102 71
4103 2
4104 2
4105 7
4106 7
4107 7
4108 44
4109 84
4110 37
4111 37
4112 37
4113 72
4114 50
4115 10
4116 82
4117 82
4118 94
4119 91
4120 91
4121 91
4122 91
4123 91
4124 91
4125 91
4126 91
4127 6
4128 6
4129 19
4130 19
4131 19
4132 19
4133 18
4134 18
4135 35
4136 47
4137 17
4138 47
4139 6
4140 6
4141 74
4142 74
4143 74
4144 36
4145 15
4146 15
4147 15
4148 33
4149 33
4150 77
4151 55
4152 21
4153 82
4154 2
4155 52
4156 31
4157 86
