0 0
1 20
2 0
3 20
4 0
5 3
6 54
7 0
8 0
9 49
10 10
11 51
12 46
13 0
14 0
15 51
16 62
17 9
18 0
19 0
20 12
21 12
22 12
23 69
24 12
25 13
26 12
27 47
28 12
29 16
30 12
31 47
32 69
33 65
34 48
35 47
36 12
37 48
38 12
39 12
40 41
41 61
42 17
43 7
44 12
45 0
46 12
47 63
48 69
49 61
50 47
51 48
52 47
53 51
54 47
55 44
56 47
57 48
58 47
59 47
60 47
61 47
62 47
63 47
64 47
65 47
66 18
67 61
68 62
69 62
70 61
71 62
72 68
73 61
74 66
75 62
76 66
77 68
78 62
79 62
80 66
81 67
82 66
83 66
84 66
85 62
86 62
87 62
88 62
89 62
90 62
91 65
92 65
93 65
94 65
95 65
96 41
97 65
98 41
99 66
100 68
101 68
102 65
103 63
104 65
105 66
106 49
107 49
108 49
109 64
110 49
111 44
112 47
113 49
114 49
115 49
116 38
117 35
118 49
119 25
120 35
121 63
122 35
123 49
124 49
125 52
126 28
127 37
128 44
129 49
130 35
131 49
132 49
133 49
134 53
135 53
136 49
137 40
138 21
139 49
140 49
141 36
142 49
143 45
144 42
145 40
146 45
147 45
148 45
149 45
150 45
151 45
152 65
153 45
154 65
155 45
156 45
157 68
158 42
159 45
160 45
161 45
162 45
163 16
164 65
165 20
166 20
167 41
168 20
169 20
170 20
171 20
172 41
173 20
174 61
175 20
176 20
177 20
178 20
179 23
180 63
181 20
182 20
183 20
184 29
185 19
186 29
187 28
188 29
189 32
190 33
191 29
192 29
193 29
194 13
195 31
196 29
197 29
198 29
199 29
200 29
201 29
202 16
203 33
204 19
205 32
206 29
207 29
208 9
209 16
210 28
211 51
212 11
213 33
214 29
215 29
216 9
217 28
218 29
219 15
220 45
221 29
222 13
223 12
224 32
225 59
226 12
227 12
228 50
229 0
230 69
231 60
232 60
233 60
234 60
235 60
236 58
237 60
238 61
239 65
240 61
241 61
242 61
243 61
244 63
245 65
246 61
247 62
248 61
249 61
250 61
251 61
252 65
253 61
254 61
255 61
256 65
257 68
258 68
259 68
260 68
261 68
262 68
263 68
264 68
265 68
266 69
267 68
268 68
269 68
270 69
271 68
272 68
273 68
274 68
275 68
276 68
277 68
278 68
279 18
280 68
281 68
282 68
283 68
284 68
285 25
286 68
287 68
288 68
289 68
290 68
291 68
292 68
293 68
294 68
295 68
296 31
297 68
298 68
299 68
300 68
301 68
302 13
303 61
304 61
305 13
306 62
307 61
308 65
309 13
310 13
311 61
312 13
313 37
314 13
315 61
316 59
317 63
318 59
319 59
320 59
321 61
322 46
323 61
324 63
325 61
326 61
327 61
328 61
329 42
330 61
331 35
332 61
333 30
334 61
335 40
336 61
337 61
338 61
339 63
340 61
341 59
342 30
343 30
344 59
345 61
346 40
347 14
348 14
349 14
350 14
351 14
352 14
353 15
354 24
355 14
356 14
357 14
358 14
359 14
360 14
361 16
362 25
363 11
364 14
365 14
366 32
367 25
368 6
369 6
370 9
371 5
372 32
373 1
374 28
375 42
376 65
377 65
378 65
379 65
380 65
381 65
382 51
383 51
384 51
385 51
386 51
387 51
388 10
389 51
390 10
391 10
392 8
393 10
394 10
395 10
396 50
397 10
398 50
399 10
400 55
401 10
402 10
403 10
404 51
405 51
406 51
407 51
408 51
409 51
410 45
411 51
412 51
413 51
414 1
415 1
416 1
417 1
418 1
419 1
420 1
421 1
422 1
423 1
424 1
425 1
426 1
427 1
428 1
429 1
430 1
431 45
432 45
433 67
434 45
435 45
436 45
437 45
438 45
439 45
440 45
441 45
442 45
443 45
444 4
445 4
446 4
447 5
448 4
449 5
450 5
451 5
452 4
453 5
454 4
455 4
456 4
457 4
458 4
459 4
460 4
461 4
462 5
463 4
464 5
465 4
466 4
467 4
468 20
469 4
470 5
471 4
472 5
473 5
474 5
475 26
476 26
477 4
478 40
479 40
480 40
481 40
482 36
483 40
484 40
485 24
486 42
487 62
488 37
489 62
490 61
491 41
492 61
493 34
494 61
495 67
496 61
497 61
498 8
499 55
500 61
501 61
502 61
503 61
504 46
505 66
506 61
507 62
508 62
509 30
510 16
511 62
512 59
513 62
514 62
515 62
516 62
517 42
518 53
519 65
520 65
521 67
522 63
523 65
524 63
525 69
526 65
527 65
528 67
529 63
530 65
531 63
532 63
533 65
534 65
535 63
536 67
537 65
538 23
539 25
540 67
541 69
542 65
543 62
544 65
545 69
546 66
547 65
548 63
549 63
550 63
551 63
552 63
553 69
554 63
555 69
556 63
557 63
558 63
559 63
560 65
561 52
562 52
563 51
564 49
565 51
566 42
567 51
568 51
569 51
570 51
571 51
572 60
573 19
574 51
575 51
576 49
577 50
578 51
579 51
580 51
581 28
582 28
583 28
584 28
585 28
586 28
587 28
588 44
589 44
590 44
591 44
592 44
593 43
594 54
595 54
596 54
597 54
598 54
599 67
600 54
601 40
602 54
603 54
604 68
605 67
606 67
607 67
608 67
609 69
610 69
611 67
612 67
613 67
614 65
615 54
616 52
617 68
618 67
619 69
620 69
621 69
622 10
623 15
624 69
625 10
626 11
627 16
628 62
629 10
630 10
631 42
632 42
633 46
634 42
635 42
636 36
637 36
638 36
639 36
640 38
641 36
642 36
643 36
644 36
645 47
646 5
647 38
648 38
649 38
650 11
651 38
652 38
653 38
654 38
655 38
656 36
657 20
658 45
659 45
660 20
661 6
662 20
663 63
664 63
665 53
666 61
667 61
668 65
669 38
670 61
671 61
672 59
673 61
674 21
675 37
676 3
677 13
678 17
679 12
680 12
681 12
682 12
683 64
684 12
685 12
686 12
687 12
688 18
689 18
690 18
691 14
692 12
693 46
694 46
695 46
696 46
697 15
698 46
699 46
700 9
701 11
702 46
703 32
704 57
705 46
706 46
707 46
708 27
709 27
710 27
711 27
712 27
713 27
714 27
715 27
716 27
717 27
718 26
719 27
720 19
721 27
722 26
723 27
724 68
725 68
726 69
727 69
728 61
729 55
730 55
731 55
732 55
733 35
734 5
735 55
736 55
737 34
738 4
739 55
740 55
741 33
742 40
743 55
744 55
745 55
746 46
747 46
748 46
749 46
750 46
751 46
752 46
753 46
754 46
755 46
756 46
757 46
758 46
759 46
760 46
761 46
762 58
763 26
764 58
765 26
766 58
767 58
768 58
769 58
770 58
771 58
772 58
773 58
774 58
775 58
776 15
777 15
778 15
779 24
780 15
781 15
782 15
783 1
784 46
785 46
786 46
787 46
788 1
789 46
790 46
791 46
792 67
793 67
794 67
795 6
796 67
797 6
798 6
799 6
800 6
801 6
802 6
803 7
804 6
805 6
806 12
807 12
808 12
809 12
810 13
811 12
812 32
813 69
814 69
815 69
816 69
817 47
818 47
819 35
820 47
821 47
822 35
823 12
824 47
825 47
826 47
827 47
828 1
829 1
830 1
831 1
832 62
833 67
834 42
835 42
836 42
837 42
838 42
839 42
840 42
841 42
842 42
843 42
844 2
845 2
846 2
847 42
848 42
849 42
850 41
851 42
852 42
853 11
854 45
855 45
856 45
857 45
858 45
859 46
860 45
861 64
862 64
863 64
864 60
865 60
866 59
867 60
868 60
869 59
870 60
871 55
872 60
873 60
874 59
875 59
876 59
877 67
878 67
879 67
880 67
881 67
882 67
883 67
884 67
885 67
886 67
887 67
888 8
889 8
890 8
891 45
892 8
893 8
894 8
895 8
896 45
897 12
898 12
899 8
900 2
901 12
902 12
903 12
904 12
905 12
906 12
907 12
908 2
909 12
910 11
911 28
912 11
913 11
914 8
915 10
916 11
917 51
918 11
919 11
920 11
921 11
922 11
923 11
924 11
925 10
926 28
927 16
928 35
929 32
930 32
931 44
932 51
933 51
934 59
935 50
936 51
937 51
938 51
939 59
940 48
941 51
942 50
943 19
944 34
945 33
946 33
947 34
948 20
949 34
950 34
951 34
952 34
953 34
954 33
955 33
956 33
957 33
958 33
959 33
960 34
961 34
962 34
963 34
964 32
965 34
966 34
967 34
968 25
969 34
970 34
971 34
972 34
973 41
974 34
975 22
976 18
977 27
978 18
979 35
980 35
981 35
982 35
983 35
984 35
985 35
986 9
987 35
988 35
989 35
990 35
991 35
992 35
993 9
994 3
995 3
996 5
997 9
998 3
999 9
1000 9
1001 10
1002 9
1003 7
1004 3
1005 3
1006 7
1007 3
1008 3
1009 3
1010 3
1011 3
1012 3
1013 7
1014 34
1015 24
1016 21
1017 22
1018 34
1019 24
1020 34
1021 65
1022 24
1023 34
1024 59
1025 25
1026 24
1027 47
1028 47
1029 47
1030 47
1031 47
1032 47
1033 47
1034 46
1035 46
1036 46
1037 46
1038 46
1039 46
1040 46
1041 43
1042 6
1043 10
1044 10
1045 30
1046 7
1047 10
1048 38
1049 38
1050 38
1051 40
1052 40
1053 40
1054 37
1055 40
1056 40
1057 40
1058 40
1059 40
1060 39
1061 40
1062 40
1063 40
1064 38
1065 41
1066 40
1067 25
1068 40
1069 40
1070 41
1071 41
1072 41
1073 41
1074 25
1075 25
1076 24
1077 25
1078 25
1079 25
1080 25
1081 24
1082 25
1083 25
1084 25
1085 25
1086 36
1087 36
1088 43
1089 43
1090 43
1091 58
1092 58
1093 43
1094 43
1095 43
1096 9
1097 43
1098 43
1099 58
1100 62
1101 62
1102 19
1103 19
1104 19
1105 19
1106 19
1107 19
1108 19
1109 19
1110 19
1111 19
1112 19
1113 19
1114 19
1115 19
1116 19
1117 30
1118 19
1119 19
1120 39
1121 33
1122 33
1123 49
1124 49
1125 49
1126 49
1127 49
1128 49
1129 59
1130 49
1131 49
1132 49
1133 52
1134 52
1135 52
1136 52
1137 52
1138 52
1139 52
1140 53
1141 53
1142 53
1143 53
1144 53
1145 53
1146 53
1147 53
1148 52
1149 53
1150 53
1151 53
1152 53
1153 53
1154 53
1155 53
1156 7
1157 7
1158 7
1159 24
1160 7
1161 7
1162 7
1163 7
1164 7
1165 51
1166 28
1167 29
1168 7
1169 7
1170 7
1171 7
1172 7
1173 7
1174 7
1175 7
1176 7
1177 69
1178 47
1179 47
1180 47
1181 47
1182 47
1183 47
1184 47
1185 47
1186 33
1187 19
1188 33
1189 19
1190 19
1191 19
1192 31
1193 31
1194 31
1195 31
1196 31
1197 31
1198 31
1199 31
1200 31
1201 31
1202 31
1203 14
1204 15
1205 14
1206 14
1207 14
1208 17
1209 14
1210 14
1211 14
1212 14
1213 14
1214 14
1215 14
1216 14
1217 39
1218 39
1219 39
1220 41
1221 39
1222 39
1223 39
1224 39
1225 39
1226 39
1227 39
1228 39
1229 42
1230 42
1231 42
1232 20
1233 42
1234 42
1235 42
1236 28
1237 28
1238 15
1239 15
1240 15
1241 15
1242 15
1243 15
1244 15
1245 15
1246 15
1247 15
1248 15
1249 15
1250 15
1251 15
1252 15
1253 15
1254 15
1255 15
1256 15
1257 15
1258 15
1259 15
1260 15
1261 15
1262 15
1263 15
1264 15
1265 15
1266 15
1267 15
1268 15
1269 15
1270 15
1271 15
1272 12
1273 15
1274 15
1275 15
1276 15
1277 12
1278 15
1279 45
1280 45
1281 45
1282 7
1283 7
1284 7
1285 7
1286 7
1287 15
1288 6
1289 6
1290 14
1291 14
1292 14
1293 14
1294 14
1295 14
1296 14
1297 14
1298 39
1299 39
1300 39
1301 39
1302 39
1303 39
1304 39
1305 39
1306 39
1307 39
1308 39
1309 39
1310 39
1311 2
1312 39
1313 39
1314 39
1315 39
1316 39
1317 2
1318 39
1319 39
1320 39
1321 39
1322 39
1323 39
1324 24
1325 24
1326 24
1327 24
1328 24
1329 24
1330 55
1331 55
1332 28
1333 28
1334 65
1335 64
1336 28
1337 28
1338 64
1339 28
1340 28
1341 59
1342 26
1343 43
1344 59
1345 41
1346 63
1347 41
1348 41
1349 41
1350 41
1351 63
1352 41
1353 41
1354 37
1355 37
1356 37
1357 38
1358 38
1359 37
1360 37
1361 37
1362 37
1363 37
1364 37
1365 37
1366 37
1367 30
1368 10
1369 10
1370 24
1371 10
1372 24
1373 50
1374 14
1375 50
1376 50
1377 50
1378 50
1379 50
1380 16
1381 41
1382 13
1383 13
1384 13
1385 13
1386 13
1387 13
1388 13
1389 13
1390 22
1391 13
1392 13
1393 13
1394 16
1395 13
1396 68
1397 25
1398 25
1399 19
1400 25
1401 25
1402 19
1403 45
1404 41
1405 41
1406 41
1407 54
1408 54
1409 54
1410 54
1411 54
1412 54
1413 54
1414 54
1415 3
1416 3
1417 3
1418 1
1419 3
1420 3
1421 3
1422 31
1423 23
1424 31
1425 23
1426 23
1427 23
1428 23
1429 23
1430 23
1431 23
1432 40
1433 40
1434 40
1435 40
1436 40
1437 40
1438 40
1439 14
1440 9
1441 14
1442 9
1443 21
1444 25
1445 23
1446 25
1447 25
1448 4
1449 6
1450 6
1451 6
1452 6
1453 6
1454 23
1455 6
1456 6
1457 6
1458 6
1459 6
1460 4
1461 4
1462 4
1463 5
1464 5
1465 5
1466 5
1467 5
1468 5
1469 5
1470 5
1471 4
1472 5
1473 5
1474 30
1475 30
1476 30
1477 30
1478 2
1479 30
1480 30
1481 30
1482 30
1483 30
1484 32
1485 30
1486 30
1487 30
1488 30
1489 32
1490 32
1491 22
1492 22
1493 22
1494 22
1495 22
1496 36
1497 22
1498 22
1499 22
1500 36
1501 22
1502 22
1503 48
1504 22
1505 22
1506 22
1507 36
1508 22
1509 1
1510 22
1511 13
1512 13
1513 13
1514 21
1515 0
1516 0
1517 0
1518 0
1519 59
1520 59
1521 32
1522 59
1523 0
1524 32
1525 60
1526 60
1527 59
1528 60
1529 60
1530 58
1531 59
1532 60
1533 43
1534 60
1535 60
1536 60
1537 60
1538 60
1539 60
1540 7
1541 60
1542 60
1543 60
1544 60
1545 60
1546 58
1547 58
1548 60
1549 60
1550 60
1551 58
1552 60
1553 7
1554 60
1555 60
1556 60
1557 5
1558 42
1559 48
1560 35
1561 42
1562 57
1563 27
1564 27
1565 26
1566 26
1567 27
1568 37
1569 40
1570 40
1571 40
1572 52
1573 52
1574 52
1575 52
1576 9
1577 50
1578 50
1579 50
1580 50
1581 50
1582 50
1583 51
1584 51
1585 51
1586 51
1587 8
1588 8
1589 8
1590 8
1591 8
1592 31
1593 0
1594 11
1595 11
1596 11
1597 11
1598 44
1599 8
1600 8
1601 8
1602 8
1603 8
1604 8
1605 8
1606 8
1607 8
1608 8
1609 8
1610 8
1611 2
1612 8
1613 8
1614 8
1615 8
1616 8
1617 8
1618 10
1619 10
1620 39
1621 36
1622 11
1623 47
1624 47
1625 47
1626 47
1627 32
1628 32
1629 32
1630 32
1631 32
1632 32
1633 9
1634 9
1635 29
1636 29
1637 29
1638 29
1639 29
1640 29
1641 29
1642 29
1643 48
1644 48
1645 48
1646 48
1647 41
1648 41
1649 41
1650 41
1651 41
1652 41
1653 63
1654 63
1655 63
1656 63
1657 63
1658 63
1659 63
1660 63
1661 10
1662 10
1663 10
1664 28
1665 10
1666 16
1667 5
1668 37
1669 5
1670 5
1671 16
1672 5
1673 5
1674 16
1675 32
1676 61
1677 11
1678 9
1679 16
1680 32
1681 32
1682 32
1683 11
1684 11
1685 10
1686 63
1687 63
1688 46
1689 43
1690 30
1691 30
1692 66
1693 16
1694 34
1695 0
1696 12
1697 32
1698 63
1699 63
1700 67
1701 50
1702 50
1703 51
1704 51
1705 28
1706 9
1707 28
1708 28
1709 28
1710 46
1711 24
1712 35
1713 35
1714 35
1715 35
1716 30
1717 30
1718 29
1719 29
1720 29
1721 29
1722 29
1723 29
1724 29
1725 29
1726 29
1727 63
1728 42
1729 35
1730 57
1731 57
1732 57
1733 57
1734 57
1735 57
1736 57
1737 57
1738 57
1739 57
1740 57
1741 57
1742 57
1743 57
1744 57
1745 54
1746 54
1747 20
1748 54
1749 44
1750 54
1751 54
1752 54
1753 54
1754 54
1755 20
1756 41
1757 40
1758 41
1759 2
1760 57
1761 41
1762 41
1763 64
1764 41
1765 41
1766 30
1767 30
1768 19
1769 10
1770 60
1771 40
1772 59
1773 59
1774 59
1775 59
1776 59
1777 29
1778 29
1779 29
1780 52
1781 52
1782 52
1783 41
1784 52
1785 52
1786 52
1787 52
1788 52
1789 52
1790 52
1791 36
1792 52
1793 55
1794 55
1795 55
1796 55
1797 55
1798 55
1799 55
1800 59
1801 60
1802 55
1803 59
1804 59
1805 59
1806 59
1807 60
1808 39
1809 55
1810 55
1811 55
1812 55
1813 55
1814 11
1815 55
1816 55
1817 55
1818 55
1819 44
1820 44
1821 44
1822 39
1823 44
1824 44
1825 39
1826 10
1827 10
1828 10
1829 10
1830 59
1831 59
1832 59
1833 57
1834 59
1835 59
1836 59
1837 48
1838 48
1839 32
1840 32
1841 24
1842 23
1843 23
1844 32
1845 32
1846 24
1847 23
1848 23
1849 23
1850 65
1851 21
1852 65
1853 65
1854 57
1855 21
1856 64
1857 32
1858 0
1859 18
1860 33
1861 33
1862 33
1863 33
1864 9
1865 33
1866 32
1867 18
1868 33
1869 33
1870 33
1871 38
1872 38
1873 38
1874 38
1875 38
1876 38
1877 38
1878 38
1879 38
1880 38
1881 38
1882 38
1883 38
1884 38
1885 38
1886 38
1887 38
1888 38
1889 38
1890 38
1891 38
1892 38
1893 38
1894 38
1895 38
1896 38
1897 38
1898 38
1899 38
1900 38
1901 38
1902 38
1903 38
1904 38
1905 9
1906 51
1907 30
1908 30
1909 44
1910 30
1911 30
1912 50
1913 35
1914 35
1915 35
1916 50
1917 35
1918 40
1919 40
1920 35
1921 35
1922 35
1923 35
1924 60
1925 60
1926 55
1927 55
1928 42
1929 42
1930 4
1931 4
1932 40
1933 4
1934 4
1935 4
1936 69
1937 69
1938 52
1939 52
1940 52
1941 52
1942 52
1943 52
1944 30
1945 30
1946 30
1947 32
1948 30
1949 25
1950 9
1951 11
1952 11
1953 9
1954 9
1955 9
1956 9
1957 11
1958 11
1959 21
1960 2
1961 2
1962 2
1963 2
1964 2
1965 2
1966 2
1967 2
1968 2
1969 2
1970 2
1971 3
1972 2
1973 2
1974 2
1975 2
1976 2
1977 2
1978 2
1979 2
1980 3
1981 2
1982 2
1983 44
1984 43
1985 43
1986 50
1987 50
1988 36
1989 36
1990 36
1991 36
1992 36
1993 36
1994 28
1995 28
1996 28
1997 28
1998 47
1999 47
2000 42
2001 42
2002 60
2003 60
2004 60
2005 4
2006 67
2007 1
2008 67
2009 67
2010 32
2011 1
2012 1
2013 1
2014 1
2015 1
2016 65
2017 13
2018 13
2019 13
2020 13
2021 13
2022 20
2023 20
2024 20
2025 20
2026 20
2027 59
2028 59
2029 59
2030 11
2031 11
2032 11
2033 11
2034 20
2035 40
2036 40
2037 40
2038 14
2039 60
2040 60
2041 60
2042 8
2043 8
2044 13
2045 13
2046 8
2047 0
2048 0
2049 0
2050 0
2051 20
2052 0
2053 0
2054 20
2055 0
2056 0
2057 0
2058 0
2059 14
2060 14
2061 39
2062 39
2063 39
2064 39
2065 39
2066 44
2067 44
2068 44
2069 44
2070 44
2071 7
2072 44
2073 18
2074 26
2075 9
2076 9
2077 9
2078 9
2079 9
2080 9
2081 9
2082 30
2083 30
2084 30
2085 30
2086 30
2087 30
2088 63
2089 69
2090 63
2091 63
2092 63
2093 32
2094 32
2095 32
2096 25
2097 25
2098 25
2099 25
2100 25
2101 25
2102 25
2103 47
2104 47
2105 49
2106 18
2107 18
2108 18
2109 46
2110 46
2111 46
2112 46
2113 24
2114 14
2115 24
2116 14
2117 38
2118 0
2119 38
2120 38
2121 38
2122 38
2123 38
2124 44
2125 44
2126 44
2127 44
2128 44
2129 44
2130 44
2131 64
2132 64
2133 64
2134 35
2135 35
2136 35
2137 35
2138 20
2139 20
2140 3
2141 20
2142 30
2143 16
2144 16
2145 16
2146 16
2147 68
2148 4
2149 55
2150 55
2151 20
2152 55
2153 55
2154 54
2155 54
2156 54
2157 54
2158 54
2159 54
2160 52
2161 52
2162 16
2163 59
2164 59
2165 59
2166 59
2167 59
2168 58
2169 59
2170 59
2171 59
2172 52
2173 59
2174 60
2175 58
2176 2
2177 2
2178 2
2179 2
2180 2
2181 2
2182 2
2183 8
2184 8
2185 7
2186 7
2187 7
2188 69
2189 69
2190 69
2191 33
2192 33
2193 33
2194 33
2195 34
2196 33
2197 33
2198 62
2199 62
2200 4
2201 4
2202 69
2203 19
2204 32
2205 34
2206 32
2207 48
2208 48
2209 24
2210 24
2211 64
2212 64
2213 36
2214 41
2215 41
2216 41
2217 41
2218 43
2219 43
2220 43
2221 38
2222 10
2223 10
2224 10
2225 10
2226 41
2227 26
2228 26
2229 26
2230 26
2231 26
2232 26
2233 26
2234 26
2235 26
2236 26
2237 26
2238 26
2239 22
2240 26
2241 26
2242 26
2243 26
2244 44
2245 62
2246 62
2247 62
2248 62
2249 62
2250 35
2251 14
2252 14
2253 14
2254 14
2255 14
2256 14
2257 16
2258 16
2259 16
2260 16
2261 16
2262 16
2263 66
2264 2
2265 2
2266 3
2267 2
2268 2
2269 2
2270 2
2271 11
2272 11
2273 11
2274 11
2275 11
2276 11
2277 1
2278 11
2279 29
2280 29
2281 29
2282 39
2283 8
2284 21
2285 24
2286 24
2287 19
2288 18
2289 18
2290 18
2291 18
2292 18
2293 18
2294 46
2295 8
2296 8
2297 8
2298 8
2299 19
2300 8
2301 37
2302 37
2303 37
2304 37
2305 37
2306 37
2307 37
2308 37
2309 57
2310 44
2311 37
2312 11
2313 30
2314 30
2315 49
2316 49
2317 49
2318 49
2319 1
2320 1
2321 40
2322 1
2323 50
2324 1
2325 50
2326 25
2327 23
2328 34
2329 23
2330 25
2331 10
2332 3
2333 3
2334 3
2335 3
2336 3
2337 3
2338 13
2339 29
2340 12
2341 12
2342 12
2343 16
2344 61
2345 50
2346 50
2347 50
2348 50
2349 50
2350 11
2351 50
2352 50
2353 50
2354 8
2355 20
2356 20
2357 20
2358 20
2359 20
2360 20
2361 24
2362 7
2363 7
2364 24
2365 7
2366 24
2367 24
2368 24
2369 24
2370 24
2371 24
2372 24
2373 24
2374 24
2375 0
2376 24
2377 25
2378 15
2379 25
2380 56
2381 26
2382 26
2383 26
2384 26
2385 26
2386 52
2387 52
2388 51
2389 51
2390 53
2391 53
2392 53
2393 53
2394 53
2395 53
2396 53
2397 53
2398 37
2399 37
2400 37
2401 37
2402 37
2403 22
2404 22
2405 22
2406 22
2407 22
2408 21
2409 21
2410 21
2411 21
2412 21
2413 21
2414 21
2415 5
2416 19
2417 64
2418 44
2419 64
2420 64
2421 64
2422 64
2423 12
2424 64
2425 64
2426 60
2427 60
2428 43
2429 43
2430 43
2431 43
2432 46
2433 46
2434 57
2435 67
2436 67
2437 67
2438 67
2439 67
2440 67
2441 67
2442 67
2443 67
2444 67
2445 64
2446 67
2447 67
2448 67
2449 68
2450 67
2451 64
2452 67
2453 68
2454 67
2455 67
2456 67
2457 58
2458 59
2459 23
2460 23
2461 23
2462 53
2463 23
2464 23
2465 23
2466 14
2467 23
2468 23
2469 26
2470 26
2471 26
2472 25
2473 46
2474 45
2475 54
2476 20
2477 20
2478 20
2479 20
2480 37
2481 37
2482 37
2483 37
2484 37
2485 37
2486 37
2487 37
2488 37
2489 22
2490 62
2491 37
2492 37
2493 53
2494 35
2495 35
2496 35
2497 35
2498 42
2499 42
2500 65
2501 69
2502 69
2503 69
2504 69
2505 69
2506 69
2507 49
2508 49
2509 49
2510 49
2511 49
2512 49
2513 51
2514 0
2515 9
2516 56
2517 13
2518 9
2519 13
2520 6
2521 6
2522 6
2523 11
2524 50
2525 48
2526 48
2527 48
2528 48
2529 48
2530 48
2531 48
2532 24
2533 24
2534 18
2535 18
2536 18
2537 18
2538 34
2539 18
2540 18
2541 18
2542 18
2543 18
2544 18
2545 18
2546 18
2547 18
2548 18
2549 18
2550 18
2551 18
2552 18
2553 62
2554 62
2555 19
2556 36
2557 8
2558 49
2559 8
2560 8
2561 8
2562 8
2563 8
2564 16
2565 16
2566 16
2567 16
2568 16
2569 43
2570 43
2571 43
2572 43
2573 43
2574 43
2575 43
2576 23
2577 43
2578 43
2579 43
2580 26
2581 26
2582 10
2583 30
2584 30
2585 57
2586 30
2587 22
2588 22
2589 22
2590 22
2591 22
2592 22
2593 22
2594 22
2595 22
2596 35
2597 9
2598 9
2599 36
2600 36
2601 36
2602 38
2603 38
2604 21
2605 42
2606 42
2607 42
2608 42
2609 42
2610 42
2611 48
2612 50
2613 50
2614 50
2615 50
2616 50
2617 6
2618 6
2619 6
2620 6
2621 6
2622 6
2623 51
2624 27
2625 21
2626 64
2627 64
2628 64
2629 64
2630 64
2631 64
2632 64
2633 64
2634 64
2635 64
2636 57
2637 59
2638 57
2639 66
2640 16
2641 35
2642 35
2643 35
2644 35
2645 9
2646 9
2647 4
2648 9
2649 9
2650 9
2651 28
2652 54
2653 50
2654 50
2655 50
2656 26
2657 26
2658 26
2659 26
2660 26
2661 26
2662 26
2663 26
2664 26
2665 27
2666 3
2667 26
2668 26
2669 26
2670 26
2671 36
2672 35
2673 36
2674 36
2675 36
2676 36
2677 6
2678 6
2679 51
2680 49
2681 49
2682 49
2683 49
2684 49
2685 55
2686 55
2687 55
2688 55
2689 55
2690 55
2691 55
2692 55
2693 55
2694 43
2695 43
2696 43
2697 43
2698 43
2699 43
2700 43
2701 43
2702 43
2703 43
2704 6
2705 6
2706 6
2707 6
2708 6
2709 6
2710 6
2711 28
2712 28
2713 28
2714 28
2715 28
2716 28
2717 28
2718 42
2719 42
2720 42
2721 33
2722 34
2723 34
2724 34
2725 34
2726 34
2727 34
2728 34
2729 32
2730 34
2731 34
2732 34
2733 32
2734 34
2735 32
2736 32
2737 66
2738 66
2739 66
2740 66
2741 66
2742 66
2743 66
2744 66
2745 25
2746 24
2747 55
2748 28
2749 28
2750 32
2751 32
2752 32
2753 32
2754 32
2755 32
2756 2
2757 9
2758 9
2759 33
2760 33
2761 33
2762 33
2763 33
2764 32
2765 29
2766 32
2767 45
2768 45
2769 56
2770 65
2771 56
2772 57
2773 56
2774 48
2775 57
2776 48
2777 69
2778 69
2779 69
2780 69
2781 57
2782 57
2783 39
2784 0
2785 32
2786 20
2787 20
2788 2
2789 2
2790 2
2791 2
2792 2
2793 40
2794 46
2795 58
2796 58
2797 58
2798 58
2799 58
2800 58
2801 66
2802 66
2803 66
2804 66
2805 66
2806 42
2807 29
2808 57
2809 5
2810 5
2811 5
2812 5
2813 27
2814 27
2815 27
2816 27
2817 27
2818 27
2819 27
2820 19
2821 23
2822 44
2823 69
2824 33
2825 33
2826 33
2827 27
2828 27
2829 45
2830 45
2831 45
2832 45
2833 45
2834 45
2835 45
2836 45
2837 48
2838 49
2839 48
2840 43
2841 43
2842 43
2843 60
2844 60
2845 53
2846 53
2847 63
2848 52
2849 23
2850 23
2851 23
2852 23
2853 40
2854 40
2855 40
2856 40
2857 40
2858 40
2859 40
2860 49
2861 49
2862 49
2863 7
2864 69
2865 69
2866 69
2867 69
2868 14
2869 16
2870 16
2871 16
2872 16
2873 16
2874 16
2875 16
2876 16
2877 16
2878 16
2879 3
2880 16
2881 24
2882 16
2883 16
2884 16
2885 16
2886 29
2887 33
2888 33
2889 41
2890 67
2891 41
2892 41
2893 41
2894 39
2895 41
2896 41
2897 53
2898 53
2899 65
2900 56
2901 65
2902 65
2903 17
2904 17
2905 17
2906 17
2907 29
2908 1
2909 1
2910 1
2911 1
2912 12
2913 8
2914 48
2915 42
2916 12
2917 12
2918 51
2919 17
2920 65
2921 65
2922 65
2923 65
2924 21
2925 65
2926 7
2927 7
2928 56
2929 56
2930 56
2931 56
2932 52
2933 53
2934 65
2935 5
2936 5
2937 5
2938 19
2939 19
2940 19
2941 19
2942 19
2943 19
2944 19
2945 19
2946 19
2947 19
2948 19
2949 19
2950 41
2951 41
2952 11
2953 57
2954 57
2955 57
2956 56
2957 57
2958 57
2959 57
2960 57
2961 57
2962 57
2963 3
2964 3
2965 3
2966 25
2967 25
2968 64
2969 25
2970 25
2971 64
2972 64
2973 64
2974 64
2975 64
2976 64
2977 64
2978 64
2979 64
2980 2
2981 8
2982 8
2983 8
2984 8
2985 8
2986 8
2987 8
2988 3
2989 3
2990 46
2991 46
2992 46
2993 46
2994 12
2995 12
2996 12
2997 12
2998 62
2999 5
3000 5
3001 5
3002 5
3003 5
3004 4
3005 4
3006 62
3007 62
3008 62
3009 62
3010 62
3011 16
3012 26
3013 4
3014 4
3015 4
3016 4
3017 4
3018 4
3019 4
3020 31
3021 31
3022 31
3023 31
3024 31
3025 31
3026 31
3027 31
3028 31
3029 31
3030 68
3031 44
3032 44
3033 44
3034 19
3035 34
3036 7
3037 7
3038 7
3039 7
3040 7
3041 7
3042 7
3043 7
3044 7
3045 7
3046 7
3047 49
3048 49
3049 49
3050 49
3051 49
3052 49
3053 49
3054 44
3055 44
3056 44
3057 44
3058 44
3059 44
3060 44
3061 22
3062 35
3063 3
3064 3
3065 3
3066 24
3067 24
3068 34
3069 34
3070 34
3071 42
3072 43
3073 43
3074 43
3075 43
3076 43
3077 66
3078 66
3079 66
3080 66
3081 66
3082 12
3083 12
3084 10
3085 35
3086 36
3087 36
3088 36
3089 20
3090 31
3091 19
3092 19
3093 19
3094 1
3095 22
3096 22
3097 22
3098 37
3099 33
3100 37
3101 37
3102 27
3103 0
3104 59
3105 6
3106 6
3107 44
3108 44
3109 7
3110 7
3111 7
3112 64
3113 64
3114 64
3115 64
3116 57
3117 57
3118 57
3119 4
3120 4
3121 24
3122 4
3123 4
3124 58
3125 58
3126 58
3127 58
3128 51
3129 39
3130 39
3131 44
3132 44
3133 33
3134 60
3135 60
3136 60
3137 60
3138 60
3139 59
3140 60
3141 58
3142 58
3143 1
3144 0
3145 0
3146 1
3147 1
3148 0
3149 0
3150 0
3151 1
3152 0
3153 35
3154 39
3155 39
3156 13
3157 13
3158 54
3159 19
3160 36
3161 19
3162 19
3163 11
3164 69
3165 69
3166 69
3167 69
3168 69
3169 23
3170 55
3171 55
3172 55
3173 7
3174 7
3175 3
3176 3
3177 27
3178 27
3179 27
3180 45
3181 69
3182 41
3183 25
3184 25
3185 25
3186 25
3187 25
3188 25
3189 25
3190 50
3191 50
3192 50
3193 37
3194 37
3195 22
3196 22
3197 22
3198 22
3199 22
3200 14
3201 14
3202 39
3203 39
3204 57
3205 57
3206 57
3207 57
3208 57
3209 11
3210 3
3211 3
3212 33
3213 33
3214 33
3215 33
3216 3
3217 3
3218 3
3219 3
3220 3
3221 1
3222 1
3223 1
3224 1
3225 1
3226 1
3227 1
3228 1
3229 1
3230 41
3231 41
3232 41
3233 37
3234 24
3235 22
3236 24
3237 24
3238 21
3239 24
3240 24
3241 24
3242 21
3243 21
3244 63
3245 31
3246 31
3247 31
3248 31
3249 31
3250 1
3251 34
3252 34
3253 34
3254 26
3255 34
3256 34
3257 34
3258 31
3259 26
3260 31
3261 34
3262 31
3263 34
3264 34
3265 23
3266 15
3267 15
3268 29
3269 15
3270 64
3271 15
3272 64
3273 32
3274 36
3275 36
3276 36
3277 36
3278 36
3279 36
3280 36
3281 36
3282 21
3283 21
3284 21
3285 21
3286 21
3287 21
3288 21
3289 21
3290 21
3291 64
3292 55
3293 55
3294 55
3295 55
3296 13
3297 13
3298 13
3299 13
3300 13
3301 13
3302 0
3303 0
3304 0
3305 0
3306 0
3307 0
3308 0
3309 0
3310 0
3311 0
3312 0
3313 0
3314 0
3315 0
3316 0
3317 0
3318 50
3319 50
3320 50
3321 42
3322 60
3323 60
3324 32
3325 23
3326 23
3327 23
3328 23
3329 23
3330 23
3331 23
3332 16
3333 55
3334 23
3335 55
3336 23
3337 16
3338 53
3339 69
3340 53
3341 69
3342 5
3343 17
3344 17
3345 17
3346 17
3347 17
3348 17
3349 17
3350 17
3351 17
3352 17
3353 17
3354 17
3355 17
3356 17
3357 48
3358 69
3359 53
3360 53
3361 53
3362 53
3363 23
3364 48
3365 48
3366 48
3367 48
3368 48
3369 48
3370 48
3371 48
3372 48
3373 48
3374 62
3375 62
3376 11
3377 21
3378 21
3379 21
3380 21
3381 21
3382 21
3383 21
3384 48
3385 21
3386 10
3387 10
3388 10
3389 32
3390 32
3391 27
3392 27
3393 27
3394 27
3395 27
3396 27
3397 66
3398 66
3399 66
3400 66
3401 66
3402 66
3403 66
3404 66
3405 66
3406 66
3407 66
3408 66
3409 66
3410 58
3411 48
3412 48
3413 24
3414 24
3415 31
3416 31
3417 31
3418 31
3419 31
3420 9
3421 9
3422 15
3423 15
3424 12
3425 12
3426 12
3427 50
3428 50
3429 50
3430 34
3431 26
3432 26
3433 26
3434 61
3435 61
3436 39
3437 68
3438 69
3439 68
3440 20
3441 68
3442 68
3443 65
3444 65
3445 65
3446 65
3447 11
3448 35
3449 35
3450 35
3451 53
3452 49
3453 49
3454 49
3455 17
3456 17
3457 17
3458 17
3459 17
3460 17
3461 17
3462 17
3463 17
3464 17
3465 17
3466 17
3467 17
3468 17
3469 17
3470 17
3471 17
3472 17
3473 17
3474 17
3475 17
3476 17
3477 17
3478 17
3479 17
3480 17
3481 17
3482 17
3483 17
3484 18
3485 18
3486 45
3487 45
3488 45
3489 51
3490 51
3491 57
3492 57
3493 57
3494 57
3495 23
3496 23
3497 23
3498 23
3499 29
3500 48
3501 27
3502 27
3503 27
3504 59
3505 27
3506 27
3507 27
3508 27
3509 3
3510 3
3511 3
3512 3
3513 3
3514 3
3515 3
3516 3
3517 54
3518 54
3519 54
3520 54
3521 54
3522 54
3523 54
3524 54
3525 54
3526 54
3527 54
3528 54
3529 54
3530 54
3531 54
3532 54
3533 54
3534 54
3535 54
3536 54
3537 54
3538 54
3539 54
3540 42
3541 42
3542 42
3543 53
3544 7
3545 7
3546 7
3547 7
3548 68
3549 68
3550 32
3551 30
3552 30
3553 30
3554 14
3555 14
3556 14
3557 31
3558 31
3559 67
3560 4
3561 4
3562 4
3563 4
3564 68
3565 69
3566 69
3567 69
3568 69
3569 32
3570 32
3571 32
3572 50
3573 36
3574 36
3575 31
3576 31
3577 31
3578 31
3579 31
3580 31
3581 31
3582 31
3583 31
3584 31
3585 31
3586 31
3587 2
3588 67
3589 34
3590 67
3591 40
3592 35
3593 35
3594 61
3595 61
3596 41
3597 43
3598 25
3599 56
3600 56
3601 64
3602 64
3603 27
3604 27
3605 48
3606 48
3607 48
3608 48
3609 48
3610 34
3611 11
3612 11
3613 63
3614 63
3615 63
3616 63
3617 37
3618 37
3619 13
3620 13
3621 69
3622 37
3623 37
3624 30
3625 30
3626 30
3627 30
3628 30
3629 30
3630 21
3631 21
3632 21
3633 21
3634 21
3635 21
3636 21
3637 21
3638 44
3639 44
3640 5
3641 7
3642 5
3643 18
3644 18
3645 18
3646 18
3647 18
3648 18
3649 18
3650 18
3651 18
3652 18
3653 34
3654 34
3655 34
3656 59
3657 24
3658 56
3659 56
3660 56
3661 56
3662 56
3663 56
3664 56
3665 56
3666 56
3667 56
3668 56
3669 56
3670 56
3671 56
3672 56
3673 56
3674 56
3675 56
3676 56
3677 56
3678 56
3679 56
3680 56
3681 56
3682 56
3683 56
3684 56
3685 56
3686 56
3687 56
3688 56
3689 56
3690 56
3691 56
3692 43
3693 43
3694 43
3695 3
3696 21
3697 22
3698 9
3699 9
3700 9
3701 9
3702 55
3703 22
3704 57
3705 57
3706 57
3707 43
3708 28
3709 28
3710 23
3711 23
3712 23
3713 24
3714 24
3715 14
3716 14
3717 14
3718 14
3719 14
3720 5
3721 22
3722 22
3723 22
3724 22
3725 3
3726 33
3727 23
3728 23
3729 45
3730 2
3731 2
3732 31
3733 43
3734 21
3735 21
3736 21
3737 21
3738 9
3739 4
3740 4
3741 4
3742 4
3743 4
3744 52
3745 52
3746 52
3747 52
3748 52
3749 52
3750 52
3751 52
3752 52
3753 52
3754 52
3755 52
3756 39
3757 39
3758 57
3759 57
3760 57
3761 57
3762 19
3763 6
3764 6
3765 62
3766 62
3767 62
3768 64
3769 64
3770 64
3771 64
3772 50
3773 36
3774 36
3775 21
3776 21
3777 21
3778 21
3779 21
3780 21
3781 65
3782 57
3783 57
3784 29
3785 29
3786 29
3787 29
3788 29
3789 6
3790 6
3791 6
3792 44
3793 44
3794 31
3795 31
3796 31
3797 18
3798 18
3799 18
3800 25
3801 25
3802 25
3803 22
3804 17
3805 17
3806 40
3807 2
3808 36
3809 48
3810 48
3811 48
3812 48
3813 48
3814 48
3815 20
3816 23
3817 9
3818 16
3819 63
3820 63
3821 63
3822 63
3823 63
3824 63
3825 63
3826 63
3827 23
3828 23
3829 22
3830 22
3831 56
3832 56
3833 27
3834 11
3835 11
3836 2
3837 37
3838 37
3839 24
3840 58
3841 58
3842 58
3843 58
3844 58
3845 58
3846 44
3847 44
3848 44
3849 22
3850 37
3851 37
3852 66
3853 23
3854 42
3855 47
3856 29
3857 29
3858 29
3859 16
3860 16
3861 16
3862 16
3863 36
3864 36
3865 36
3866 26
3867 5
3868 5
3869 5
3870 5
3871 5
3872 5
3873 15
3874 13
3875 13
3876 13
3877 13
3878 13
3879 13
3880 13
3881 13
3882 13
3883 13
3884 13
3885 27
3886 27
3887 27
3888 27
3889 27
3890 48
3891 19
3892 19
3893 34
3894 62
3895 62
3896 62
3897 62
3898 62
3899 19
3900 33
3901 33
3902 33
3903 33
3904 33
3905 33
3906 33
3907 33
3908 52
3909 52
3910 52
3911 52
3912 43
3913 43
3914 28
3915 24
3916 6
3917 6
3918 6
3919 6
3920 6
3921 6
3922 6
3923 6
3924 6
3925 9
3926 9
3927 9
3928 40
3929 40
3930 40
3931 40
3932 40
3933 13
3934 20
3935 20
3936 20
3937 28
3938 28
3939 28
3940 28
3941 44
3942 44
3943 44
3944 44
3945 4
3946 11
3947 64
3948 64
3949 64
3950 35
3951 61
3952 3
3953 37
3954 41
3955 21
3956 10
3957 10
3958 10
3959 10
3960 10
3961 47
3962 47
3963 29
3964 24
3965 18
3966 59
3967 27
3968 58
3969 58
3970 58
3971 58
3972 53
3973 53
3974 53
3975 53
3976 53
3977 53
3978 53
3979 53
3980 53
3981 53
3982 53
3983 53
3984 53
3985 53
3986 53
3987 45
3988 41
3989 41
3990 41
3991 9
3992 48
3993 48
3994 48
3995 37
3996 62
3997 62
3998 16
3999 16
4000 16
4001 52
4002 52
4003 52
4004 36
4005 25
4006 25
4007 18
4008 18
4009 18
4010 18
4011 18
4012 50
4013 65
4014 41
4015 11
4016 0
4017 43
4018 27
4019 10
4020 10
4021 10
4022 63
4023 56
4024 56
4025 56
4026 11
4027 45
4028 28
4029 28
4030 28
4031 27
4032 27
4033 27
4034 44
4035 28
4036 51
4037 21
4038 21
4039 50
4040 50
4041 50
4042 50
4043 50
4044 22
4045 22
4046 12
4047 12
4048 0
4049 11
4050 11
4051 5
4052 29
4053 36
4054 36
4055 1
4056 1
4057 1
4058 15
4059 28
4060 28
4061 28
4062 22
4063 17
4064 17
4065 51
4066 20
4067 24
4068 20
4069 30
4070 66
4071 66
4072 66
4073 66
4074 66
4075 66
4076 66
4077 66
4078 66
4079 66
4080 66
4081 66
4082 66
4083 66
4084 66
4085 29
4086 29
4087 53
4088 53
4089 26
4090 2
4091 2
4092 28
4093 28
4094 28
4095 45
4096 47
4097 47
4098 47
4099 5
4100 23
4101 23
4102 11
4103 9
4104 9
4105 47
4106 47
4107 47
4108 62
4109 43
4110 56
4111 56
4112 56
4113 18
4114 23
4115 42
4116 30
4117 30
4118 59
4119 58
4120 58
4121 58
4122 58
4123 58
4124 58
4125 58
4126 58
4127 4
4128 4
4129 17
4130 17
4131 17
4132 17
4133 22
4134 22
4135 13
4136 33
4137 18
4138 33
4139 5
4140 5
4141 10
4142 10
4143 10
4144 67
4145 56
4146 56
4147 56
4148 37
4149 37
4150 16
4151 20
4152 47
4153 28
4154 9
4155 25
4156 40
4157 8
