コミュニティ 0:
  NG for Group 1: 11747, 13059, 5038, 67, 6654, 5780, 9895, 13157, 7346, 3791, 5657, 272, 6291, 4288, 7975, 8020, 6805, 7592, 3760, 3638, 3985, 11606, 6072, 12072, 12042, 11362, 13877, 4576, 9563, 1786, 13794, 2129, 11774, 5030, 14050, 2359, 2634, 5659, 2337, 9953, 9320, 9455, 903, 8598, 12, 6380, 397, 12918, 11701, 10942, 4814, 10697, 10177, 5330, 10318, 51, 10181, 14088, 2494, 5646, 4439, 3785, 5306, 2727, 12611, 8843, 11572, 5985, 8116, 9590, 7415, 9991, 9071, 7464, 13043, 2229, 13655, 5051, 11734, 11527, 5568, 13249, 3759, 7808, 10403, 6149, 14041, 4572, 11944, 6408, 9598, 1310, 7024, 112, 12465, 2139, 5871, 1849, 11518, 1365, 3808, 1811, 6683, 3511, 11396, 9013, 7508, 13812, 2408, 9693, 10666, 2275, 9973, 3754, 11830, 12705, 11937
  NG for Group 2: 11849, 12918, 2406, 3468, 7960, 4576, 13974, 9161, 7102, 7339, 6058, 8572, 9362, 4895, 8109, 1550, 12331, 8808, 721, 6872, 3396, 3768, 12501, 8345, 6882, 2636, 7409, 10448, 4480, 11757, 3197, 3502, 6591, 11025, 7247, 10983, 8857, 11643, 11721, 6919, 1321, 7271, 13050, 11930, 10681, 13706, 1053, 516, 6592, 3055, 2303, 7989, 13594, 3500, 9833, 71, 13596, 2408, 11979, 9860, 3911, 3690, 12445, 2223, 12657, 5864, 7892, 11996, 6161, 4284, 5857, 10942, 1325, 8047, 3755, 7589, 12565, 303, 8921, 4521, 8626, 3156, 7508, 4482, 8595, 8571, 6730, 5054, 4287, 13814, 87, 2938, 6004, 2529, 1778, 5033, 10318, 8574, 6175, 5597, 10742, 3426, 5083, 5655, 1574, 11965, 115, 4479, 8831, 5524, 4034, 3777, 8813, 7538, 7415, 10762, 12

コミュニティ 1:
  NG for Group 1:
  NG for Group 2:

コミュニティ 2:
  NG for Group 1: 14091, 6388, 2411, 8625, 8909, 3796, 10323, 9544, 12723, 2683, 13795, 9775, 12641, 1170, 6724, 13526, 9969, 2444, 1147, 3594, 2125, 14068, 5281, 10068, 6776, 12482, 12337, 13685, 5488, 6901, 12466, 4346, 7507, 7611, 10265, 9495, 8655, 11703, 13369, 9650, 2350, 11994, 1385, 7295, 10516, 4636, 9447, 1144, 4196, 663, 4237, 5200, 12241, 5727, 9472, 6808, 9561, 11920, 9408, 13341, 11269, 11419, 2970, 1215, 12684, 821, 5929, 11327, 9255, 3010, 12717, 12713, 496, 14008, 13606, 4297, 4990, 13184, 6443, 8160, 4601, 2193, 3550, 5769, 7697, 10838, 2498, 14019, 235, 7791, 3337, 482, 10142, 1820, 7696, 12511, 6931, 9853, 6271, 10856, 4069, 8435, 7028, 10812, 12773, 12772, 6180, 5919, 1728, 807, 691, 4140, 4652, 10872, 9913, 3955, 9652, 11982, 1644, 10268
  NG for Group 2: 9279, 8341, 4765, 6499, 12738, 9029, 6181, 5326, 11012, 12850, 3320, 8436, 6350, 2946, 14040, 2808, 12265, 6051, 457, 4601, 8845, 1870, 13341, 4838, 13152, 12603, 3836, 4632, 2681, 1955, 4780, 6532, 3403, 13577, 33, 12710, 4650, 13265, 6870, 10676, 6325, 14074, 8989, 6491, 12734, 12507, 2845, 821, 8441, 1831, 12335, 12075, 4763, 728, 8782, 2182, 13131, 9660, 6734, 1399, 7260, 13214, 7584, 2078, 13869, 12980, 2534, 1372, 4085, 10046, 14091, 13134, 12482, 6351, 7694, 2834, 8533, 5502, 7267, 9228, 8992, 13751, 3297, 11704, 6339, 4635, 13091, 13498, 9776, 13266, 4076, 1961, 1139, 10721, 7585, 12176, 9205, 4990, 9367, 6748, 11812, 1192, 689, 10611, 13112, 1611, 1873, 6891, 4179, 6951, 7134, 1707, 6508, 2800, 9491, 3181, 5917, 6668, 13037, 12291

コミュニティ 3:
  NG for Group 1: 2145, 6473, 13920, 10989, 6976, 6877, 10386, 4094, 6534, 13967, 1920, 642, 13395, 6186, 2997, 771, 6435, 9223, 5270, 5171, 1212, 6222, 6213, 1822, 8973, 3001, 9303, 4607, 8412, 12931, 10102, 10779, 8298, 7450, 13851, 10042, 12699, 2977, 4767, 1121, 26, 4009, 4728, 11372, 6015, 13326, 10280, 9843, 9564, 9376, 13111, 11386, 8423, 3004, 11423, 335, 11087, 1138, 9509, 675, 13619, 286, 3183, 11309, 13813, 6813, 5773, 11737, 9605, 3313, 1945, 3105, 11400, 7, 10369, 2740, 4751, 7744, 12983, 3634, 11002, 8360, 2071, 270, 8729, 6053, 3334, 2310, 3006, 7305, 11751, 1243, 8093, 7488, 6725, 8237, 6353, 3883, 216, 576, 13636, 581, 9757, 2127, 6537, 8723, 1171, 1772, 11651, 4791, 6394, 1944, 6630, 8390, 4007, 7428
  NG for Group 2: 5944, 10628, 780, 5748, 5460, 10108, 9296, 2739, 7490, 9261, 11472, 9300, 3549, 1641, 10475, 483, 11408, 6054, 3306, 4238, 9218, 3595, 13440, 6420, 10672, 11348, 14033, 4341, 11575, 2100, 11613, 3315, 7426, 11857, 8424, 6793, 12932, 10534, 9226, 11234, 8048, 8973, 9954, 12863, 3355, 4667, 12533, 13679, 2459, 13343, 7660, 6213, 9904, 335, 11386, 13158, 4631, 3743, 582, 974, 6713, 2021, 4849, 2074, 9578, 4883, 2312, 7587, 10460, 28, 5555, 13581, 6562, 13441, 6560, 8463, 10096, 1290, 3256, 6225, 9035, 7978, 13645, 650, 8634, 3548, 6860, 4094, 8230, 8412, 10137, 473, 4095, 12255, 2563, 880, 2671, 14111, 3921, 10012, 8620, 3204, 7446, 9915, 8189, 4828, 11926, 10075, 4978, 8379, 3005, 9523, 10921, 4136, 7935, 10967

コミュニティ 4:
  NG for Group 1: 4552, 2904, 12538, 6091, 8702, 3154, 546, 1305, 12393, 4395, 1543, 1625, 9130, 11016, 824, 13953, 8828, 3685, 1078, 1630, 4948, 2286, 8454, 4162, 368, 7094, 12695, 1546, 4995, 5956, 8542, 10610, 7908, 10655, 12678, 3857, 12497, 163, 12417, 11144, 5367, 11511, 12088, 1991, 1017, 5711, 1505, 12394, 62, 12090, 413, 5197, 13081, 1969, 2930, 7835, 14079, 3030, 9189, 4352, 217, 1128, 2210, 8648, 1514, 4286, 11499, 13136, 2915, 12680, 13342, 6618, 6280, 10051, 5350, 4972, 1083, 2949, 3098, 5308, 9423, 5607, 12820, 3145, 3561, 10359, 11268, 11195, 9076, 11438, 12560, 6895, 13881, 13385, 12735, 13072, 6068, 13278, 5471, 4225, 5182, 10688, 13484, 1637, 9935, 10080, 1540, 2533, 2455, 7570, 7381, 5443, 5341, 1736, 6263, 7653, 2532, 1984, 9483, 13787, 1516, 10494, 9642
  NG for Group 2: 8173, 419, 1533, 5924, 8373, 6947, 1113, 3066, 12548, 1654, 2453, 8383, 11570, 5290, 1670, 8613, 7786, 10185, 4684, 11911, 10688, 5454, 323, 5294, 11481, 9181, 10247, 13777, 163, 96, 13401, 1469, 14054, 12827, 3935, 2793, 4872, 7902, 7097, 1476, 13693, 4444, 415, 1460, 2097, 4856, 11891, 9885, 4989, 13204, 7907, 213, 13954, 6815, 1541, 5198, 4823, 437, 523, 4685, 555, 13303, 9483, 2134, 9665, 7716, 11692, 8437, 5197, 4491, 5445, 8494, 13694, 2242, 1379, 11345, 1620, 13138, 9700, 11521, 2005, 3625, 5800, 6376, 1655, 11615, 5211, 6474, 13589, 2603, 11029, 8948, 11460, 11531, 9268, 4547, 6369, 4869, 940, 1661, 9005, 1888, 427, 426, 4999, 3728, 9422, 6826, 11698, 2533, 2862, 7924, 1054, 4917, 5607, 9462, 12822, 1446, 696, 6138, 1997, 11489, 1656

コミュニティ 5:
  NG for Group 1: 2537, 401, 6990, 9044, 9685, 2367, 10997, 10171, 10429, 12936, 5145, 10154, 9838, 6720, 7218, 8918, 8325, 8444, 9142, 4446, 8339, 11478, 10271, 8352, 776, 214, 722, 7575, 10712, 1933, 6994, 2905, 11315, 1596, 1480, 9471, 10743, 8101, 4902, 11411, 10157, 2282, 5459, 2287, 990, 151, 1937, 5073, 9254, 12200, 10485, 5155, 13051, 964, 11765, 1135, 9632, 3610, 4133, 8970, 3574, 10037, 13358, 8824, 73, 2429, 13674, 8586, 10506, 4914, 4693, 1322, 3114, 12117, 10562, 9006, 1629, 333, 13626, 3895, 2590, 2660, 6581, 1727, 10486, 4450, 6936, 11312, 12085, 5967, 2499, 11556, 6412, 7327, 2952, 7809, 13090, 3369, 7766, 3798, 4959, 3193, 3148, 193, 3620, 8950, 9190, 296, 9684, 1466, 5539, 3084, 2343, 10563, 4674, 3421
  NG for Group 2: 10216, 234, 11825, 3118, 147, 7942, 634, 1937, 1908, 4858, 9643, 6111, 11842, 10758, 7730, 2596, 2869, 10270, 404, 7832, 5011, 2007, 14037, 3726, 11546, 13378, 4859, 341, 9933, 4682, 7363, 5976, 3943, 8332, 3454, 5458, 6642, 6469, 3084, 10903, 4431, 5026, 2115, 13259, 9752, 9824, 3928, 3968, 8374, 7468, 10138, 11028, 1518, 4857, 13013, 10808, 651, 11789, 2465, 1508, 12760, 8759, 10003, 11634, 5187, 12198, 13080, 10770, 2215, 11202, 6455, 6030, 11073, 7851, 11242, 3601, 1613, 633, 10622, 5895, 3117, 2865, 14053, 2301, 2908, 6031, 10743, 4985, 10627, 18, 5623, 178, 1885, 3730, 8582, 10310, 1092, 8442, 10202, 12002, 11439, 11667, 13972, 4941, 3958, 3868, 8734, 11191, 9773, 10773, 6578, 6583, 3559, 8285, 11854, 10584