8193 4
2 4
8200 4
8202 4
8203 4
8204 4
8206 4
21 4
23 4
8215 4
8217 4
8223 4
8239 4
53 4
57 4
58 4
59 4
61 4
62 4
8253 4
66 4
8261 4
8262 4
8263 4
8264 4
8265 4
75 4
78 4
79 4
80 4
83 4
8275 4
8278 4
8279 4
8281 4
96 4
8287 4
8296 4
8316 4
8318 4
8319 4
8324 4
8326 4
135 4
8327 4
140 4
141 4
142 4
156 4
162 4
163 4
164 4
8351 4
166 4
168 4
169 4
170 4
171 4
172 4
174 4
8362 4
180 4
181 4
182 4
183 4
184 4
185 4
186 4
187 4
8380 4
196 4
8381 4
199 4
200 4
208 4
211 4
213 4
217 4
218 4
221 4
225 4
228 4
229 4
238 4
11445 4
11446 4
8437 4
246 4
248 4
250 4
8438 4
8439 4
253 4
255 4
259 4
260 4
262 4
8447 4
265 4
269 4
8453 4
271 4
8455 4
8456 4
8457 4
8462 4
8469 4
8470 4
300 4
301 4
302 4
8490 4
8494 4
8495 4
8496 4
11457 4
309 4
312 4
314 4
11460 4
316 4
317 4
8509 4
322 4
323 4
327 4
328 4
329 4
331 4
332 4
336 4
337 4
8529 4
339 4
340 4
342 4
8532 4
8534 4
8538 4
8540 4
8541 4
8542 4
8546 4
8547 4
8549 4
8551 4
8552 4
8553 4
366 4
368 4
369 4
370 4
380 4
385 4
388 4
8581 4
395 4
8587 4
8590 4
409 4
411 4
413 4
415 4
416 4
419 4
420 4
422 4
423 4
424 4
425 4
426 4
427 4
428 4
8612 4
8613 4
435 4
436 4
437 4
438 4
439 4
440 4
443 4
444 4
446 4
8637 4
8638 4
8648 4
8691 4
8693 4
8696 4
508 4
8702 4
8704 4
9872 4
522 4
523 4
546 4
8740 4
549 4
8741 4
554 4
555 4
556 4
557 4
558 4
560 4
563 4
8758 4
568 4
570 4
8765 4
8771 4
8775 4
8797 4
608 4
8800 4
8802 4
8807 4
8814 4
623 4
8817 4
8821 4
8822 4
8823 4
8825 4
636 4
637 4
640 4
8826 4
8827 4
8828 4
8834 4
8835 4
653 4
654 4
656 4
657 4
8849 4
659 4
660 4
661 4
665 4
669 4
8863 4
674 4
8870 4
8871 4
8872 4
8873 4
692 4
695 4
696 4
697 4
698 4
700 4
713 4
715 4
8911 4
726 4
8919 4
732 4
733 4
8920 4
8935 4
8940 4
8942 4
8943 4
8944 4
8946 4
8948 4
8952 4
784 4
786 4
787 4
8998 4
9000 4
9002 4
9004 4
9005 4
817 4
819 4
823 4
824 4
9016 4
828 4
9018 4
9027 4
850 4
9042 4
9043 4
856 4
9049 4
864 4
865 4
874 4
9066 4
9076 4
9078 4
9082 4
9085 4
9087 4
9110 4
921 4
923 4
924 4
9114 4
9115 4
9119 4
930 4
931 4
9121 4
9129 4
939 4
940 4
9130 4
9146 4
957 4
9151 4
960 4
963 4
965 4
967 4
8333 4
9157 4
8334 4
8335 4
8336 4
9175 4
9176 4
9177 4
8337 4
9180 4
9181 4
9188 4
9189 4
999 4
1009 4
1010 4
1011 4
1012 4
1013 4
1014 4
9199 4
1017 4
1019 4
1020 4
1023 4
9213 4
1028 4
9221 4
9224 4
9225 4
1046 4
9240 4
1052 4
1054 4
9250 4
9252 4
9253 4
1073 4
1074 4
1075 4
1076 4
1077 4
1078 4
1079 4
8355 4
1082 4
1083 4
9267 4
9268 4
9273 4
1090 4
1091 4
1099 4
9289 4
1102 4
1103 4
1104 4
1107 4
1109 4
1111 4
1113 4
1116 4
1117 4
1119 4
1120 4
1122 4
1128 4
8365 4
9333 4
9343 4
9344 4
9345 4
11627 4
11628 4
8373 4
1177 4
9374 4
11635 4
1207 4
1210 4
1211 4
9401 4
9402 4
9403 4
9404 4
9405 4
8383 4
9406 4
9409 4
1222 4
1223 4
1224 4
1225 4
1226 4
8385 4
1230 4
1231 4
1235 4
1237 4
8386 4
8387 4
9423 4
9428 4
9433 4
9434 4
9439 4
8389 4
1251 4
1252 4
1255 4
9443 4
9462 4
9470 4
9473 4
11448 4
9478 4
9480 4
9820 4
9483 4
1296 4
1297 4
1300 4
9488 4
1302 4
1303 4
1304 4
1305 4
9489 4
1307 4
9521 4
1334 4
1335 4
1336 4
1341 4
1342 4
9531 4
9536 4
1349 4
1357 4
1358 4
1361 4
1363 4
9555 4
1367 4
1368 4
1371 4
1376 4
9568 4
1378 4
1379 4
9581 4
1393 4
1394 4
1395 4
1396 4
13304 4
13305 4
13306 4
1421 4
1422 4
9614 4
1427 4
1430 4
1431 4
1435 4
9627 4
1438 4
9629 4
9634 4
1444 4
1446 4
9635 4
9637 4
1452 4
1453 4
1455 4
1457 4
1458 4
1459 4
1460 4
1461 4
1465 4
1468 4
1469 4
1470 4
1473 4
1475 4
1476 4
9664 4
1478 4
9665 4
9666 4
1482 4
1484 4
1485 4
9679 4
1489 4
1490 4
1492 4
1494 4
1496 4
1498 4
1499 4
1501 4
1505 4
1506 4
8440 4
1510 4
1512 4
1513 4
1514 4
1515 4
1516 4
1520 4
1521 4
1523 4
1525 4
9710 4
9718 4
8445 4
1533 4
1537 4
1538 4
1539 4
1540 4
1541 4
1542 4
1543 4
1544 4
1546 4
9749 4
1558 4
1562 4
1567 4
1569 4
8454 4
9771 4
9778 4
9779 4
9780 4
1589 4
1590 4
1591 4
1592 4
1594 4
1597 4
9782 4
9783 4
9784 4
9785 4
9786 4
9794 4
9799 4
9800 4
1612 4
1615 4
1616 4
1619 4
1620 4
1623 4
1624 4
1625 4
1630 4
1637 4
9823 4
9829 4
9836 4
9837 4
1649 4
1650 4
1651 4
1652 4
1653 4
1654 4
1655 4
1656 4
9849 4
1660 4
1661 4
1663 4
1665 4
1669 4
1670 4
1671 4
1672 4
1673 4
1674 4
1679 4
1680 4
1686 4
1687 4
9876 4
1692 4
1695 4
9885 4
9891 4
1706 4
13169 4
1708 4
1710 4
1712 4
1713 4
1714 4
1715 4
1716 4
11465 4
11791 4
1724 4
9921 4
9923 4
9924 4
9925 4
1736 4
1737 4
9927 4
1740 4
9929 4
9935 4
13372 4
13373 4
9968 4
9978 4
9980 4
9984 4
9986 4
9995 4
10004 4
10010 4
10011 4
10021 4
10023 4
10050 4
10051 4
1861 4
10052 4
10053 4
10054 4
1867 4
1868 4
10060 4
10067 4
1884 4
1886 4
1888 4
10080 4
10084 4
13402 4
10090 4
10091 4
10092 4
10093 4
1904 4
1907 4
1909 4
1911 4
1912 4
1914 4
1915 4
10113 4
1923 4
1925 4
10119 4
10120 4
1934 4
1936 4
10125 4
10129 4
10143 4
10144 4
10145 4
10152 4
10153 4
1963 4
10156 4
1969 4
1977 4
1981 4
1982 4
1983 4
1984 4
1985 4
1986 4
1987 4
1988 4
1990 4
1991 4
1992 4
10184 4
10185 4
1997 4
11794 4
2000 4
2001 4
2005 4
2008 4
10201 4
10204 4
10206 4
10208 4
10209 4
10217 4
2028 4
2030 4
10220 4
2038 4
10232 4
2041 4
2042 4
10239 4
2055 4
2056 4
2062 4
2064 4
11808 4
11809 4
10275 4
2084 4
2085 4
2086 4
2087 4
2088 4
10276 4
2090 4
2091 4
2093 4
2095 4
2096 4
2097 4
10285 4
10288 4
10289 4
10290 4
10292 4
11814 4
2116 4
2121 4
10315 4
2131 4
2134 4
10326 4
10330 4
2142 4
10334 4
10343 4
10350 4
2159 4
10351 4
10359 4
10360 4
2170 4
10361 4
10362 4
10363 4
10364 4
10383 4
10392 4
2202 4
2203 4
10393 4
10398 4
2210 4
2211 4
2213 4
2216 4
2218 4
2219 4
2221 4
10410 4
10412 4
10430 4
2242 4
2243 4
2245 4
2247 4
2248 4
10439 4
10440 4
10457 4
2270 4
10468 4
2284 4
2286 4
2290 4
2295 4
2296 4
2297 4
2298 4
2300 4
2304 4
2305 4
10493 4
10494 4
10499 4
10500 4
10519 4
10522 4
10524 4
10526 4
10531 4
2346 4
2347 4
10544 4
10546 4
10547 4
2358 4
10550 4
2360 4
8610 4
10551 4
10553 4
10554 4
2368 4
2388 4
2390 4
10583 4
2401 4
2403 4
10247 4
10596 4
10599 4
10600 4
10601 4
2414 4
10610 4
2427 4
2437 4
2439 4
10637 4
2447 4
2450 4
2453 4
2454 4
2455 4
2456 4
2457 4
2458 4
8628 4
8629 4
10645 4
10651 4
10655 4
10656 4
10657 4
10659 4
10660 4
10665 4
10669 4
10688 4
2506 4
10714 4
2524 4
2525 4
2527 4
2532 4
2533 4
2535 4
2538 4
2539 4
10724 4
10730 4
10731 4
10734 4
10737 4
2556 4
2557 4
10752 4
10756 4
2568 4
10768 4
2585 4
2587 4
2588 4
2600 4
10793 4
2603 4
2605 4
2610 4
10801 4
2612 4
2614 4
2615 4
2616 4
2617 4
10803 4
2621 4
10811 4
10819 4
10821 4
10826 4
2641 4
2642 4
2643 4
2649 4
2650 4
2654 4
10841 4
2656 4
2659 4
2661 4
10846 4
10847 4
10851 4
2665 4
10852 4
10865 4
10868 4
10881 4
10882 4
10885 4
2696 4
10887 4
2699 4
2700 4
10888 4
2702 4
10898 4
10899 4
10901 4
10914 4
2723 4
2724 4
10918 4
10923 4
10925 4
10927 4
10928 4
10929 4
10931 4
10936 4
10937 4
10939 4
10940 4
10941 4
10943 4
2762 4
2763 4
10960 4
2772 4
2773 4
2775 4
2777 4
2782 4
2785 4
2787 4
2789 4
2790 4
2791 4
2792 4
2793 4
2794 4
2797 4
2798 4
10994 4
10995 4
10996 4
2811 4
2816 4
2818 4
11016 4
11019 4
11023 4
11029 4
11030 4
11036 4
11039 4
11042 4
2853 4
2855 4
2856 4
2859 4
2862 4
2863 4
2864 4
2867 4
11079 4
11081 4
11082 4
11083 4
11092 4
11094 4
2904 4
2906 4
2907 4
2910 4
2911 4
2915 4
2916 4
2917 4
2918 4
2919 4
11104 4
11107 4
11108 4
11111 4
11112 4
2930 4
2931 4
2932 4
11122 4
11123 4
11125 4
11129 4
11132 4
2948 4
2949 4
2950 4
11144 4
2955 4
11146 4
11147 4
2961 4
2965 4
11153 4
11154 4
11159 4
2980 4
2984 4
11176 4
2991 4
2992 4
11195 4
11196 4
11197 4
11201 4
11204 4
3014 4
3017 4
3020 4
3021 4
3028 4
3030 4
3031 4
3032 4
8743 4
11225 4
11226 4
3039 4
3040 4
8745 4
3043 4
3047 4
11235 4
8748 4
11245 4
11246 4
3066 4
3068 4
3072 4
3073 4
3074 4
3075 4
3079 4
3081 4
3082 4
3085 4
11277 4
11284 4
3098 4
3099 4
11290 4
3102 4
11295 4
3107 4
3108 4
3111 4
3115 4
3116 4
11305 4
3121 4
11307 4
11322 4
11323 4
3140 4
3141 4
3143 4
3144 4
3145 4
3146 4
3147 4
3149 4
3153 4
3154 4
3157 4
3160 4
3161 4
3162 4
3163 4
11349 4
11351 4
11352 4
11360 4
3185 4
11376 4
3191 4
11388 4
11390 4
11391 4
3212 4
11402 4
3218 4
11406 4
11412 4
11413 4
11415 4
11416 4
11806 4
11427 4
11429 4
3241 4
11433 4
3247 4
3248 4
3249 4
11435 4
11437 4
11438 4
11441 4
3260 4
11444 4
3262 4
11456 4
3275 4
3276 4
3277 4
3279 4
3281 4
3282 4
3284 4
11473 4
11477 4
11480 4
11481 4
11482 4
3295 4
11489 4
11490 4
11496 4
11498 4
11499 4
11500 4
11501 4
11511 4
11512 4
11513 4
11516 4
11519 4
11521 4
11522 4
11526 4
11531 4
3347 4
11540 4
3349 4
11541 4
11543 4
11544 4
11545 4
13484 4
11555 4
3364 4
3367 4
3371 4
11559 4
11560 4
11564 4
11570 4
3380 4
3382 4
3383 4
3391 4
11583 4
3394 4
11602 4
3415 4
3416 4
11609 4
11612 4
11615 4
11617 4
3444 4
11633 4
3452 4
11642 4
3458 4
11645 4
11658 4
11659 4
11661 4
11669 4
3480 4
3481 4
3486 4
3487 4
3488 4
11680 4
11682 4
3496 4
11685 4
11687 4
11688 4
11690 4
11691 4
11692 4
11697 4
11698 4
11710 4
3525 4
11718 4
3529 4
3531 4
3540 4
10476 4
3561 4
3563 4
10477 4
11753 4
3570 4
3572 4
3573 4
10479 4
10480 4
11762 4
11764 4
11766 4
11771 4
10482 4
3587 4
3588 4
11779 4
3591 4
10483 4
11785 4
11786 4
10484 4
11788 4
3602 4
3607 4
3608 4
3611 4
3612 4
10487 4
11798 4
3615 4
10488 4
3617 4
3618 4
3621 4
3623 4
3625 4
3626 4
10490 4
3631 4
10491 4
11822 4
11827 4
11828 4
11831 4
11834 4
3644 4
11835 4
11837 4
11861 4
11867 4
11869 4
11872 4
3685 4
3686 4
3687 4
3688 4
3689 4
11885 4
3694 4
11890 4
11891 4
3705 4
3712 4
11902 4
11911 4
11912 4
3727 4
3728 4
3729 4
3732 4
3734 4
11918 4
11922 4
3737 4
3738 4
3739 4
11931 4
11945 4
11951 4
11953 4
11956 4
11958 4
3767 4
3775 4
11971 4
3781 4
11973 4
3810 4
3812 4
3813 4
3814 4
12006 4
3822 4
3823 4
3826 4
12030 4
12036 4
12037 4
3851 4
3852 4
3854 4
3856 4
3857 4
3860 4
3861 4
3862 4
3865 4
12060 4
12063 4
13797 4
3884 4
12078 4
12079 4
12080 4
3891 4
3894 4
3896 4
3897 4
12084 4
12087 4
12088 4
12089 4
12090 4
12091 4
12092 4
12097 4
12098 4
12108 4
3918 4
3925 4
3926 4
12115 4
3929 4
3933 4
3935 4
3937 4
3940 4
3944 4
12143 4
3953 4
3954 4
12146 4
12158 4
3967 4
3971 4
3972 4
3974 4
12161 4
12162 4
12163 4
12174 4
12178 4
3989 4
3994 4
3995 4
12184 4
3999 4
12185 4
4018 4
4019 4
4020 4
4025 4
4026 4
4027 4
4028 4
4030 4
12214 4
4032 4
12216 4
12217 4
4036 4
12225 4
4044 4
4045 4
4046 4
4052 4
12243 4
4055 4
12250 4
4068 4
12270 4
12276 4
12281 4
12282 4
12285 4
12213 4
12295 4
12296 4
12301 4
12307 4
4119 4
4121 4
12310 4
12311 4
4130 4
12219 4
12334 4
12342 4
4155 4
4162 4
4164 4
4165 4
4172 4
4174 4
4175 4
4176 4
4177 4
12366 4
12367 4
12229 4
12376 4
12382 4
12386 4
12393 4
4202 4
4204 4
12394 4
4215 4
4216 4
4217 4
4218 4
12413 4
4224 4
4225 4
12416 4
4230 4
4231 4
12417 4
12418 4
4242 4
12437 4
12438 4
12450 4
12453 4
4262 4
4263 4
12454 4
4268 4
12461 4
12462 4
12467 4
12474 4
12475 4
12476 4
4285 4
4286 4
4305 4
4306 4
12495 4
12496 4
12497 4
4313 4
12506 4
12522 4
4333 4
12528 4
12529 4
12537 4
12538 4
12541 4
4351 4
4352 4
4354 4
4359 4
12546 4
12548 4
4365 4
12559 4
12560 4
12567 4
10640 4
12576 4
10642 4
4394 4
4395 4
4396 4
10643 4
12599 4
12601 4
12605 4
4414 4
4418 4
4419 4
4421 4
4423 4
12613 4
12616 4
4428 4
4434 4
4435 4
4440 4
4442 4
4443 4
4444 4
4451 4
4454 4
4456 4
4457 4
12653 4
4472 4
12668 4
12670 4
12674 4
12675 4
12677 4
12678 4
12680 4
12681 4
4490 4
4491 4
4492 4
4495 4
4499 4
12691 4
4506 4
12694 4
4508 4
12695 4
4515 4
4519 4
4522 4
4525 4
4526 4
4530 4
12725 4
4535 4
4536 4
12730 4
4540 4
4542 4
4544 4
4545 4
4546 4
4547 4
4548 4
4549 4
12735 4
4552 4
12736 4
12740 4
4555 4
12741 4
12781 4
4597 4
4598 4
4599 4
12790 4
12796 4
12798 4
12804 4
12806 4
12807 4
12809 4
12810 4
12811 4
4622 4
4625 4
4626 4
4628 4
12815 4
12819 4
12820 4
12822 4
12823 4
12827 4
12836 4
12837 4
4649 4
4654 4
4660 4
4670 4
4673 4
4675 4
4677 4
4684 4
4685 4
12878 4
12879 4
12883 4
4692 4
12884 4
12888 4
12889 4
12892 4
12893 4
12894 4
12896 4
12897 4
4706 4
4711 4
12903 4
12904 4
12905 4
4715 4
4716 4
12906 4
4720 4
12913 4
4722 4
4723 4
12926 4
4735 4
4736 4
4737 4
4738 4
4741 4
12938 4
12939 4
12943 4
12947 4
12948 4
4758 4
4759 4
12949 4
12958 4
12960 4
12967 4
12978 4
12979 4
12985 4
12987 4
12988 4
12990 4
12991 4
13002 4
13003 4
4823 4
4825 4
4826 4
13017 4
13027 4
4837 4
4840 4
4842 4
4843 4
4844 4
4846 4
4850 4
4851 4
4852 4
4853 4
4854 4
4856 4
13052 4
13053 4
13060 4
4869 4
4870 4
4871 4
4872 4
4873 4
13061 4
13062 4
13064 4
13065 4
13067 4
13072 4
13074 4
13081 4
13083 4
13084 4
13089 4
4900 4
4901 4
4903 4
13098 4
4917 4
13106 4
13107 4
4922 4
13123 4
4932 4
4935 4
4936 4
4939 4
4942 4
4943 4
13135 4
4945 4
13136 4
13137 4
4948 4
4950 4
4951 4
4952 4
13138 4
4956 4
4958 4
4963 4
4964 4
4966 4
4968 4
13154 4
4970 4
4972 4
4974 4
4975 4
4979 4
4980 4
4981 4
4983 4
4986 4
4987 4
13173 4
4989 4
4991 4
4992 4
13176 4
4994 4
4995 4
4999 4
5004 4
5005 4
13200 4
13201 4
5015 4
5016 4
5018 4
13204 4
13208 4
5024 4
13217 4
5028 4
5029 4
13218 4
13222 4
13237 4
13238 4
5053 4
13256 4
5065 4
5068 4
5069 4
5070 4
5071 4
5072 4
13258 4
5076 4
13260 4
13268 4
13278 4
13280 4
13282 4
13285 4
13287 4
13290 4
5099 4
5101 4
5102 4
13294 4
5106 4
13298 4
5111 4
13302 4
13303 4
5116 4
5117 4
5118 4
5119 4
5120 4
5122 4
5124 4
5125 4
5126 4
13315 4
5133 4
5134 4
5136 4
13332 4
5147 4
13338 4
5149 4
5150 4
5152 4
13342 4
13349 4
13350 4
13352 4
5162 4
5163 4
13354 4
13359 4
5169 4
13362 4
13370 4
5179 4
5180 4
5182 4
5185 4
5192 4
5194 4
5195 4
5196 4
5197 4
5198 4
13385 4
13386 4
13388 4
13392 4
5204 4
5205 4
5207 4
5209 4
5210 4
5211 4
5214 4
5215 4
13400 4
13401 4
5219 4
5220 4
5222 4
13411 4
13421 4
13422 4
13424 4
13433 4
13435 4
13449 4
13452 4
13460 4
5273 4
5274 4
5276 4
5278 4
13472 4
5285 4
9192 4
5290 4
13479 4
9193 4
5294 4
13482 4
13483 4
5298 4
5302 4
5308 4
5310 4
5311 4
5312 4
9196 4
13502 4
13503 4
5320 4
5321 4
9198 4
13511 4
5324 4
5325 4
13512 4
13519 4
13520 4
5341 4
5344 4
5345 4
5346 4
5348 4
5350 4
5355 4
13554 4
5367 4
13558 4
13561 4
5373 4
5374 4
5375 4
5377 4
13563 4
5383 4
5388 4
13576 4
13582 4
13587 4
13588 4
10842 4
13589 4
13593 4
13599 4
5414 4
13607 4
5417 4
13610 4
13611 4
13614 4
5424 4
5425 4
5426 4
5430 4
5437 4
5440 4
5442 4
5443 4
5444 4
5445 4
5446 4
5448 4
5449 4
5450 4
5451 4
13637 4
5454 4
13642 4
13654 4
5467 4
5469 4
5470 4
5471 4
13659 4
5473 4
13661 4
13662 4
5484 4
5494 4
5495 4
13690 4
13693 4
13694 4
13707 4
5516 4
5518 4
13710 4
13713 4
5529 4
13727 4
13729 4
5541 4
5552 4
5561 4
5566 4
5574 4
5575 4
5576 4
5577 4
5578 4
5580 4
13770 4
13771 4
5586 4
13772 4
13777 4
5592 4
13787 4
13788 4
13792 4
13793 4
5605 4
5607 4
5609 4
5610 4
5611 4
5616 4
5617 4
5620 4
5622 4
5624 4
13815 4
13820 4
5630 4
5631 4
5632 4
5633 4
13831 4
13840 4
5667 4
13876 4
13878 4
13879 4
13880 4
13881 4
5694 4
13886 4
13899 4
5710 4
5711 4
5712 4
13902 4
5714 4
5717 4
9277 4
13910 4
13919 4
13921 4
13922 4
9281 4
13934 4
13940 4
13946 4
13952 4
13953 4
13954 4
12543 4
13955 4
5766 4
13958 4
13962 4
13963 4
13964 4
13970 4
13971 4
5787 4
5789 4
13980 4
5792 4
5793 4
5797 4
5800 4
13993 4
13995 4
13998 4
5810 4
14009 4
5818 4
5821 4
5823 4
5825 4
5830 4
5835 4
5836 4
5837 4
14028 4
5839 4
5846 4
5848 4
14043 4
5853 4
14054 4
14065 4
5874 4
5878 4
5879 4
5880 4
14073 4
14079 4
14083 4
5893 4
14094 4
14096 4
14097 4
14103 4
14104 4
5924 4
5940 4
5952 4
5953 4
5956 4
5957 4
5962 4
5970 4
5973 4
5974 4
5975 4
5995 4
5997 4
5999 4
6002 4
6032 4
6034 4
6046 4
6047 4
6049 4
6050 4
6067 4
6068 4
10976 4
6074 4
6076 4
6077 4
6091 4
6092 4
6110 4
6115 4
6116 4
6117 4
6118 4
6122 4
6123 4
6125 4
6138 4
6139 4
6140 4
6141 4
6147 4
6148 4
6164 4
6165 4
6166 4
6196 4
6216 4
6236 4
6253 4
6254 4
6255 4
6257 4
6260 4
6262 4
6263 4
6268 4
6269 4
6280 4
6292 4
6293 4
6294 4
6309 4
6315 4
6316 4
6321 4
6329 4
6365 4
6369 4
6373 4
6376 4
6391 4
6411 4
9422 4
6456 4
6457 4
9700 4
6468 4
6472 4
6474 4
6507 4
6510 4
6516 4
6524 4
6528 4
6529 4
6539 4
6543 4
6579 4
6580 4
6582 4
6585 4
6593 4
6605 4
6609 4
6611 4
6614 4
6616 4
6618 4
6621 4
6633 4
6643 4
6645 4
6647 4
6649 4
6657 4
11095 4
6684 4
6687 4
6689 4
6690 4
6691 4
6692 4
11099 4
6699 4
6719 4
6743 4
6757 4
6759 4
6768 4
9490 4
6797 4
6798 4
6809 4
6815 4
6818 4
6819 4
6824 4
6825 4
6826 4
6827 4
6828 4
6836 4
6843 4
6852 4
6855 4
6866 4
6867 4
6868 4
6885 4
6893 4
6894 4
6895 4
6921 4
6932 4
6934 4
6938 4
6939 4
6944 4
6946 4
6947 4
6948 4
6949 4
6953 4
6956 4
6961 4
6962 4
6964 4
6975 4
6978 4
6982 4
6985 4
6986 4
6987 4
6989 4
6991 4
6992 4
6998 4
6999 4
7000 4
7009 4
7010 4
7011 4
7022 4
13630 4
7026 4
7041 4
7045 4
7046 4
7047 4
13631 4
7058 4
7079 4
7080 4
7083 4
7084 4
7085 4
7086 4
7094 4
7097 4
7099 4
7113 4
7133 4
7135 4
7141 4
7146 4
13635 4
7154 4
7157 4
7161 4
7162 4
7166 4
7168 4
7169 4
7173 4
7174 4
7180 4
7183 4
7199 4
7213 4
7214 4
13312 4
7220 4
7223 4
11206 4
11207 4
7240 4
13313 4
7257 4
7259 4
7283 4
7301 4
7302 4
7315 4
7349 4
7350 4
7351 4
7353 4
7358 4
13800 4
7361 4
7365 4
7367 4
7368 4
7370 4
13318 4
7380 4
7381 4
7394 4
7395 4
7430 4
7442 4
7458 4
7467 4
7473 4
7498 4
7499 4
7500 4
7503 4
7504 4
7513 4
11264 4
11265 4
7529 4
7531 4
11266 4
7533 4
7534 4
7535 4
7536 4
11268 4
7542 4
9642 4
7555 4
7566 4
7570 4
7571 4
7572 4
7573 4
7574 4
7576 4
7577 4
7581 4
7593 4
7594 4
7595 4
7596 4
7602 4
7610 4
7625 4
7626 4
7629 4
7630 4
7632 4
9659 4
7646 4
7653 4
7688 4
7700 4
7701 4
7707 4
7716 4
7723 4
7728 4
7741 4
7745 4
7748 4
7751 4
7755 4
7756 4
7757 4
7763 4
7764 4
9683 4
7768 4
7782 4
7786 4
7790 4
7792 4
7793 4
7794 4
7796 4
7798 4
7826 4
7835 4
7838 4
7839 4
7840 4
9699 4
7844 4
7847 4
7848 4
7850 4
7852 4
7855 4
7856 4
7860 4
9703 4
9704 4
7874 4
7875 4
7890 4
7900 4
7902 4
7903 4
7904 4
7905 4
7906 4
7907 4
7908 4
7916 4
7918 4
7919 4
7920 4
7921 4
7923 4
7924 4
7927 4
7928 4
7930 4
7931 4
11345 4
7936 4
7937 4
7938 4
7939 4
7943 4
7947 4
7951 4
7964 4
7965 4
7968 4
7971 4
7973 4
7998 4
8001 4
8002 4
8004 4
8036 4
8076 4
8078 4
8083 4
8086 4
8099 4
8102 4
8103 4
8104 4
8106 4
8123 4
8124 4
8126 4
8127 4
8132 4
8138 4
8139 4
8140 4
8141 4
8142 4
8143 4
8173 4
8185 4
8186 4
8187 4
8192 5
8201 5
18 5
8218 5
38 5
12050 5
46 5
48 5
49 5
8242 5
8243 5
52 5
8244 5
8245 5
8246 5
8247 5
8248 5
73 5
85 5
8280 5
91 5
8283 5
93 5
8284 5
8285 5
98 5
8288 5
8290 5
8291 5
8320 5
8322 5
8323 5
8325 5
8328 5
8329 5
8330 5
143 5
8331 5
145 5
146 5
147 5
148 5
8332 5
150 5
151 5
152 5
153 5
154 5
8338 5
157 5
8346 5
8348 5
8349 5
8350 5
167 5
173 5
175 5
177 5
178 5
179 5
188 5
189 5
190 5
8374 5
8375 5
193 5
195 5
197 5
8384 5
202 5
203 5
204 5
8388 5
206 5
207 5
209 5
210 5
212 5
214 5
215 5
9812 5
219 5
9813 5
222 5
8413 5
224 5
227 5
11443 5
231 5
232 5
234 5
8434 5
247 5
249 5
254 5
256 5
257 5
8442 5
261 5
263 5
8450 5
8451 5
8452 5
8459 5
279 5
8472 5
8480 5
8481 5
296 5
297 5
298 5
299 5
308 5
318 5
319 5
320 5
325 5
8517 5
330 5
333 5
334 5
341 5
343 5
8530 5
8537 5
8539 5
8543 5
8548 5
8550 5
367 5
8565 5
8566 5
382 5
383 5
384 5
387 5
390 5
8582 5
392 5
8586 5
8588 5
8589 5
400 5
401 5
402 5
403 5
404 5
405 5
406 5
407 5
408 5
410 5
414 5
8609 5
418 5
421 5
8618 5
8619 5
9855 5
441 5
442 5
445 5
8639 5
8650 5
459 5
8665 5
8686 5
8687 5
8688 5
8692 5
8694 5
8695 5
8697 5
8701 5
8703 5
512 5
513 5
524 5
8716 5
8717 5
8718 5
8719 5
536 5
537 5
8734 5
9877 5
8736 5
8737 5
547 5
550 5
551 5
552 5
559 5
561 5
562 5
564 5
565 5
567 5
569 5
571 5
572 5
8759 5
8760 5
8764 5
8768 5
8770 5
8772 5
8773 5
8774 5
8789 5
8801 5
8818 5
8820 5
8824 5
633 5
634 5
638 5
639 5
651 5
652 5
666 5
667 5
668 5
670 5
8864 5
8865 5
8868 5
678 5
8877 5
693 5
694 5
8912 5
8913 5
722 5
723 5
724 5
8915 5
8917 5
8918 5
730 5
731 5
734 5
735 5
736 5
8933 5
8934 5
8936 5
8941 5
8945 5
8947 5
13175 5
8950 5
773 5
774 5
775 5
776 5
8969 5
8970 5
785 5
788 5
8980 5
8981 5
8994 5
8995 5
8996 5
8997 5
8999 5
9001 5
9801 5
814 5
9006 5
816 5
9009 5
820 5
825 5
827 5
829 5
9017 5
833 5
9802 5
9044 5
9045 5
9046 5
9047 5
9048 5
867 5
9062 5
9075 5
9077 5
9083 5
9096 5
9097 5
9111 5
9113 5
929 5
932 5
11434 5
937 5
9140 5
9141 5
9142 5
956 5
961 5
9154 5
964 5
966 5
968 5
9172 5
9178 5
9179 5
989 5
990 5
9182 5
9183 5
9186 5
8339 5
1000 5
1001 5
1002 5
9190 5
9191 5
1005 5
1006 5
1007 5
1008 5
1015 5
1018 5
1021 5
1022 5
1024 5
1025 5
8352 5
9254 5
9262 5
1081 5
1086 5
1088 5
1089 5
1092 5
1093 5
1094 5
1095 5
1096 5
1097 5
1098 5
1101 5
1105 5
1106 5
1108 5
1114 5
1115 5
1123 5
1124 5
1125 5
8364 5
1127 5
1129 5
1133 5
1134 5
1135 5
9325 5
9337 5
9342 5
1152 5
1154 5
1158 5
9351 5
9353 5
8372 5
9355 5
13257 5
11630 5
9365 5
13259 5
11631 5
1189 5
11634 5
1195 5
9387 5
9389 5
9390 5
9391 5
9394 5
1209 5
1227 5
1228 5
1232 5
1233 5
1234 5
1236 5
1253 5
1254 5
1256 5
9444 5
9445 5
9468 5
9469 5
1279 5
9471 5
9477 5
9479 5
9481 5
9486 5
9487 5
1298 5
1299 5
11449 5
9505 5
9512 5
1322 5
1327 5
9520 5
9522 5
11450 5
1333 5
1338 5
1339 5
1340 5
9535 5
1346 5
1351 5
1352 5
1353 5
1354 5
1355 5
1356 5
1359 5
1370 5
1374 5
1375 5
1380 5
1381 5
1382 5
1383 5
1384 5
9569 5
1386 5
1387 5
1388 5
9576 5
1391 5
1392 5
1397 5
9582 5
1404 5
1410 5
13307 5
13308 5
1424 5
9615 5
1426 5
13309 5
1429 5
1432 5
1433 5
1434 5
9628 5
9632 5
1441 5
9633 5
1445 5
1449 5
9638 5
1451 5
9639 5
1456 5
1462 5
1463 5
9649 5
1466 5
1467 5
1471 5
1472 5
1474 5
1480 5
1486 5
1487 5
1491 5
9682 5
1495 5
1497 5
1500 5
1502 5
1503 5
1504 5
1508 5
1509 5
1511 5
1517 5
1518 5
8443 5
1522 5
8444 5
9709 5
9722 5
1534 5
1535 5
1536 5
1545 5
9736 5
9738 5
9741 5
9742 5
9744 5
9750 5
9752 5
9753 5
1565 5
9772 5
9773 5
1593 5
1595 5
1596 5
9781 5
9795 5
9796 5
9797 5
9798 5
1610 5
1613 5
1614 5
1617 5
1618 5
1621 5
1622 5
1626 5
9810 5
9811 5
1629 5
1631 5
1632 5
1633 5
1634 5
1635 5
1636 5
9824 5
1640 5
9827 5
9830 5
9838 5
1662 5
1664 5
1666 5
1667 5
9852 5
1675 5
1677 5
1678 5
9871 5
1682 5
1683 5
1684 5
1685 5
1688 5
1689 5
1691 5
1693 5
1694 5
1696 5
1697 5
1698 5
9890 5
9892 5
9897 5
1711 5
9905 5
9906 5
1720 5
1723 5
1727 5
12117 5
1730 5
9922 5
9926 5
9928 5
9933 5
11792 5
1752 5
13374 5
1761 5
13378 5
12119 5
9979 5
9981 5
9983 5
9985 5
12120 5
10003 5
1813 5
1815 5
1816 5
10008 5
10022 5
10027 5
1840 5
10036 5
10037 5
1860 5
10061 5
10063 5
13398 5
10074 5
1883 5
1885 5
1887 5
1889 5
10081 5
10086 5
10094 5
1903 5
1908 5
1913 5
10111 5
10115 5
1930 5
1931 5
10124 5
1933 5
1935 5
1937 5
10126 5
10130 5
1942 5
10133 5
10134 5
10135 5
10138 5
1947 5
10146 5
10147 5
1962 5
1964 5
10154 5
1966 5
10155 5
10157 5
10158 5
1972 5
1973 5
1974 5
1975 5
1976 5
1978 5
1979 5
1980 5
1989 5
10183 5
10186 5
1998 5
10192 5
10168 5
2007 5
10202 5
10203 5
10205 5
10207 5
11799 5
10171 5
10215 5
10216 5
10172 5
10219 5
2029 5
2031 5
10237 5
10238 5
2057 5
2058 5
2059 5
2060 5
2061 5
2063 5
10257 5
11807 5
2067 5
2068 5
2069 5
2070 5
10270 5
10271 5
2094 5
10291 5
10293 5
10298 5
10299 5
11815 5
10305 5
10306 5
2115 5
10307 5
10308 5
10310 5
10311 5
2122 5
10313 5
10316 5
2135 5
2137 5
10332 5
2146 5
10342 5
10344 5
10345 5
10346 5
10348 5
2161 5
2162 5
10352 5
10354 5
10356 5
2169 5
2171 5
2183 5
10384 5
10385 5
9856 5
2201 5
2208 5
2209 5
2212 5
2214 5
2215 5
2217 5
2220 5
10411 5
10429 5
10431 5
2240 5
2241 5
10432 5
2246 5
10438 5
2257 5
2265 5
2266 5
2269 5
2271 5
10463 5
10464 5
10467 5
2282 5
2283 5
2285 5
2287 5
2288 5
2289 5
2291 5
2292 5
2293 5
2294 5
2299 5
2301 5
2302 5
10486 5
2306 5
2307 5
2308 5
10495 5
10496 5
10505 5
10506 5
13486 5
10523 5
2343 5
2345 5
8611 5
10555 5
2367 5
10558 5
10562 5
10563 5
13496 5
2377 5
2378 5
2379 5
2380 5
2386 5
2387 5
2389 5
2391 5
2392 5
2393 5
10584 5
10586 5
10595 5
2426 5
2428 5
2429 5
2430 5
2431 5
10622 5
2434 5
2435 5
2436 5
2438 5
2440 5
2441 5
10627 5
2446 5
2448 5
2449 5
2451 5
2452 5
10646 5
10647 5
2465 5
10652 5
10654 5
10663 5
10667 5
10668 5
10682 5
10683 5
2499 5
10709 5
10712 5
10713 5
10715 5
2526 5
10719 5
2530 5
2531 5
10723 5
2536 5
2537 5
10725 5
10732 5
10733 5
10743 5
2554 5
2559 5
2562 5
10755 5
2566 5
2567 5
2569 5
10758 5
10769 5
10770 5
10771 5
10772 5
10773 5
2583 5
2584 5
2586 5
2589 5
2590 5
2596 5
2597 5
2602 5
2604 5
2606 5
2609 5
2613 5
10802 5
2620 5
10808 5
2623 5
2625 5
10818 5
10825 5
10840 5
2651 5
2652 5
2653 5
2657 5
2658 5
2660 5
10853 5
10854 5
10864 5
10866 5
10867 5
10869 5
2690 5
10883 5
10886 5
2695 5
2697 5
10895 5
10896 5
10900 5
10902 5
10903 5
2715 5
10926 5
10930 5
10938 5
2758 5
2759 5
2760 5
2761 5
10951 5
2774 5
2776 5
10966 5
2781 5
2783 5
2784 5
2786 5
2788 5
2795 5
10997 5
2809 5
2810 5
2812 5
2813 5
2814 5
2815 5
11013 5
11015 5
11026 5
11027 5
11028 5
11032 5
11033 5
11034 5
11035 5
11037 5
11038 5
11040 5
11041 5
2851 5
2852 5
2854 5
2857 5
2858 5
2860 5
2861 5
2865 5
2866 5
2868 5
2869 5
11073 5
11076 5
11077 5
11093 5
2903 5
2905 5
2908 5
2909 5
2912 5
2913 5
2914 5
11103 5
11106 5
11116 5
11117 5
11118 5
2933 5
2934 5
2935 5
11124 5
11131 5
2951 5
2952 5
2953 5
2957 5
11148 5
11149 5
2962 5
2963 5
2964 5
11150 5
11156 5
11157 5
11158 5
11178 5
11191 5
3007 5
11200 5
11202 5
11203 5
3015 5
3016 5
3018 5
3019 5
3022 5
3023 5
3024 5
3025 5
3026 5
3027 5
3029 5
8742 5
3037 5
13629 5
3042 5
3044 5
8746 5
11233 5
8747 5
11236 5
3051 5
11237 5
11238 5
11241 5
11242 5
11244 5
13634 5
3065 5
3067 5
3069 5
3070 5
3071 5
3076 5
3077 5
3078 5
3080 5
3083 5
3084 5
11279 5
11285 5
11289 5
3100 5
3103 5
3104 5
3109 5
3110 5
3112 5
3113 5
3114 5
3117 5
3118 5
3120 5
11306 5
11312 5
11315 5
11316 5
3138 5
3139 5
3142 5
3148 5
3150 5
3151 5
3152 5
11340 5
11341 5
3158 5
3159 5
11359 5
3175 5
11374 5
3184 5
3186 5
3187 5
3190 5
3192 5
3193 5
3194 5
11389 5
3201 5
3202 5
3203 5
11394 5
11395 5
3209 5
3210 5
3211 5
3213 5
3214 5
11403 5
11404 5
11405 5
11411 5
11428 5
3242 5
3243 5
3245 5
3246 5
3250 5
3251 5
11436 5
11439 5
11440 5
11442 5
3263 5
11447 5
3265 5
3266 5
3267 5
3268 5
3269 5
3271 5
3272 5
3273 5
3274 5
3278 5
3280 5
3283 5
3285 5
3286 5
3287 5
11478 5
12051 5
11487 5
11491 5
11494 5
11497 5
11506 5
11507 5
3333 5
3336 5
11528 5
11529 5
3339 5
11530 5
11532 5
11533 5
11534 5
11538 5
11546 5
11547 5
3358 5
3359 5
3365 5
3366 5
3368 5
3369 5
3370 5
11556 5
11558 5
11561 5
11562 5
3384 5
11588 5
3405 5
11603 5
3413 5
11605 5
3417 5
3419 5
3420 5
3421 5
3422 5
11610 5
11618 5
11622 5
11623 5
11624 5
11625 5
3434 5
3435 5
3436 5
3437 5
3438 5
3439 5
3440 5
11626 5
3442 5
3443 5
3445 5
11629 5
3447 5
3448 5
3449 5
3451 5
3453 5
3454 5
3455 5
11640 5
11660 5
11666 5
11667 5
11670 5
3482 5
3483 5
11672 5
11673 5
11684 5
3493 5
3494 5
3495 5
11686 5
11689 5
11696 5
11709 5
3524 5
11717 5
11740 5
11741 5
11742 5
3559 5
3560 5
3562 5
11752 5
10478 5
3569 5
3571 5
3574 5
3576 5
11765 5
10481 5
11772 5
11773 5
11778 5
11787 5
3598 5
3599 5
11789 5
3601 5
10485 5
3604 5
11790 5
3606 5
3609 5
3610 5
3619 5
3620 5
10489 5
3624 5
3627 5
3628 5
3629 5
11817 5
11820 5
11821 5
11823 5
11825 5
11826 5
3646 5
11836 5
11842 5
11843 5
11854 5
11858 5
11870 5
11871 5
11881 5
11882 5
11884 5
11887 5
11888 5
3697 5
3698 5
3699 5
11893 5
11896 5
11897 5
3707 5
3708 5
3709 5
3710 5
3711 5
11906 5
3725 5
3726 5
3730 5
3731 5
3733 5
3740 5
11932 5
3761 5
11954 5
3778 5
3779 5
11972 5
11976 5
11981 5
11983 5
3797 5
3798 5
3809 5
3811 5
3815 5
12002 5
12004 5
12005 5
12009 5
12012 5
3824 5
3825 5
12018 5
12034 5
12038 5
12039 5
3849 5
3850 5
3853 5
3855 5
3858 5
3859 5
3863 5
3864 5
3866 5
3867 5
3868 5
12052 5
13796 5
12077 5
12082 5
3892 5
12083 5
3895 5
12085 5
12100 5
12110 5
12113 5
12114 5
3923 5
3924 5
3928 5
3930 5
3931 5
3932 5
3934 5
3936 5
3938 5
3939 5
3941 5
3942 5
3943 5
12142 5
3956 5
3957 5
3958 5
3959 5
3960 5
12147 5
12153 5
12157 5
3968 5
12159 5
12160 5
3973 5
12164 5
3986 5
3990 5
3991 5
12182 5
3993 5
3997 5
3998 5
12186 5
12187 5
12188 5
4005 5
12197 5
12198 5
12199 5
12200 5
12204 5
4017 5
4021 5
4022 5
4023 5
4024 5
4029 5
12218 5
12224 5
4039 5
12226 5
4041 5
4042 5
4043 5
4047 5
12240 5
4051 5
4056 5
12247 5
4067 5
12269 5
12273 5
12209 5
12275 5
4096 5
12302 5
12303 5
12304 5
12215 5
12306 5
12308 5
4117 5
4118 5
12309 5
12317 5
4133 5
12341 5
12348 5
12349 5
4161 5
4163 5
4166 5
12353 5
4173 5
4178 5
12364 5
12365 5
12373 5
12230 5
12383 5
12388 5
4203 5
12403 5
4219 5
12408 5
12411 5
12414 5
4226 5
4227 5
4228 5
4234 5
12429 5
12431 5
4247 5
4264 5
4265 5
4266 5
12463 5
12468 5
4277 5
12491 5
12493 5
12494 5
4303 5
4304 5
12499 5
4312 5
12513 5
12521 5
4335 5
12536 5
4353 5
4355 5
4356 5
4357 5
4358 5
4360 5
12547 5
12549 5
12561 5
4371 5
12566 5
10641 5
4388 5
12582 5
4391 5
12583 5
4397 5
12584 5
12589 5
12590 5
12591 5
12600 5
12602 5
4417 5
12612 5
4422 5
4425 5
4427 5
4429 5
4430 5
4431 5
4432 5
4433 5
4441 5
4445 5
4446 5
4447 5
4448 5
4449 5
4450 5
4452 5
12646 5
12647 5
12651 5
12652 5
12654 5
12663 5
12669 5
12679 5
4493 5
4494 5
4496 5
4497 5
4498 5
4500 5
4501 5
12688 5
12692 5
12693 5
12701 5
4512 5
4516 5
12708 5
12709 5
4523 5
4528 5
12726 5
4537 5
12729 5
4541 5
4543 5
4550 5
4557 5
12746 5
12756 5
4565 5
12758 5
12759 5
12760 5
12778 5
12779 5
12782 5
12793 5
4604 5
12797 5
12799 5
12805 5
12812 5
12813 5
4623 5
4624 5
4627 5
12814 5
12816 5
12817 5
12818 5
12821 5
4653 5
4655 5
12846 5
4657 5
4658 5
12847 5
12849 5
4668 5
4674 5
12866 5
12870 5
4680 5
4682 5
4693 5
12895 5
12898 5
4710 5
4719 5
4739 5
4740 5
4742 5
12929 5
12936 5
12937 5
4746 5
4748 5
12940 5
12946 5
4757 5
4760 5
4761 5
12952 5
12957 5
4766 5
12959 5
12968 5
12972 5
13000 5
13004 5
4817 5
13013 5
13014 5
4824 5
4829 5
4830 5
4839 5
4841 5
4845 5
13038 5
13039 5
4855 5
4857 5
4858 5
4859 5
13051 5
13054 5
4874 5
13073 5
13075 5
13080 5
13082 5
13088 5
13090 5
4902 5
13093 5
13094 5
4911 5
4912 5
4913 5
4914 5
4915 5
4916 5
13105 5
13110 5
4923 5
4924 5
4927 5
4930 5
4934 5
4941 5
4949 5
4954 5
13149 5
4959 5
4960 5
4962 5
4965 5
4967 5
4971 5
13156 5
4976 5
13162 5
13163 5
4982 5
13168 5
4985 5
13174 5
4996 5
4997 5
5000 5
5001 5
5002 5
13192 5
5006 5
5007 5
13198 5
5010 5
5011 5
5013 5
5014 5
5017 5
13216 5
5026 5
13221 5
13223 5
13224 5
13225 5
13226 5
13227 5
13228 5
13247 5
5058 5
5059 5
13251 5
13254 5
5066 5
5067 5
5073 5
5074 5
13261 5
13274 5
13279 5
5100 5
13295 5
13296 5
5107 5
5108 5
13299 5
5112 5
13300 5
5121 5
5123 5
5127 5
13311 5
5129 5
5130 5
5132 5
5135 5
13327 5
5138 5
5140 5
5143 5
5145 5
5146 5
5151 5
5153 5
5154 5
5155 5
13355 5
13358 5
13366 5
5181 5
5183 5
5184 5
13371 5
5187 5
5188 5
5189 5
5190 5
5191 5
13376 5
5206 5
5208 5
5212 5
5213 5
13399 5
5221 5
13406 5
13407 5
13408 5
13420 5
13426 5
13427 5
13447 5
13448 5
13451 5
13453 5
13454 5
5266 5
5275 5
13466 5
13467 5
5280 5
13473 5
13474 5
13475 5
13476 5
13477 5
5289 5
13478 5
13480 5
5299 5
5300 5
9194 5
9195 5
13488 5
13492 5
13495 5
5307 5
5309 5
13505 5
5317 5
5318 5
5319 5
13513 5
13514 5
13522 5
13524 5
13528 5
13529 5
5339 5
5340 5
5342 5
5343 5
5347 5
5349 5
13535 5
13545 5
13547 5
13548 5
13549 5
13550 5
5360 5
13552 5
13553 5
5366 5
5368 5
13559 5
5372 5
5376 5
13567 5
5384 5
5385 5
5386 5
5387 5
13585 5
13590 5
13597 5
13600 5
13608 5
13624 5
5433 5
5434 5
5435 5
5436 5
5438 5
5439 5
5441 5
5447 5
5452 5
5456 5
5457 5
5458 5
5459 5
13644 5
13647 5
13651 5
5466 5
5468 5
13660 5
13672 5
13674 5
13675 5
13676 5
5491 5
5493 5
5496 5
13691 5
13692 5
13696 5
13701 5
5517 5
5519 5
13712 5
13722 5
13723 5
13725 5
13726 5
5539 5
13741 5
5551 5
5553 5
5554 5
13750 5
5560 5
5562 5
13757 5
13762 5
13763 5
5579 5
5581 5
13767 5
13769 5
5587 5
13778 5
13779 5
5593 5
13783 5
13786 5
5604 5
5606 5
5608 5
5612 5
5613 5
5614 5
5615 5
5618 5
5619 5
13809 5
5623 5
5625 5
5627 5
13824 5
13835 5
13836 5
13839 5
13844 5
13846 5
5668 5
13863 5
13882 5
13892 5
13894 5
13900 5
5709 5
5715 5
5716 5
13904 5
9278 5
13908 5
13914 5
13916 5
13923 5
13930 5
13937 5
13941 5
13944 5
13947 5
13950 5
13951 5
13957 5
13969 5
5778 5
5779 5
13972 5
5786 5
5788 5
13982 5
13985 5
5795 5
5796 5
5798 5
5799 5
5801 5
5802 5
5809 5
5811 5
5819 5
5820 5
5822 5
14011 5
5826 5
5827 5
5828 5
5829 5
14017 5
14018 5
14022 5
14023 5
14029 5
14034 5
14036 5
5845 5
5847 5
14037 5
5852 5
14045 5
5860 5
14053 5
14055 5
14056 5
14063 5
5883 5
5884 5
5891 5
5894 5
5895 5
5896 5
5897 5
14087 5
5899 5
5900 5
5901 5
14095 5
14100 5
14102 5
14110 5
5930 5
5941 5
5954 5
5955 5
5958 5
5964 5
5965 5
5966 5
5967 5
5968 5
5969 5
5971 5
5972 5
5976 5
5996 5
5998 5
6000 5
6001 5
6003 5
6030 5
6031 5
6033 5
6035 5
6036 5
6037 5
6038 5
10975 5
6075 5
6078 5
10978 5
6086 5
6087 5
6088 5
6089 5
6090 5
6093 5
6094 5
6109 5
6111 5
6112 5
6119 5
6120 5
6121 5
6124 5
6126 5
6136 5
6142 5
12618 5
6187 5
6192 5
6193 5
6194 5
6195 5
12635 5
6229 5
6230 5
6234 5
6235 5
6251 5
6256 5
6258 5
6259 5
6261 5
6264 5
6265 5
6266 5
6267 5
6274 5
6277 5
6281 5
6298 5
6299 5
6300 5
6301 5
6306 5
6307 5
6308 5
6314 5
6319 5
6335 5
6355 5
6377 5
6392 5
6412 5
6413 5
11044 5
9416 5
9417 5
11046 5
9418 5
9419 5
6454 5
6455 5
12682 5
6466 5
6467 5
6469 5
6470 5
6471 5
6511 5
6517 5
6523 5
6525 5
6526 5
6527 5
6540 5
6541 5
6542 5
6546 5
6550 5
6552 5
6553 5
6554 5
6566 5
6578 5
6581 5
6583 5
6584 5
6603 5
6604 5
6607 5
6608 5
6610 5
6612 5
6613 5
6617 5
6619 5
6620 5
6622 5
6623 5
6624 5
6642 5
6644 5
6646 5
6648 5
6650 5
6652 5
6653 5
6656 5
6676 5
6677 5
6678 5
6685 5
6686 5
6688 5
11100 5
6696 5
6700 5
6720 5
6721 5
6744 5
6745 5
6758 5
6767 5
6781 5
6783 5
6784 5
6799 5
6814 5
6816 5
6817 5
6829 5
6834 5
6835 5
6869 5
6886 5
6892 5
13625 5
13626 5
6928 5
6933 5
6936 5
6940 5
6941 5
6943 5
6945 5
6950 5
6952 5
6954 5
6957 5
6958 5
6959 5
6960 5
6963 5
6980 5
6988 5
6990 5
6994 5
7021 5
7023 5
7074 5
7081 5
7082 5
7090 5
7091 5
7092 5
7093 5
7107 5
7114 5
7115 5
7116 5
7120 5
7122 5
7136 5
7137 5
7138 5
7145 5
7153 5
7156 5
7167 5
7172 5
7182 5
7194 5
7217 5
7218 5
7233 5
7234 5
7235 5
7236 5
7237 5
7239 5
11208 5
7256 5
7258 5
7300 5
7313 5
7314 5
7316 5
7325 5
10804 5
7327 5
7330 5
7347 5
7348 5
7352 5
7354 5
7359 5
7363 5
7364 5
7366 5
7369 5
7371 5
7379 5
7382 5
7396 5
7398 5
7402 5
7431 5
7443 5
7460 5
7465 5
7468 5
7469 5
7472 5
7489 5
7496 5
7497 5
7502 5
7527 5
7537 5
9641 5
9643 5
7562 5
7569 5
7575 5
7578 5
7580 5
7582 5
7590 5
7591 5
7597 5
7598 5
7599 5
9651 5
7603 5
7604 5
7605 5
7608 5
7616 5
7617 5
7618 5
7627 5
7628 5
9658 5
7645 5
7659 5
7662 5
7663 5
7664 5
7670 5
7671 5
7689 5
7690 5
7691 5
7699 5
7702 5
7724 5
7725 5
7726 5
7727 5
7729 5
7730 5
7735 5
7739 5
7740 5
7746 5
7749 5
7750 5
7752 5
7753 5
7754 5
7758 5
7759 5
7760 5
7761 5
7762 5
7765 5
7766 5
9684 5
9685 5
7779 5
7783 5
7785 5
7787 5
7788 5
7797 5
7799 5
7802 5
7803 5
7809 5
7811 5
7821 5
7822 5
7832 5
7833 5
7834 5
7837 5
7845 5
7846 5
7849 5
7851 5
7853 5
7857 5
7859 5
7882 5
7883 5
9708 5
7909 5
7914 5
7915 5
7922 5
11343 5
7926 5
7929 5
7932 5
7933 5
11346 5
7940 5
7941 5
7942 5
7948 5
7949 5
7950 5
7963 5
7966 5
7967 5
7969 5
7970 5
7972 5
7977 5
9728 5
7986 5
7987 5
7999 5
8000 5
8003 5
8012 5
8014 5
8025 5
8077 5
8080 5
8087 5
8088 5
8089 5
8090 5
8097 5
8098 5
8101 5
8105 5
8120 5
8121 5
8122 5
8125 5
8133 5
8134 5
8136 5
8137 5
8144 5
8172 5
8174 5
8184 5
8191 5
