0 1 12
0 2 41
0 3 24
0 4 20
0 5 54
0 6 19
0 7 2
0 8 8
0 9 13
0 10 46
0 11 58
0 12 14
0 13 45
0 14 30
0 15 7
0 16 55
0 17 37
0 18 25
0 19 47
0 20 10
0 21 40
0 22 17
0 23 36
0 24 9
0 25 4
0 26 23
0 27 16
0 28 33
0 29 57
0 30 21
0 31 32
0 32 42
0 33 15
0 34 26
0 35 3
0 36 6
0 37 27
0 38 29
0 39 38
0 40 34
0 41 43
0 42 11
0 43 39
0 44 56
0 45 22
0 46 51
0 47 5
0 48 1
0 49 53
0 50 50
0 51 52
0 52 49
0 53 35
0 54 59
0 55 18
0 56 31
0 57 44
0 58 28
0 59 48
1 1 13
1 2 47
1 3 54
1 4 38
1 5 56
1 6 12
1 7 53
1 8 25
1 9 18
1 10 7
1 11 45
1 12 34
1 13 31
1 14 4
1 15 24
1 16 22
1 17 6
1 18 48
1 19 35
1 20 37
1 21 41
1 22 29
1 23 36
1 24 2
1 25 40
1 26 50
1 27 55
1 28 21
1 29 17
1 30 16
1 31 23
1 32 19
1 33 5
1 34 8
1 35 11
1 36 49
1 37 43
1 38 30
1 39 28
1 40 58
1 41 39
1 42 32
1 43 26
1 44 44
1 45 42
1 46 57
1 47 0
1 48 14
1 49 46
1 50 10
1 51 59
1 52 9
1 53 3
1 54 15
1 55 33
1 56 20
1 57 52
1 58 27
1 59 51
2 1 29
2 2 44
2 3 27
2 4 23
2 5 16
2 6 8
2 7 0
2 8 30
2 9 6
2 10 47
2 11 13
2 12 25
2 13 19
2 14 21
2 15 9
2 16 43
2 17 55
2 18 42
2 19 26
2 20 33
2 21 1
2 22 50
2 23 56
2 24 18
2 25 58
2 26 4
2 27 10
2 28 37
2 29 35
2 30 3
2 31 53
2 32 36
2 33 17
2 34 54
2 35 5
2 36 11
2 37 34
2 38 31
2 39 38
2 40 15
2 41 49
2 42 7
2 43 48
2 44 22
2 45 39
2 46 32
2 47 46
2 48 24
2 49 20
2 50 59
2 51 28
2 52 12
2 53 14
2 54 40
2 55 45
2 56 41
2 57 57
2 58 52
2 59 51
3 1 22
3 2 16
3 3 11
3 4 29
3 5 42
3 6 36
3 7 14
3 8 9
3 9 31
3 10 2
3 11 19
3 12 50
3 13 17
3 14 38
3 15 51
3 16 56
3 17 21
3 18 58
3 19 43
3 20 18
3 21 49
3 22 44
3 23 41
3 24 1
3 25 47
3 26 35
3 27 57
3 28 45
3 29 48
3 30 15
3 31 24
3 32 55
3 33 12
3 34 0
3 35 20
3 36 13
3 37 34
3 38 23
3 39 8
3 40 54
3 41 53
3 42 6
3 43 52
3 44 37
3 45 46
3 46 4
3 47 25
3 48 32
3 49 27
3 50 59
3 51 28
3 52 39
3 53 40
3 54 7
3 55 30
3 56 26
3 57 10
3 58 33
3 59 5
4 1 35
4 2 9
4 3 45
4 4 34
4 5 38
4 6 2
4 7 3
4 8 43
4 9 26
4 10 13
4 11 31
4 12 6
4 13 57
4 14 44
4 15 0
4 16 20
4 17 18
4 18 32
4 19 19
4 20 10
4 21 40
4 22 12
4 23 16
4 24 58
4 25 21
4 26 5
4 27 25
4 28 37
4 29 24
4 30 54
4 31 7
4 32 15
4 33 27
4 34 55
4 35 11
4 36 23
4 37 22
4 38 33
4 39 41
4 40 47
4 41 52
4 42 28
4 43 8
4 44 48
4 45 53
4 46 29
4 47 36
4 48 30
4 49 51
4 50 49
4 51 42
4 52 50
4 53 56
4 54 59
4 55 39
4 56 1
4 57 17
4 58 46
4 59 14
5 1 47
5 2 42
5 3 50
5 4 19
5 5 0
5 6 27
5 7 12
5 8 31
5 9 52
5 10 28
5 11 14
5 12 58
5 13 29
5 14 13
5 15 30
5 16 56
5 17 32
5 18 17
5 19 38
5 20 39
5 21 36
5 22 45
5 23 2
5 24 3
5 25 10
5 26 53
5 27 33
5 28 8
5 29 37
5 30 20
5 31 4
5 32 57
5 33 23
5 34 43
5 35 26
5 36 1
5 37 22
5 38 15
5 39 51
5 40 34
5 41 25
5 42 46
5 43 11
5 44 55
5 45 16
5 46 7
5 47 18
5 48 6
5 49 9
5 50 24
5 51 54
5 52 59
5 53 41
5 54 35
5 55 44
5 56 49
5 57 40
5 58 21
5 59 48
6 1 41
6 2 57
6 3 40
6 4 45
6 5 3
6 6 23
6 7 43
6 8 47
6 9 27
6 10 15
6 11 11
6 12 35
6 13 46
6 14 51
6 15 22
6 16 55
6 17 33
6 18 37
6 19 10
6 20 50
6 21 8
6 22 53
6 23 39
6 24 24
6 25 32
6 26 58
6 27 54
6 28 48
6 29 2
6 30 12
6 31 21
6 32 18
6 33 56
6 34 34
6 35 30
6 36 4
6 37 26
6 38 9
6 39 16
6 40 17
6 41 38
6 42 7
6 43 14
6 44 42
6 45 0
6 46 13
6 47 28
6 48 36
6 49 31
6 50 49
6 51 5
6 52 20
6 53 52
6 54 1
6 55 25
6 56 59
6 57 19
6 58 29
6 59 44
7 1 51
7 2 23
7 3 20
7 4 47
7 5 58
7 6 8
7 7 39
7 8 57
7 9 17
7 10 6
7 11 12
7 12 18
7 13 46
7 14 53
7 15 41
7 16 45
7 17 48
7 18 55
7 19 34
7 20 32
7 21 36
7 22 22
7 23 16
7 24 11
7 25 33
7 26 35
7 27 50
7 28 29
7 29 54
7 30 24
7 31 52
7 32 44
7 33 59
7 34 56
7 35 19
7 36 13
7 37 42
7 38 9
7 39 27
7 40 38
7 41 25
7 42 21
7 43 4
7 44 15
7 45 43
7 46 37
7 47 28
7 48 1
7 49 5
7 50 2
7 51 40
7 52 26
7 53 31
7 54 30
7 55 0
7 56 14
7 57 10
7 58 3
7 59 49
8 1 19
8 2 43
8 3 56
8 4 30
8 5 48
8 6 37
8 7 12
8 8 59
8 9 20
8 10 26
8 11 33
8 12 24
8 13 42
8 14 32
8 15 13
8 16 22
8 17 0
8 18 29
8 19 6
8 20 46
8 21 11
8 22 55
8 23 1
8 24 34
8 25 2
8 26 45
8 27 54
8 28 18
8 29 14
8 30 36
8 31 44
8 32 49
8 33 50
8 34 28
8 35 41
8 36 27
8 37 16
8 38 3
8 39 5
8 40 7
8 41 52
8 42 47
8 43 10
8 44 4
8 45 21
8 46 57
8 47 35
8 48 9
8 49 17
8 50 58
8 51 15
8 52 25
8 53 53
8 54 40
8 55 39
8 56 51
8 57 31
8 58 38
8 59 23
9 1 5
9 2 20
9 3 27
9 4 58
9 5 44
9 6 29
9 7 21
9 8 3
9 9 46
9 10 47
9 11 14
9 12 2
9 13 26
9 14 41
9 15 1
9 16 54
9 17 24
9 18 30
9 19 11
9 20 48
9 21 17
9 22 57
9 23 39
9 24 37
9 25 42
9 26 6
9 27 19
9 28 34
9 29 33
9 30 36
9 31 43
9 32 56
9 33 31
9 34 7
9 35 59
9 36 10
9 37 49
9 38 0
9 39 25
9 40 53
9 41 45
9 42 4
9 43 38
9 44 52
9 45 55
9 46 23
9 47 8
9 48 13
9 49 16
9 50 51
9 51 40
9 52 35
9 53 32
9 54 15
9 55 12
9 56 50
9 57 22
9 58 28
9 59 18
10 1 8
10 2 5
10 3 32
10 4 52
10 5 59
10 6 24
10 7 16
10 8 27
10 9 43
10 10 42
10 11 30
10 12 49
10 13 41
10 14 11
10 15 3
10 16 22
10 17 53
10 18 58
10 19 54
10 20 21
10 21 47
10 22 4
10 23 20
10 24 19
10 25 37
10 26 48
10 27 1
10 28 2
10 29 33
10 30 0
10 31 29
10 32 55
10 33 6
10 34 25
10 35 34
10 36 56
10 37 18
10 38 26
10 39 57
10 40 13
10 41 39
10 42 23
10 43 28
10 44 38
10 45 44
10 46 15
10 47 31
10 48 50
10 49 40
10 50 35
10 51 14
10 52 36
10 53 46
10 54 12
10 55 9
10 56 7
10 57 17
10 58 51
10 59 45
11 1 27
11 2 50
11 3 6
11 4 40
11 5 37
11 6 26
11 7 47
11 8 22
11 9 20
11 10 13
11 11 25
11 12 28
11 13 9
11 14 3
11 15 56
11 16 51
11 17 2
11 18 59
11 19 19
11 20 33
11 21 15
11 22 49
11 23 12
11 24 55
11 25 4
11 26 58
11 27 57
11 28 17
11 29 32
11 30 35
11 31 1
11 32 43
11 33 24
11 34 42
11 35 7
11 36 29
11 37 34
11 38 46
11 39 18
11 40 54
11 41 21
11 42 38
11 43 48
11 44 14
11 45 5
11 46 36
11 47 10
11 48 8
11 49 23
11 50 52
11 51 0
11 52 44
11 53 16
11 54 53
11 55 39
11 56 41
11 57 31
11 58 30
11 59 45
12 1 1
12 2 47
12 3 31
12 4 53
12 5 56
12 6 14
12 7 18
12 8 21
12 9 4
12 10 58
12 11 37
12 12 48
12 13 54
12 14 52
12 15 36
12 16 27
12 17 24
12 18 40
12 19 57
12 20 22
12 21 59
12 22 30
12 23 38
12 24 20
12 25 6
12 26 33
12 27 2
12 28 11
12 29 3
12 30 51
12 31 26
12 32 28
12 33 19
12 34 42
12 35 15
12 36 41
12 37 16
12 38 7
12 39 29
12 40 39
12 41 50
12 42 49
12 43 46
12 44 45
12 45 5
12 46 32
12 47 25
12 48 55
12 49 35
12 50 43
12 51 8
12 52 23
12 53 9
12 54 0
12 55 10
12 56 17
12 57 44
12 58 34
12 59 13
13 1 33
13 2 49
13 3 47
13 4 38
13 5 53
13 6 10
13 7 0
13 8 19
13 9 9
13 10 2
13 11 24
13 12 45
13 13 59
13 14 7
13 15 28
13 16 35
13 17 58
13 18 8
13 19 5
13 20 36
13 21 27
13 22 39
13 23 25
13 24 55
13 25 20
13 26 41
13 27 56
13 28 40
13 29 46
13 30 34
13 31 26
13 32 44
13 33 16
13 34 11
13 35 17
13 36 42
13 37 30
13 38 3
13 39 50
13 40 18
13 41 57
13 42 22
13 43 32
13 44 15
13 45 37
13 46 52
13 47 48
13 48 51
13 49 29
13 50 12
13 51 43
13 52 4
13 53 1
13 54 23
13 55 6
13 56 21
13 57 54
13 58 31
13 59 14
14 1 17
14 2 13
14 3 26
14 4 25
14 5 21
14 6 22
14 7 32
14 8 12
14 9 30
14 10 46
14 11 1
14 12 11
14 13 51
14 14 4
14 15 18
14 16 33
14 17 50
14 18 37
14 19 6
14 20 31
14 21 34
14 22 38
14 23 27
14 24 43
14 25 54
14 26 15
14 27 55
14 28 16
14 29 49
14 30 45
14 31 41
14 32 5
14 33 44
14 34 53
14 35 9
14 36 2
14 37 59
14 38 23
14 39 58
14 40 57
14 41 36
14 42 10
14 43 47
14 44 40
14 45 42
14 46 24
14 47 3
14 48 56
14 49 28
14 50 48
14 51 39
14 52 52
14 53 29
14 54 19
14 55 7
14 56 20
14 57 8
14 58 35
14 59 0
15 1 58
15 2 52
15 3 48
15 4 51
15 5 19
15 6 14
15 7 24
15 8 35
15 9 43
15 10 42
15 11 40
15 12 32
15 13 25
15 14 59
15 15 54
15 16 12
15 17 7
15 18 34
15 19 10
15 20 57
15 21 20
15 22 29
15 23 16
15 24 0
15 25 28
15 26 44
15 27 47
15 28 18
15 29 23
15 30 3
15 31 4
15 32 49
15 33 8
15 34 36
15 35 22
15 36 21
15 37 26
15 38 5
15 39 1
15 40 38
15 41 46
15 42 33
15 43 53
15 44 31
15 45 56
15 46 50
15 47 17
15 48 30
15 49 13
15 50 2
15 51 9
15 52 37
15 53 6
15 54 55
15 55 11
15 56 27
15 57 41
15 58 45
15 59 39
16 1 6
16 2 34
16 3 57
16 4 12
16 5 56
16 6 33
16 7 40
16 8 28
16 9 47
16 10 48
16 11 9
16 12 8
16 13 30
16 14 14
16 15 51
16 16 3
16 17 7
16 18 20
16 19 44
16 20 59
16 21 43
16 22 15
16 23 53
16 24 37
16 25 54
16 26 38
16 27 36
16 28 49
16 29 35
16 30 11
16 31 55
16 32 5
16 33 32
16 34 52
16 35 0
16 36 50
16 37 19
16 38 45
16 39 18
16 40 2
16 41 17
16 42 22
16 43 24
16 44 21
16 45 29
16 46 13
16 47 42
16 48 39
16 49 46
16 50 31
16 51 26
16 52 4
16 53 25
16 54 10
16 55 58
16 56 27
16 57 41
16 58 1
16 59 23
17 1 20
17 2 34
17 3 43
17 4 53
17 5 32
17 6 3
17 7 30
17 8 13
17 9 9
17 10 27
17 11 2
17 12 12
17 13 0
17 14 54
17 15 14
17 16 25
17 17 58
17 18 23
17 19 29
17 20 44
17 21 26
17 22 55
17 23 47
17 24 40
17 25 18
17 26 16
17 27 38
17 28 5
17 29 8
17 30 51
17 31 46
17 32 31
17 33 41
17 34 19
17 35 35
17 36 10
17 37 21
17 38 11
17 39 4
17 40 56
17 41 37
17 42 59
17 43 45
17 44 6
17 45 42
17 46 24
17 47 57
17 48 48
17 49 33
17 50 28
17 51 39
17 52 7
17 53 36
17 54 1
17 55 52
17 56 15
17 57 50
17 58 49
17 59 22
18 1 2
18 2 33
18 3 45
18 4 30
18 5 24
18 6 50
18 7 17
18 8 1
18 9 42
18 10 19
18 11 20
18 12 44
18 13 34
18 14 15
18 15 32
18 16 7
18 17 51
18 18 47
18 19 5
18 20 25
18 21 8
18 22 55
18 23 26
18 24 9
18 25 29
18 26 27
18 27 6
18 28 35
18 29 37
18 30 40
18 31 39
18 32 4
18 33 58
18 34 21
18 35 48
18 36 36
18 37 23
18 38 41
18 39 13
18 40 52
18 41 46
18 42 3
18 43 12
18 44 10
18 45 49
18 46 57
18 47 59
18 48 56
18 49 54
18 50 28
18 51 0
18 52 53
18 53 43
18 54 22
18 55 31
18 56 11
18 57 38
18 58 14
18 59 16
19 1 6
19 2 46
19 3 1
19 4 14
19 5 4
19 6 24
19 7 8
19 8 45
19 9 15
19 10 51
19 11 49
19 12 10
19 13 54
19 14 30
19 15 28
19 16 57
19 17 52
19 18 3
19 19 40
19 20 27
19 21 38
19 22 42
19 23 13
19 24 58
19 25 29
19 26 56
19 27 17
19 28 11
19 29 23
19 30 31
19 31 33
19 32 2
19 33 53
19 34 18
19 35 48
19 36 36
19 37 41
19 38 44
19 39 9
19 40 16
19 41 0
19 42 37
19 43 5
19 44 20
19 45 43
19 46 59
19 47 21
19 48 47
19 49 32
19 50 25
19 51 7
19 52 22
19 53 55
19 54 39
19 55 34
19 56 26
19 57 12
19 58 35
19 59 50
20 1 38
20 2 6
20 3 8
20 4 32
20 5 7
20 6 13
20 7 49
20 8 25
20 9 57
20 10 28
20 11 45
20 12 54
20 13 48
20 14 56
20 15 2
20 16 22
20 17 23
20 18 1
20 19 9
20 20 27
20 21 33
20 22 15
20 23 50
20 24 53
20 25 0
20 26 31
20 27 5
20 28 41
20 29 4
20 30 46
20 31 47
20 32 17
20 33 24
20 34 44
20 35 37
20 36 52
20 37 34
20 38 11
20 39 14
20 40 3
20 41 39
20 42 42
20 43 29
20 44 12
20 45 30
20 46 40
20 47 43
20 48 36
20 49 18
20 50 10
20 51 26
20 52 16
20 53 21
20 54 58
20 55 59
20 56 51
20 57 55
20 58 19
20 59 35
21 1 41
21 2 31
21 3 58
21 4 28
21 5 0
21 6 14
21 7 22
21 8 52
21 9 33
21 10 6
21 11 10
21 12 26
21 13 27
21 14 38
21 15 51
21 16 13
21 17 35
21 18 48
21 19 4
21 20 2
21 21 3
21 22 16
21 23 43
21 24 49
21 25 46
21 26 54
21 27 17
21 28 30
21 29 45
21 30 40
21 31 8
21 32 29
21 33 5
21 34 20
21 35 50
21 36 47
21 37 56
21 38 34
21 39 7
21 40 44
21 41 59
21 42 18
21 43 24
21 44 9
21 45 42
21 46 37
21 47 32
21 48 19
21 49 23
21 50 11
21 51 53
21 52 25
21 53 15
21 54 12
21 55 1
21 56 39
21 57 55
21 58 57
21 59 36
22 1 42
22 2 38
22 3 18
22 4 7
22 5 19
22 6 55
22 7 35
22 8 39
22 9 44
22 10 29
22 11 23
22 12 25
22 13 48
22 14 28
22 15 6
22 16 37
22 17 56
22 18 15
22 19 1
22 20 41
22 21 45
22 22 13
22 23 20
22 24 54
22 25 27
22 26 9
22 27 14
22 28 21
22 29 11
22 30 40
22 31 36
22 32 32
22 33 8
22 34 57
22 35 33
22 36 59
22 37 12
22 38 0
22 39 5
22 40 24
22 41 16
22 42 31
22 43 4
22 44 2
22 45 43
22 46 30
22 47 52
22 48 50
22 49 34
22 50 51
22 51 26
22 52 10
22 53 58
22 54 46
22 55 17
22 56 49
22 57 47
22 58 3
22 59 53
23 1 19
23 2 37
23 3 35
23 4 14
23 5 36
23 6 2
23 7 30
23 8 55
23 9 21
23 10 6
23 11 59
23 12 4
23 13 45
23 14 1
23 15 43
23 16 56
23 17 9
23 18 15
23 19 32
23 20 54
23 21 42
23 22 46
23 23 24
23 24 49
23 25 47
23 26 26
23 27 16
23 28 11
23 29 20
23 30 52
23 31 13
23 32 10
23 33 34
23 34 18
23 35 31
23 36 50
23 37 7
23 38 5
23 39 12
23 40 27
23 41 51
23 42 29
23 43 0
23 44 3
23 45 17
23 46 8
23 47 44
23 48 40
23 49 38
23 50 22
23 51 58
23 52 57
23 53 33
23 54 48
23 55 25
23 56 39
23 57 28
23 58 41
23 59 53
24 1 5
24 2 35
24 3 12
24 4 15
24 5 41
24 6 19
24 7 29
24 8 22
24 9 1
24 10 39
24 11 21
24 12 51
24 13 13
24 14 23
24 15 49
24 16 54
24 17 38
24 18 7
24 19 56
24 20 53
24 21 50
24 22 9
24 23 42
24 24 37
24 25 32
24 26 8
24 27 52
24 28 31
24 29 26
24 30 55
24 31 58
24 32 33
24 33 40
24 34 2
24 35 6
24 36 10
24 37 45
24 38 25
24 39 18
24 40 44
24 41 20
24 42 0
24 43 59
24 44 47
24 45 16
24 46 36
24 47 46
24 48 30
24 49 28
24 50 11
24 51 3
24 52 43
24 53 57
24 54 14
24 55 27
24 56 4
24 57 34
24 58 17
24 59 48
25 1 27
25 2 13
25 3 7
25 4 54
25 5 59
25 6 48
25 7 38
25 8 28
25 9 11
25 10 3
25 11 56
25 12 42
25 13 2
25 14 44
25 15 23
25 16 33
25 17 58
25 18 29
25 19 34
25 20 47
25 21 19
25 22 51
25 23 45
25 24 55
25 25 36
25 26 26
25 27 0
25 28 24
25 29 9
25 30 30
25 31 21
25 32 50
25 33 10
25 34 40
25 35 6
25 36 8
25 37 49
25 38 15
25 39 4
25 40 32
25 41 20
25 42 17
25 43 41
25 44 37
25 45 43
25 46 22
25 47 52
25 48 14
25 49 53
25 50 57
25 51 16
25 52 5
25 53 12
25 54 18
25 55 31
25 56 39
25 57 46
25 58 35
25 59 1
26 1 1
26 2 33
26 3 2
26 4 31
26 5 11
26 6 41
26 7 35
26 8 16
26 9 12
26 10 49
26 11 6
26 12 48
26 13 59
26 14 51
26 15 55
26 16 56
26 17 38
26 18 28
26 19 23
26 20 29
26 21 3
26 22 7
26 23 39
26 24 32
26 25 50
26 26 18
26 27 25
26 28 47
26 29 54
26 30 57
26 31 8
26 32 5
26 33 53
26 34 44
26 35 42
26 36 14
26 37 22
26 38 58
26 39 36
26 40 19
26 41 52
26 42 4
26 43 13
26 44 15
26 45 30
26 46 10
26 47 9
26 48 24
26 49 34
26 50 0
26 51 20
26 52 21
26 53 43
26 54 40
26 55 27
26 56 46
26 57 17
26 58 37
26 59 45
27 1 55
27 2 58
27 3 18
27 4 33
27 5 9
27 6 41
27 7 29
27 8 4
27 9 56
27 10 59
27 11 46
27 12 44
27 13 51
27 14 40
27 15 52
27 16 7
27 17 10
27 18 48
27 19 26
27 20 19
27 21 1
27 22 14
27 23 6
27 24 34
27 25 28
27 26 36
27 27 54
27 28 30
27 29 50
27 30 22
27 31 0
27 32 31
27 33 15
27 34 35
27 35 23
27 36 38
27 37 47
27 38 39
27 39 12
27 40 5
27 41 20
27 42 42
27 43 49
27 44 43
27 45 13
27 46 21
27 47 25
27 48 57
27 49 17
27 50 3
27 51 8
27 52 32
27 53 45
27 54 11
27 55 24
27 56 37
27 57 2
27 58 16
27 59 53
28 1 20
28 2 51
28 3 59
28 4 46
28 5 35
28 6 22
28 7 15
28 8 25
28 9 49
28 10 54
28 11 57
28 12 7
28 13 50
28 14 52
28 15 17
28 16 39
28 17 8
28 18 55
28 19 0
28 20 42
28 21 34
28 22 37
28 23 18
28 24 30
28 25 43
28 26 31
28 27 56
28 28 58
28 29 13
28 30 45
28 31 27
28 32 40
28 33 26
28 34 11
28 35 4
28 36 29
28 37 1
28 38 33
28 39 3
28 40 47
28 41 16
28 42 21
28 43 36
28 44 6
28 45 41
28 46 2
28 47 5
28 48 53
28 49 10
28 50 24
28 51 9
28 52 44
28 53 23
28 54 14
28 55 38
28 56 12
28 57 48
28 58 32
28 59 19
29 1 5
29 2 8
29 3 32
29 4 55
29 5 52
29 6 30
29 7 27
29 8 24
29 9 38
29 10 19
29 11 36
29 12 44
29 13 56
29 14 41
29 15 58
29 16 59
29 17 53
29 18 2
29 19 47
29 20 23
29 21 28
29 22 43
29 23 21
29 24 33
29 25 35
29 26 45
29 27 49
29 28 20
29 29 6
29 30 37
29 31 17
29 32 22
29 33 54
29 34 14
29 35 15
29 36 26
29 37 50
29 38 40
29 39 57
29 40 12
29 41 34
29 42 39
29 43 42
29 44 10
29 45 25
29 46 0
29 47 7
29 48 4
29 49 46
29 50 51
29 51 3
29 52 18
29 53 9
29 54 11
29 55 48
29 56 31
29 57 16
29 58 1
29 59 13
30 1 50
30 2 13
30 3 46
30 4 6
30 5 29
30 6 14
30 7 4
30 8 40
30 9 10
30 10 16
30 11 18
30 12 21
30 13 2
30 14 31
30 15 8
30 16 11
30 17 38
30 18 49
30 19 37
30 20 47
30 21 45
30 22 36
30 23 59
30 24 0
30 25 32
30 26 55
30 27 42
30 28 57
30 29 43
30 30 28
30 31 7
30 32 33
30 33 44
30 34 23
30 35 27
30 36 19
30 37 58
30 38 24
30 39 12
30 40 3
30 41 39
30 42 5
30 43 53
30 44 26
30 45 41
30 46 15
30 47 17
30 48 48
30 49 35
30 50 34
30 51 54
30 52 56
30 53 51
30 54 9
30 55 22
30 56 1
30 57 20
30 58 25
30 59 52
31 1 53
31 2 33
31 3 45
31 4 41
31 5 5
31 6 11
31 7 21
31 8 32
31 9 51
31 10 48
31 11 6
31 12 20
31 13 49
31 14 9
31 15 36
31 16 56
31 17 18
31 18 35
31 19 13
31 20 25
31 21 47
31 22 12
31 23 15
31 24 38
31 25 42
31 26 43
31 27 8
31 28 7
31 29 46
31 30 2
31 31 22
31 32 28
31 33 1
31 34 30
31 35 34
31 36 4
31 37 57
31 38 37
31 39 10
31 40 24
31 41 58
31 42 16
31 43 0
31 44 59
31 45 54
31 46 50
31 47 29
31 48 27
31 49 23
31 50 14
31 51 3
31 52 44
31 53 40
31 54 17
31 55 39
31 56 19
31 57 55
31 58 52
31 59 26
32 1 30
32 2 18
32 3 19
32 4 37
32 5 31
32 6 14
32 7 49
32 8 46
32 9 35
32 10 1
32 11 36
32 12 40
32 13 25
32 14 27
32 15 12
32 16 41
32 17 45
32 18 11
32 19 43
32 20 0
32 21 34
32 22 57
32 23 48
32 24 50
32 25 56
32 26 26
32 27 44
32 28 33
32 29 2
32 30 52
32 31 8
32 32 58
32 33 38
32 34 7
32 35 13
32 36 42
32 37 17
32 38 4
32 39 51
32 40 29
32 41 54
32 42 9
32 43 24
32 44 53
32 45 55
32 46 6
32 47 23
32 48 20
32 49 21
32 50 10
32 51 15
32 52 39
32 53 28
32 54 3
32 55 59
32 56 47
32 57 22
32 58 5
32 59 16
33 1 34
33 2 19
33 3 12
33 4 58
33 5 39
33 6 56
33 7 11
33 8 8
33 9 37
33 10 1
33 11 59
33 12 40
33 13 50
33 14 46
33 15 47
33 16 45
33 17 23
33 18 6
33 19 20
33 20 7
33 21 48
33 22 28
33 23 26
33 24 55
33 25 25
33 26 36
33 27 38
33 28 15
33 29 17
33 30 10
33 31 4
33 32 49
33 33 14
33 34 9
33 35 16
33 36 13
33 37 5
33 38 44
33 39 43
33 40 53
33 41 21
33 42 42
33 43 0
33 44 57
33 45 27
33 46 51
33 47 32
33 48 41
33 49 3
33 50 2
33 51 24
33 52 35
33 53 29
33 54 54
33 55 22
33 56 52
33 57 31
33 58 30
33 59 18
34 1 12
34 2 57
34 3 40
34 4 3
34 5 11
34 6 6
34 7 49
34 8 9
34 9 24
34 10 48
34 11 46
34 12 52
34 13 51
34 14 2
34 15 28
34 16 13
34 17 18
34 18 1
34 19 15
34 20 22
34 21 0
34 22 37
34 23 29
34 24 59
34 25 45
34 26 14
34 27 53
34 28 41
34 29 21
34 30 33
34 31 56
34 32 5
34 33 58
34 34 20
34 35 7
34 36 23
34 37 35
34 38 39
34 39 43
34 40 19
34 41 54
34 42 10
34 43 42
34 44 25
34 45 30
34 46 50
34 47 38
34 48 55
34 49 17
34 50 26
34 51 16
34 52 32
34 53 8
34 54 47
34 55 44
34 56 27
34 57 36
34 58 4
34 59 31
35 1 45
35 2 0
35 3 14
35 4 54
35 5 31
35 6 13
35 7 23
35 8 8
35 9 27
35 10 52
35 11 20
35 12 22
35 13 34
35 14 36
35 15 10
35 16 4
35 17 43
35 18 55
35 19 42
35 20 2
35 21 50
35 22 59
35 23 51
35 24 1
35 25 25
35 26 21
35 27 33
35 28 5
35 29 29
35 30 16
35 31 17
35 32 38
35 33 15
35 34 56
35 35 7
35 36 40
35 37 44
35 38 9
35 39 6
35 40 3
35 41 58
35 42 11
35 43 47
35 44 30
35 45 19
35 46 48
35 47 18
35 48 37
35 49 28
35 50 46
35 51 49
35 52 26
35 53 53
35 54 24
35 55 32
35 56 57
35 57 39
35 58 12
35 59 41
36 1 35
36 2 4
36 3 8
36 4 38
36 5 56
36 6 30
36 7 27
36 8 14
36 9 15
36 10 48
36 11 9
36 12 33
36 13 11
36 14 19
36 15 5
36 16 12
36 17 49
36 18 53
36 19 34
36 20 6
36 21 2
36 22 3
36 23 39
36 24 58
36 25 50
36 26 42
36 27 16
36 28 37
36 29 51
36 30 0
36 31 55
36 32 7
36 33 23
36 34 47
36 35 1
36 36 44
36 37 26
36 38 54
36 39 18
36 40 43
36 41 17
36 42 57
36 43 41
36 44 46
36 45 25
36 46 31
36 47 13
36 48 59
36 49 10
36 50 52
36 51 32
36 52 28
36 53 24
36 54 22
36 55 40
36 56 45
36 57 20
36 58 21
36 59 29
37 1 14
37 2 43
37 3 1
37 4 36
37 5 44
37 6 3
37 7 6
37 8 19
37 9 8
37 10 33
37 11 25
37 12 4
37 13 26
37 14 53
37 15 52
37 16 28
37 17 9
37 18 17
37 19 45
37 20 5
37 21 47
37 22 55
37 23 59
37 24 16
37 25 39
37 26 27
37 27 51
37 28 29
37 29 11
37 30 31
37 31 35
37 32 20
37 33 41
37 34 50
37 35 13
37 36 15
37 37 18
37 38 32
37 39 58
37 40 7
37 41 23
37 42 57
37 43 56
37 44 38
37 45 21
37 46 42
37 47 22
37 48 54
37 49 12
37 50 40
37 51 10
37 52 46
37 53 49
37 54 48
37 55 0
37 56 34
37 57 2
37 58 24
37 59 30
38 1 17
38 2 3
38 3 44
38 4 26
38 5 22
38 6 42
38 7 20
38 8 7
38 9 0
38 10 4
38 11 12
38 12 52
38 13 43
38 14 27
38 15 47
38 16 21
38 17 32
38 18 35
38 19 24
38 20 19
38 21 5
38 22 41
38 23 36
38 24 9
38 25 45
38 26 30
38 27 49
38 28 56
38 29 8
38 30 11
38 31 16
38 32 54
38 33 55
38 34 14
38 35 48
38 36 33
38 37 57
38 38 31
38 39 50
38 40 29
38 41 37
38 42 28
38 43 10
38 44 2
38 45 51
38 46 23
38 47 53
38 48 25
38 49 6
38 50 58
38 51 15
38 52 18
38 53 39
38 54 46
38 55 40
38 56 59
38 57 13
38 58 34
38 59 1
39 1 42
39 2 18
39 3 59
39 4 46
39 5 29
39 6 44
39 7 36
39 8 25
39 9 17
39 10 8
39 11 9
39 12 40
39 13 13
39 14 4
39 15 26
39 16 24
39 17 56
39 18 38
39 19 1
39 20 53
39 21 10
39 22 57
39 23 49
39 24 43
39 25 11
39 26 23
39 27 22
39 28 55
39 29 51
39 30 47
39 31 3
39 32 27
39 33 32
39 34 7
39 35 16
39 36 52
39 37 30
39 38 45
39 39 54
39 40 12
39 41 41
39 42 19
39 43 28
39 44 20
39 45 50
39 46 48
39 47 34
39 48 31
39 49 14
39 50 37
39 51 5
39 52 33
39 53 35
39 54 15
39 55 58
39 56 2
39 57 6
39 58 0
39 59 21
40 1 2
40 2 8
40 3 11
40 4 18
40 5 28
40 6 6
40 7 34
40 8 51
40 9 13
40 10 38
40 11 55
40 12 3
40 13 42
40 14 9
40 15 15
40 16 37
40 17 21
40 18 54
40 19 10
40 20 23
40 21 26
40 22 35
40 23 20
40 24 16
40 25 25
40 26 57
40 27 58
40 28 46
40 29 17
40 30 45
40 31 29
40 32 1
40 33 49
40 34 47
40 35 0
40 36 44
40 37 50
40 38 27
40 39 22
40 40 43
40 41 32
40 42 4
40 43 5
40 44 24
40 45 31
40 46 14
40 47 7
40 48 19
40 49 56
40 50 12
40 51 53
40 52 52
40 53 48
40 54 33
40 55 30
40 56 36
40 57 41
40 58 39
40 59 59
41 1 6
41 2 17
41 3 1
41 4 57
41 5 40
41 6 21
41 7 31
41 8 26
41 9 13
41 10 56
41 11 59
41 12 0
41 13 54
41 14 43
41 15 5
41 16 47
41 17 3
41 18 16
41 19 15
41 20 22
41 21 30
41 22 46
41 23 4
41 24 28
41 25 23
41 26 49
41 27 25
41 28 11
41 29 44
41 30 34
41 31 7
41 32 58
41 33 50
41 34 9
41 35 48
41 36 14
41 37 33
41 38 52
41 39 10
41 40 55
41 41 32
41 42 27
41 43 51
41 44 19
41 45 2
41 46 8
41 47 39
41 48 20
41 49 53
41 50 38
41 51 36
41 52 29
41 53 18
41 54 45
41 55 42
41 56 35
41 57 12
41 58 24
41 59 37
42 1 23
42 2 45
42 3 40
42 4 26
42 5 56
42 6 13
42 7 31
42 8 30
42 9 39
42 10 12
42 11 21
42 12 29
42 13 52
42 14 48
42 15 11
42 16 14
42 17 41
42 18 43
42 19 20
42 20 58
42 21 0
42 22 5
42 23 57
42 24 54
42 25 46
42 26 2
42 27 8
42 28 37
42 29 25
42 30 33
42 31 27
42 32 49
42 33 53
42 34 9
42 35 50
42 36 10
42 37 47
42 38 51
42 39 36
42 40 59
42 41 34
42 42 24
42 43 35
42 44 18
42 45 3
42 46 16
42 47 1
42 48 22
42 49 44
42 50 19
42 51 15
42 52 6
42 53 7
42 54 32
42 55 17
42 56 55
42 57 28
42 58 38
42 59 4
43 1 54
43 2 3
43 3 16
43 4 23
43 5 7
43 6 59
43 7 46
43 8 52
43 9 31
43 10 35
43 11 58
43 12 33
43 13 55
43 14 20
43 15 14
43 16 27
43 17 11
43 18 28
43 19 2
43 20 45
43 21 29
43 22 57
43 23 40
43 24 38
43 25 4
43 26 49
43 27 44
43 28 50
43 29 9
43 30 18
43 31 21
43 32 1
43 33 51
43 34 41
43 35 19
43 36 30
43 37 37
43 38 48
43 39 17
43 40 47
43 41 13
43 42 26
43 43 32
43 44 36
43 45 53
43 46 56
43 47 22
43 48 12
43 49 5
43 50 34
43 51 25
43 52 39
43 53 15
43 54 42
43 55 8
43 56 0
43 57 10
43 58 24
43 59 6
44 1 24
44 2 9
44 3 41
44 4 18
44 5 15
44 6 59
44 7 43
44 8 57
44 9 14
44 10 53
44 11 28
44 12 46
44 13 52
44 14 31
44 15 6
44 16 17
44 17 39
44 18 16
44 19 21
44 20 11
44 21 32
44 22 5
44 23 51
44 24 45
44 25 58
44 26 4
44 27 10
44 28 48
44 29 38
44 30 26
44 31 50
44 32 19
44 33 40
44 34 20
44 35 34
44 36 27
44 37 22
44 38 29
44 39 8
44 40 1
44 41 13
44 42 54
44 43 33
44 44 23
44 45 49
44 46 35
44 47 25
44 48 2
44 49 56
44 50 12
44 51 55
44 52 36
44 53 30
44 54 37
44 55 0
44 56 47
44 57 3
44 58 7
44 59 42
45 1 7
45 2 57
45 3 54
45 4 43
45 5 27
45 6 28
45 7 42
45 8 8
45 9 59
45 10 47
45 11 29
45 12 15
45 13 21
45 14 4
45 15 55
45 16 20
45 17 48
45 18 1
45 19 53
45 20 56
45 21 51
45 22 23
45 23 39
45 24 34
45 25 5
45 26 12
45 27 17
45 28 2
45 29 16
45 30 18
45 31 14
45 32 22
45 33 41
45 34 50
45 35 58
45 36 25
45 37 11
45 38 36
45 39 40
45 40 37
45 41 38
45 42 32
45 43 35
45 44 6
45 45 19
45 46 49
45 47 52
45 48 33
45 49 26
45 50 46
45 51 3
45 52 9
45 53 31
45 54 24
45 55 30
45 56 10
45 57 0
45 58 44
45 59 13
46 1 59
46 2 32
46 3 33
46 4 54
46 5 24
46 6 53
46 7 57
46 8 14
46 9 51
46 10 31
46 11 26
46 12 42
46 13 47
46 14 3
46 15 6
46 16 45
46 17 58
46 18 28
46 19 22
46 20 16
46 21 38
46 22 12
46 23 5
46 24 10
46 25 7
46 26 48
46 27 11
46 28 20
46 29 9
46 30 8
46 31 19
46 32 23
46 33 13
46 34 37
46 35 40
46 36 55
46 37 2
46 38 41
46 39 35
46 40 49
46 41 50
46 42 17
46 43 39
46 44 1
46 45 0
46 46 27
46 47 36
46 48 30
46 49 25
46 50 4
46 51 29
46 52 21
46 53 43
46 54 18
46 55 15
46 56 52
46 57 56
46 58 34
46 59 44
47 1 16
47 2 6
47 3 17
47 4 39
47 5 42
47 6 0
47 7 24
47 8 49
47 9 33
47 10 55
47 11 25
47 12 20
47 13 50
47 14 14
47 15 12
47 16 52
47 17 13
47 18 36
47 19 48
47 20 9
47 21 5
47 22 28
47 23 34
47 24 22
47 25 15
47 26 35
47 27 58
47 28 41
47 29 23
47 30 21
47 31 40
47 32 2
47 33 8
47 34 11
47 35 29
47 36 31
47 37 43
47 38 57
47 39 10
47 40 53
47 41 38
47 42 27
47 43 30
47 44 32
47 45 54
47 46 44
47 47 51
47 48 3
47 49 4
47 50 7
47 51 59
47 52 56
47 53 1
47 54 18
47 55 45
47 56 46
47 57 37
47 58 19
47 59 26
48 1 49
48 2 32
48 3 12
48 4 28
48 5 54
48 6 24
48 7 37
48 8 31
48 9 43
48 10 8
48 11 30
48 12 16
48 13 22
48 14 35
48 15 29
48 16 10
48 17 41
48 18 55
48 19 26
48 20 46
48 21 2
48 22 0
48 23 44
48 24 27
48 25 50
48 26 34
48 27 53
48 28 1
48 29 20
48 30 9
48 31 23
48 32 38
48 33 13
48 34 5
48 35 39
48 36 33
48 37 21
48 38 57
48 39 4
48 40 19
48 41 42
48 42 14
48 43 7
48 44 25
48 45 59
48 46 52
48 47 58
48 48 6
48 49 45
48 50 11
48 51 18
48 52 3
48 53 56
48 54 15
48 55 51
48 56 17
48 57 40
48 58 36
48 59 47
49 1 35
49 2 24
49 3 18
49 4 11
49 5 5
49 6 32
49 7 52
49 8 10
49 9 38
49 10 17
49 11 29
49 12 1
49 13 16
49 14 43
49 15 20
49 16 14
49 17 54
49 18 4
49 19 2
49 20 36
49 21 25
49 22 59
49 23 7
49 24 31
49 25 6
49 26 28
49 27 3
49 28 27
49 29 8
49 30 30
49 31 15
49 32 19
49 33 37
49 34 12
49 35 41
49 36 9
49 37 51
49 38 56
49 39 40
49 40 58
49 41 23
49 42 44
49 43 13
49 44 21
49 45 39
49 46 53
49 47 50
49 48 0
49 49 22
49 50 57
49 51 48
49 52 55
49 53 45
49 54 34
49 55 47
49 56 46
49 57 26
49 58 33
49 59 42
50 1 39
50 2 56
50 3 14
50 4 44
50 5 23
50 6 8
50 7 53
50 8 15
50 9 54
50 10 25
50 11 4
50 12 2
50 13 17
50 14 6
50 15 10
50 16 29
50 17 19
50 18 27
50 19 7
50 20 30
50 21 24
50 22 57
50 23 12
50 24 32
50 25 58
50 26 37
50 27 49
50 28 31
50 29 48
50 30 51
50 31 47
50 32 38
50 33 40
50 34 52
50 35 22
50 36 28
50 37 5
50 38 34
50 39 20
50 40 46
50 41 59
50 42 21
50 43 55
50 44 0
50 45 33
50 46 13
50 47 36
50 48 45
50 49 18
50 50 9
50 51 16
50 52 11
50 53 41
50 54 35
50 55 26
50 56 3
50 57 1
50 58 43
50 59 42
51 1 39
51 2 21
51 3 27
51 4 26
51 5 11
51 6 57
51 7 18
51 8 10
51 9 2
51 10 8
51 11 28
51 12 32
51 13 7
51 14 58
51 15 1
51 16 35
51 17 53
51 18 25
51 19 42
51 20 43
51 21 38
51 22 59
51 23 13
51 24 50
51 25 46
51 26 0
51 27 19
51 28 20
51 29 31
51 30 23
51 31 40
51 32 55
51 33 34
51 34 33
51 35 9
51 36 14
51 37 45
51 38 12
51 39 6
51 40 24
51 41 17
51 42 49
51 43 47
51 44 37
51 45 56
51 46 4
51 47 36
51 48 41
51 49 15
51 50 30
51 51 29
51 52 3
51 53 44
51 54 16
51 55 48
51 56 54
51 57 22
51 58 52
51 59 5
52 1 31
52 2 36
52 3 39
52 4 57
52 5 56
52 6 28
52 7 7
52 8 26
52 9 46
52 10 2
52 11 29
52 12 45
52 13 20
52 14 38
52 15 37
52 16 19
52 17 21
52 18 3
52 19 18
52 20 15
52 21 13
52 22 43
52 23 25
52 24 59
52 25 44
52 26 49
52 27 42
52 28 33
52 29 50
52 30 6
52 31 1
52 32 40
52 33 12
52 34 23
52 35 24
52 36 48
52 37 17
52 38 8
52 39 22
52 40 34
52 41 47
52 42 10
52 43 4
52 44 9
52 45 5
52 46 58
52 47 30
52 48 55
52 49 32
52 50 16
52 51 41
52 52 35
52 53 14
52 54 51
52 55 0
52 56 54
52 57 11
52 58 27
52 59 53
53 1 5
53 2 16
53 3 6
53 4 19
53 5 41
53 6 51
53 7 13
53 8 48
53 9 24
53 10 32
53 11 15
53 12 46
53 13 20
53 14 3
53 15 45
53 16 42
53 17 50
53 18 11
53 19 39
53 20 31
53 21 1
53 22 44
53 23 0
53 24 55
53 25 36
53 26 26
53 27 2
53 28 9
53 29 4
53 30 35
53 31 33
53 32 27
53 33 14
53 34 25
53 35 43
53 36 54
53 37 56
53 38 28
53 39 7
53 40 34
53 41 30
53 42 18
53 43 58
53 44 59
53 45 23
53 46 52
53 47 38
53 48 49
53 49 22
53 50 8
53 51 29
53 52 47
53 53 21
53 54 57
53 55 40
53 56 12
53 57 37
53 58 10
53 59 17
54 1 39
54 2 37
54 3 48
54 4 19
54 5 31
54 6 35
54 7 23
54 8 51
54 9 9
54 10 40
54 11 11
54 12 59
54 13 43
54 14 13
54 15 21
54 16 25
54 17 3
54 18 12
54 19 6
54 20 38
54 21 0
54 22 1
54 23 20
54 24 7
54 25 42
54 26 36
54 27 57
54 28 26
54 29 58
54 30 50
54 31 10
54 32 2
54 33 18
54 34 5
54 35 16
54 36 33
54 37 15
54 38 14
54 39 4
54 40 29
54 41 56
54 42 24
54 43 22
54 44 55
54 45 32
54 46 28
54 47 17
54 48 46
54 49 41
54 50 52
54 51 30
54 52 49
54 53 8
54 54 27
54 55 47
54 56 34
54 57 53
54 58 44
54 59 45
55 1 14
55 2 22
55 3 6
55 4 30
55 5 3
55 6 42
55 7 18
55 8 9
55 9 26
55 10 53
55 11 11
55 12 20
55 13 57
55 14 7
55 15 0
55 16 24
55 17 41
55 18 45
55 19 36
55 20 50
55 21 27
55 22 5
55 23 1
55 24 15
55 25 2
55 26 8
55 27 44
55 28 29
55 29 12
55 30 43
55 31 32
55 32 38
55 33 40
55 34 33
55 35 46
55 36 10
55 37 13
55 38 16
55 39 4
55 40 49
55 41 25
55 42 51
55 43 56
55 44 21
55 45 39
55 46 23
55 47 58
55 48 19
55 49 52
55 50 54
55 51 28
55 52 35
55 53 48
55 54 47
55 55 59
55 56 34
55 57 17
55 58 31
55 59 37
56 1 48
56 2 21
56 3 39
56 4 41
56 5 33
56 6 47
56 7 17
56 8 6
56 9 12
56 10 14
56 11 43
56 12 35
56 13 8
56 14 10
56 15 44
56 16 5
56 17 27
56 18 22
56 19 51
56 20 32
56 21 54
56 22 11
56 23 20
56 24 59
56 25 29
56 26 49
56 27 37
56 28 7
56 29 9
56 30 46
56 31 36
56 32 57
56 33 50
56 34 30
56 35 0
56 36 26
56 37 40
56 38 2
56 39 58
56 40 38
56 41 34
56 42 15
56 43 18
56 44 55
56 45 13
56 46 1
56 47 19
56 48 28
56 49 53
56 50 16
56 51 25
56 52 24
56 53 45
56 54 31
56 55 42
56 56 52
56 57 3
56 58 4
56 59 23
57 1 11
57 2 27
57 3 21
57 4 25
57 5 30
57 6 13
57 7 50
57 8 10
57 9 17
57 10 32
57 11 16
57 12 15
57 13 45
57 14 46
57 15 14
57 16 48
57 17 49
57 18 31
57 19 5
57 20 39
57 21 34
57 22 26
57 23 35
57 24 41
57 25 28
57 26 56
57 27 22
57 28 42
57 29 47
57 30 24
57 31 8
57 32 43
57 33 3
57 34 40
57 35 59
57 36 44
57 37 37
57 38 52
57 39 55
57 40 29
57 41 54
57 42 0
57 43 51
57 44 33
57 45 4
57 46 20
57 47 23
57 48 9
57 49 58
57 50 53
57 51 7
57 52 12
57 53 19
57 54 2
57 55 18
57 56 1
57 57 36
57 58 38
57 59 6
58 1 9
58 2 20
58 3 34
58 4 8
58 5 1
58 6 46
58 7 2
58 8 31
58 9 10
58 10 0
58 11 35
58 12 14
58 13 30
58 14 24
58 15 55
58 16 16
58 17 50
58 18 29
58 19 39
58 20 27
58 21 6
58 22 17
58 23 32
58 24 21
58 25 48
58 26 28
58 27 52
58 28 18
58 29 12
58 30 15
58 31 45
58 32 42
58 33 49
58 34 5
58 35 25
58 36 51
58 37 22
58 38 54
58 39 7
58 40 59
58 41 11
58 42 23
58 43 57
58 44 38
58 45 13
58 46 19
58 47 36
58 48 26
58 49 47
58 50 53
58 51 3
58 52 41
58 53 37
58 54 40
58 55 33
58 56 56
58 57 4
58 58 43
58 59 44
59 1 0
59 2 18
59 3 17
59 4 33
59 5 29
59 6 11
59 7 37
59 8 5
59 9 44
59 10 12
59 11 53
59 12 34
59 13 7
59 14 13
59 15 36
59 16 51
59 17 14
59 18 3
59 19 27
59 20 8
59 21 24
59 22 28
59 23 16
59 24 57
59 25 19
59 26 32
59 27 49
59 28 46
59 29 52
59 30 22
59 31 40
59 32 26
59 33 4
59 34 39
59 35 50
59 36 38
59 37 6
59 38 30
59 39 43
59 40 48
59 41 20
59 42 31
59 43 56
59 44 21
59 45 54
59 46 42
59 47 35
59 48 9
59 49 15
59 50 2
59 51 47
59 52 41
59 53 55
59 54 25
59 55 58
59 56 1
59 57 45
59 58 23
59 59 10