0 25
1 25
2 12
3 25
4 12
5 25
6 0
7 25
8 25
9 21
10 42
11 21
12 32
13 50
14 12
15 20
16 12
17 57
18 12
19 16
20 1
21 1
22 1
23 8
24 40
25 2
26 1
27 28
28 1
29 33
30 1
31 28
32 8
33 1
34 21
35 28
36 40
37 21
38 1
39 1
40 24
41 11
42 59
43 1
44 40
45 16
46 1
47 25
48 8
49 11
50 28
51 30
52 28
53 20
54 28
55 26
56 28
57 30
58 28
59 28
60 28
61 28
62 28
63 28
64 28
65 28
66 58
67 11
68 12
69 12
70 11
71 12
72 9
73 11
74 13
75 12
76 13
77 9
78 12
79 12
80 13
81 7
82 13
83 13
84 13
85 14
86 12
87 12
88 14
89 12
90 12
91 8
92 8
93 8
94 8
95 8
96 24
97 8
98 24
99 8
100 9
101 9
102 8
103 9
104 8
105 13
106 29
107 29
108 29
109 13
110 29
111 26
112 28
113 29
114 29
115 29
116 17
117 48
118 29
119 2
120 29
121 25
122 29
123 29
124 29
125 29
126 36
127 15
128 26
129 29
130 19
131 29
132 29
133 20
134 27
135 27
136 29
137 21
138 45
139 29
140 29
141 23
142 29
143 32
144 19
145 21
146 31
147 31
148 31
149 31
150 31
151 31
152 8
153 31
154 13
155 31
156 31
157 9
158 19
159 31
160 31
161 31
162 31
163 33
164 13
165 25
166 25
167 24
168 24
169 25
170 25
171 25
172 24
173 25
174 11
175 25
176 25
177 25
178 25
179 49
180 25
181 25
182 24
183 25
184 35
185 36
186 36
187 35
188 35
189 40
190 36
191 35
192 35
193 35
194 12
195 36
196 35
197 35
198 35
199 35
200 35
201 32
202 35
203 36
204 36
205 54
206 35
207 35
208 35
209 21
210 20
211 21
212 44
213 52
214 35
215 35
216 35
217 35
218 35
219 33
220 31
221 35
222 40
223 40
224 40
225 6
226 40
227 40
228 41
229 16
230 2
231 3
232 3
233 3
234 3
235 3
236 4
237 3
238 11
239 12
240 11
241 11
242 11
243 11
244 25
245 8
246 11
247 12
248 11
249 11
250 11
251 11
252 12
253 11
254 11
255 11
256 8
257 9
258 9
259 9
260 9
261 9
262 9
263 9
264 9
265 9
266 10
267 9
268 9
269 9
270 10
271 9
272 9
273 9
274 9
275 9
276 9
277 9
278 9
279 59
280 9
281 9
282 9
283 9
284 9
285 48
286 9
287 9
288 9
289 9
290 9
291 9
292 9
293 9
294 9
295 9
296 55
297 9
298 9
299 9
300 9
301 9
302 10
303 11
304 11
305 10
306 11
307 11
308 12
309 10
310 10
311 11
312 10
313 17
314 10
315 11
316 6
317 8
318 6
319 6
320 6
321 11
322 31
323 11
324 8
325 11
326 11
327 8
328 11
329 19
330 8
331 19
332 11
333 16
334 11
335 11
336 11
337 11
338 11
339 8
340 11
341 10
342 16
343 16
344 6
345 11
346 11
347 54
348 54
349 41
350 41
351 54
352 54
353 41
354 50
355 41
356 54
357 54
358 51
359 54
360 54
361 34
362 54
363 44
364 54
365 54
366 54
367 50
368 57
369 57
370 54
371 46
372 54
373 43
374 20
375 48
376 13
377 13
378 13
379 13
380 13
381 13
382 20
383 20
384 20
385 20
386 20
387 20
388 42
389 20
390 42
391 42
392 32
393 42
394 42
395 42
396 41
397 42
398 41
399 42
400 42
401 42
402 42
403 42
404 20
405 20
406 20
407 20
408 20
409 20
410 31
411 20
412 20
413 20
414 43
415 43
416 43
417 43
418 43
419 43
420 43
421 43
422 43
423 43
424 43
425 43
426 43
427 43
428 23
429 43
430 43
431 31
432 31
433 7
434 31
435 31
436 31
437 31
438 31
439 31
440 31
441 31
442 31
443 31
444 46
445 46
446 46
447 46
448 46
449 46
450 46
451 46
452 46
453 46
454 46
455 46
456 46
457 46
458 46
459 46
460 46
461 46
462 46
463 46
464 45
465 46
466 46
467 46
468 46
469 46
470 46
471 46
472 46
473 46
474 46
475 38
476 38
477 46
478 21
479 21
480 21
481 21
482 21
483 21
484 21
485 51
486 19
487 12
488 12
489 14
490 11
491 24
492 11
493 52
494 11
495 7
496 11
497 11
498 39
499 0
500 12
501 11
502 11
503 11
504 32
505 13
506 11
507 14
508 14
509 42
510 33
511 12
512 3
513 14
514 14
515 45
516 8
517 19
518 14
519 8
520 8
521 7
522 8
523 8
524 9
525 7
526 8
527 8
528 7
529 8
530 8
531 25
532 9
533 10
534 8
535 9
536 7
537 8
538 7
539 2
540 7
541 7
542 8
543 8
544 8
545 8
546 9
547 8
548 2
549 8
550 8
551 2
552 8
553 4
554 8
555 8
556 8
557 8
558 8
559 8
560 8
561 23
562 23
563 21
564 21
565 21
566 19
567 21
568 21
569 21
570 21
571 21
572 4
573 48
574 21
575 21
576 20
577 41
578 21
579 21
580 21
581 36
582 36
583 36
584 36
585 36
586 36
587 36
588 26
589 26
590 26
591 26
592 26
593 26
594 0
595 0
596 0
597 0
598 0
599 7
600 0
601 0
602 0
603 0
604 9
605 7
606 7
607 7
608 7
609 10
610 10
611 7
612 7
613 7
614 8
615 14
616 23
617 9
618 7
619 34
620 34
621 34
622 34
623 33
624 34
625 34
626 41
627 34
628 12
629 34
630 34
631 48
632 48
633 32
634 19
635 19
636 16
637 16
638 16
639 16
640 15
641 16
642 16
643 16
644 17
645 28
646 28
647 17
648 15
649 17
650 44
651 15
652 15
653 15
654 15
655 17
656 37
657 59
658 31
659 31
660 59
661 59
662 59
663 25
664 25
665 13
666 11
667 11
668 8
669 17
670 11
671 11
672 6
673 11
674 12
675 15
676 37
677 54
678 58
679 35
680 40
681 39
682 40
683 40
684 40
685 40
686 35
687 40
688 59
689 58
690 58
691 41
692 40
693 31
694 31
695 31
696 31
697 33
698 32
699 31
700 2
701 44
702 32
703 32
704 5
705 32
706 32
707 32
708 57
709 57
710 57
711 57
712 57
713 57
714 57
715 57
716 57
717 57
718 56
719 57
720 36
721 57
722 56
723 57
724 9
725 9
726 8
727 8
728 11
729 0
730 0
731 0
732 14
733 29
734 6
735 0
736 0
737 52
738 46
739 0
740 0
741 53
742 14
743 0
744 0
745 0
746 32
747 32
748 32
749 32
750 32
751 32
752 14
753 32
754 32
755 32
756 43
757 32
758 32
759 32
760 32
761 32
762 4
763 56
764 4
765 56
766 4
767 4
768 4
769 4
770 4
771 4
772 6
773 4
774 4
775 4
776 33
777 33
778 33
779 33
780 54
781 33
782 33
783 43
784 43
785 43
786 43
787 43
788 43
789 43
790 43
791 43
792 7
793 24
794 7
795 42
796 7
797 1
798 1
799 1
800 1
801 1
802 1
803 1
804 1
805 1
806 40
807 40
808 40
809 39
810 40
811 40
812 2
813 2
814 2
815 2
816 2
817 28
818 28
819 28
820 28
821 28
822 28
823 1
824 28
825 28
826 28
827 28
828 23
829 23
830 23
831 23
832 7
833 7
834 19
835 19
836 19
837 19
838 19
839 19
840 19
841 19
842 19
843 19
844 16
845 16
846 16
847 19
848 19
849 19
850 24
851 19
852 19
853 44
854 32
855 32
856 32
857 32
858 20
859 32
860 31
861 13
862 13
863 13
864 3
865 3
866 3
867 3
868 4
869 3
870 3
871 3
872 3
873 3
874 6
875 3
876 3
877 10
878 10
879 10
880 10
881 10
882 10
883 10
884 7
885 7
886 7
887 7
888 32
889 32
890 32
891 31
892 32
893 39
894 39
895 32
896 31
897 39
898 39
899 39
900 38
901 39
902 39
903 39
904 40
905 39
906 39
907 39
908 38
909 39
910 44
911 44
912 44
913 44
914 39
915 42
916 44
917 20
918 44
919 44
920 44
921 44
922 44
923 44
924 44
925 42
926 44
927 6
928 48
929 39
930 2
931 47
932 20
933 20
934 3
935 41
936 20
937 20
938 20
939 4
940 30
941 2
942 20
943 19
944 52
945 52
946 53
947 52
948 59
949 52
950 52
951 52
952 52
953 53
954 53
955 53
956 53
957 53
958 53
959 53
960 53
961 53
962 36
963 53
964 53
965 53
966 53
967 53
968 51
969 53
970 53
971 53
972 53
973 24
974 53
975 15
976 59
977 53
978 59
979 29
980 29
981 29
982 29
983 29
984 29
985 29
986 37
987 29
988 29
989 29
990 19
991 19
992 29
993 37
994 37
995 37
996 6
997 37
998 37
999 37
1000 37
1001 42
1002 37
1003 37
1004 37
1005 37
1006 37
1007 37
1008 38
1009 37
1010 37
1011 37
1012 37
1013 37
1014 49
1015 49
1016 45
1017 48
1018 49
1019 49
1020 49
1021 1
1022 49
1023 52
1024 6
1025 50
1026 50
1027 28
1028 28
1029 28
1030 28
1031 28
1032 28
1033 28
1034 32
1035 32
1036 32
1037 32
1038 32
1039 32
1040 32
1041 27
1042 42
1043 42
1044 42
1045 40
1046 18
1047 42
1048 15
1049 15
1050 15
1051 14
1052 19
1053 14
1054 15
1055 14
1056 0
1057 0
1058 14
1059 0
1060 22
1061 55
1062 14
1063 14
1064 17
1065 24
1066 14
1067 50
1068 0
1069 14
1070 24
1071 24
1072 24
1073 24
1074 50
1075 50
1076 50
1077 50
1078 50
1079 50
1080 50
1081 50
1082 50
1083 50
1084 50
1085 50
1086 16
1087 16
1088 26
1089 27
1090 27
1091 27
1092 27
1093 26
1094 27
1095 26
1096 57
1097 27
1098 27
1099 27
1100 14
1101 14
1102 55
1103 55
1104 55
1105 55
1106 55
1107 55
1108 55
1109 55
1110 55
1111 55
1112 55
1113 55
1114 55
1115 55
1116 55
1117 55
1118 55
1119 55
1120 55
1121 52
1122 52
1123 21
1124 21
1125 21
1126 21
1127 21
1128 21
1129 3
1130 21
1131 21
1132 21
1133 27
1134 12
1135 27
1136 27
1137 27
1138 27
1139 27
1140 27
1141 27
1142 27
1143 27
1144 27
1145 27
1146 29
1147 27
1148 27
1149 29
1150 29
1151 29
1152 29
1153 29
1154 29
1155 29
1156 18
1157 18
1158 18
1159 50
1160 18
1161 18
1162 18
1163 18
1164 18
1165 21
1166 20
1167 35
1168 18
1169 18
1170 18
1171 18
1172 18
1173 18
1174 18
1175 18
1176 18
1177 8
1178 28
1179 28
1180 28
1181 28
1182 28
1183 28
1184 28
1185 28
1186 52
1187 52
1188 52
1189 52
1190 52
1191 52
1192 55
1193 55
1194 55
1195 55
1196 55
1197 55
1198 55
1199 55
1200 55
1201 55
1202 55
1203 51
1204 33
1205 51
1206 51
1207 51
1208 59
1209 51
1210 51
1211 51
1212 51
1213 51
1214 51
1215 51
1216 51
1217 22
1218 22
1219 22
1220 22
1221 22
1222 22
1223 22
1224 22
1225 22
1226 22
1227 22
1228 22
1229 19
1230 19
1231 19
1232 52
1233 19
1234 19
1235 19
1236 35
1237 35
1238 33
1239 33
1240 33
1241 33
1242 33
1243 33
1244 33
1245 33
1246 33
1247 33
1248 33
1249 33
1250 33
1251 33
1252 33
1253 33
1254 33
1255 33
1256 33
1257 33
1258 33
1259 33
1260 33
1261 33
1262 33
1263 33
1264 33
1265 33
1266 33
1267 33
1268 33
1269 33
1270 33
1271 33
1272 33
1273 33
1274 33
1275 33
1276 33
1277 33
1278 33
1279 31
1280 31
1281 31
1282 1
1283 1
1284 1
1285 1
1286 1
1287 41
1288 1
1289 1
1290 41
1291 54
1292 41
1293 41
1294 41
1295 41
1296 41
1297 41
1298 22
1299 22
1300 22
1301 22
1302 22
1303 22
1304 22
1305 22
1306 22
1307 22
1308 22
1309 22
1310 22
1311 38
1312 22
1313 22
1314 22
1315 22
1316 22
1317 38
1318 22
1319 22
1320 22
1321 22
1322 22
1323 22
1324 51
1325 51
1326 51
1327 51
1328 51
1329 51
1330 3
1331 3
1332 8
1333 35
1334 8
1335 24
1336 35
1337 35
1338 24
1339 35
1340 55
1341 3
1342 52
1343 26
1344 6
1345 24
1346 25
1347 24
1348 24
1349 24
1350 24
1351 25
1352 24
1353 24
1354 17
1355 24
1356 17
1357 17
1358 17
1359 17
1360 17
1361 17
1362 17
1363 17
1364 17
1365 17
1366 17
1367 40
1368 34
1369 34
1370 50
1371 34
1372 50
1373 41
1374 41
1375 41
1376 41
1377 41
1378 41
1379 41
1380 33
1381 25
1382 57
1383 57
1384 57
1385 57
1386 57
1387 57
1388 57
1389 57
1390 48
1391 57
1392 57
1393 57
1394 34
1395 57
1396 9
1397 51
1398 51
1399 51
1400 51
1401 50
1402 51
1403 31
1404 24
1405 24
1406 24
1407 14
1408 14
1409 14
1410 14
1411 14
1412 14
1413 14
1414 14
1415 23
1416 23
1417 23
1418 23
1419 23
1420 23
1421 23
1422 55
1423 30
1424 55
1425 30
1426 30
1427 30
1428 30
1429 30
1430 30
1431 30
1432 0
1433 0
1434 0
1435 0
1436 0
1437 0
1438 0
1439 54
1440 57
1441 54
1442 57
1443 45
1444 50
1445 30
1446 50
1447 50
1448 46
1449 1
1450 1
1451 1
1452 1
1453 1
1454 30
1455 1
1456 1
1457 1
1458 1
1459 1
1460 46
1461 46
1462 46
1463 47
1464 45
1465 46
1466 47
1467 46
1468 47
1469 47
1470 47
1471 46
1472 46
1473 47
1474 40
1475 40
1476 40
1477 40
1478 38
1479 40
1480 16
1481 16
1482 16
1483 35
1484 40
1485 16
1486 16
1487 16
1488 16
1489 54
1490 54
1491 48
1492 48
1493 48
1494 48
1495 48
1496 48
1497 48
1498 48
1499 48
1500 48
1501 48
1502 48
1503 30
1504 48
1505 48
1506 48
1507 48
1508 48
1509 43
1510 48
1511 45
1512 45
1513 45
1514 45
1515 47
1516 47
1517 47
1518 47
1519 6
1520 6
1521 54
1522 6
1523 44
1524 40
1525 4
1526 4
1527 4
1528 4
1529 4
1530 4
1531 6
1532 4
1533 26
1534 4
1535 4
1536 3
1537 3
1538 4
1539 4
1540 37
1541 4
1542 4
1543 4
1544 4
1545 4
1546 4
1547 4
1548 4
1549 4
1550 4
1551 4
1552 4
1553 37
1554 6
1555 4
1556 4
1557 6
1558 19
1559 21
1560 19
1561 8
1562 10
1563 53
1564 53
1565 56
1566 56
1567 56
1568 15
1569 14
1570 14
1571 14
1572 23
1573 23
1574 23
1575 23
1576 35
1577 41
1578 41
1579 41
1580 41
1581 41
1582 41
1583 20
1584 20
1585 20
1586 20
1587 39
1588 39
1589 39
1590 39
1591 39
1592 36
1593 44
1594 44
1595 44
1596 44
1597 44
1598 26
1599 39
1600 39
1601 39
1602 39
1603 39
1604 39
1605 39
1606 39
1607 39
1608 39
1609 39
1610 39
1611 38
1612 39
1613 39
1614 39
1615 39
1616 39
1617 39
1618 42
1619 42
1620 22
1621 22
1622 44
1623 28
1624 28
1625 28
1626 28
1627 54
1628 54
1629 54
1630 54
1631 54
1632 54
1633 37
1634 37
1635 36
1636 36
1637 36
1638 36
1639 36
1640 36
1641 35
1642 36
1643 21
1644 21
1645 21
1646 21
1647 24
1648 24
1649 24
1650 24
1651 24
1652 24
1653 25
1654 25
1655 25
1656 25
1657 25
1658 25
1659 25
1660 25
1661 42
1662 42
1663 42
1664 44
1665 42
1666 6
1667 47
1668 15
1669 6
1670 34
1671 33
1672 6
1673 6
1674 35
1675 2
1676 12
1677 2
1678 2
1679 35
1680 2
1681 2
1682 2
1683 2
1684 2
1685 42
1686 25
1687 25
1688 32
1689 26
1690 42
1691 42
1692 49
1693 20
1694 52
1695 35
1696 35
1697 35
1698 25
1699 25
1700 7
1701 41
1702 41
1703 21
1704 21
1705 55
1706 55
1707 55
1708 55
1709 55
1710 32
1711 50
1712 19
1713 19
1714 19
1715 19
1716 40
1717 40
1718 32
1719 32
1720 32
1721 32
1722 32
1723 32
1724 32
1725 32
1726 32
1727 25
1728 28
1729 48
1730 4
1731 4
1732 4
1733 4
1734 4
1735 4
1736 4
1737 4
1738 4
1739 4
1740 4
1741 4
1742 4
1743 4
1744 4
1745 0
1746 0
1747 0
1748 49
1749 49
1750 49
1751 0
1752 0
1753 0
1754 0
1755 0
1756 24
1757 14
1758 24
1759 38
1760 5
1761 24
1762 24
1763 47
1764 24
1765 24
1766 40
1767 16
1768 55
1769 34
1770 3
1771 14
1772 6
1773 6
1774 6
1775 6
1776 6
1777 35
1778 35
1779 35
1780 23
1781 23
1782 23
1783 24
1784 23
1785 23
1786 23
1787 23
1788 23
1789 23
1790 23
1791 23
1792 23
1793 3
1794 3
1795 3
1796 3
1797 3
1798 3
1799 3
1800 3
1801 3
1802 3
1803 3
1804 3
1805 3
1806 3
1807 3
1808 22
1809 42
1810 5
1811 5
1812 5
1813 5
1814 44
1815 42
1816 42
1817 42
1818 42
1819 47
1820 47
1821 47
1822 47
1823 47
1824 47
1825 47
1826 34
1827 34
1828 34
1829 34
1830 6
1831 4
1832 4
1833 4
1834 3
1835 6
1836 3
1837 21
1838 21
1839 49
1840 54
1841 49
1842 49
1843 49
1844 54
1845 54
1846 49
1847 30
1848 30
1849 30
1850 10
1851 12
1852 10
1853 10
1854 5
1855 12
1856 10
1857 53
1858 50
1859 52
1860 52
1861 52
1862 52
1863 52
1864 57
1865 52
1866 53
1867 52
1868 52
1869 52
1870 52
1871 17
1872 17
1873 17
1874 17
1875 17
1876 17
1877 17
1878 17
1879 17
1880 17
1881 17
1882 17
1883 17
1884 17
1885 17
1886 17
1887 17
1888 17
1889 17
1890 17
1891 17
1892 17
1893 17
1894 17
1895 17
1896 17
1897 17
1898 17
1899 17
1900 17
1901 17
1902 17
1903 17
1904 17
1905 37
1906 21
1907 55
1908 55
1909 55
1910 55
1911 55
1912 20
1913 19
1914 19
1915 19
1916 41
1917 29
1918 14
1919 14
1920 29
1921 29
1922 29
1923 29
1924 4
1925 4
1926 5
1927 5
1928 19
1929 19
1930 46
1931 46
1932 14
1933 46
1934 46
1935 46
1936 8
1937 8
1938 23
1939 23
1940 23
1941 23
1942 23
1943 23
1944 40
1945 28
1946 40
1947 28
1948 28
1949 50
1950 54
1951 2
1952 44
1953 2
1954 2
1955 2
1956 44
1957 2
1958 2
1959 45
1960 38
1961 38
1962 38
1963 38
1964 38
1965 38
1966 16
1967 38
1968 38
1969 38
1970 16
1971 38
1972 38
1973 38
1974 38
1975 38
1976 38
1977 38
1978 38
1979 38
1980 37
1981 38
1982 38
1983 26
1984 26
1985 26
1986 41
1987 41
1988 23
1989 23
1990 23
1991 23
1992 23
1993 23
1994 20
1995 44
1996 44
1997 20
1998 28
1999 28
2000 28
2001 28
2002 4
2003 3
2004 3
2005 46
2006 7
2007 43
2008 7
2009 7
2010 5
2011 43
2012 43
2013 43
2014 43
2015 43
2016 43
2017 40
2018 40
2019 40
2020 40
2021 40
2022 59
2023 59
2024 59
2025 54
2026 59
2027 6
2028 6
2029 6
2030 41
2031 44
2032 41
2033 41
2034 25
2035 0
2036 0
2037 0
2038 51
2039 3
2040 3
2041 3
2042 32
2043 32
2044 12
2045 12
2046 32
2047 16
2048 16
2049 16
2050 16
2051 25
2052 16
2053 16
2054 52
2055 16
2056 16
2057 35
2058 35
2059 41
2060 41
2061 0
2062 0
2063 0
2064 0
2065 0
2066 47
2067 47
2068 55
2069 47
2070 55
2071 34
2072 47
2073 58
2074 56
2075 57
2076 57
2077 10
2078 57
2079 57
2080 57
2081 57
2082 40
2083 40
2084 40
2085 40
2086 40
2087 40
2088 25
2089 10
2090 25
2091 25
2092 25
2093 54
2094 54
2095 54
2096 51
2097 51
2098 51
2099 51
2100 51
2101 51
2102 51
2103 28
2104 28
2105 21
2106 59
2107 59
2108 59
2109 31
2110 31
2111 31
2112 31
2113 50
2114 54
2115 35
2116 54
2117 17
2118 16
2119 17
2120 17
2121 15
2122 15
2123 15
2124 47
2125 47
2126 47
2127 47
2128 47
2129 47
2130 47
2131 24
2132 24
2133 24
2134 29
2135 29
2136 29
2137 29
2138 46
2139 46
2140 45
2141 45
2142 55
2143 21
2144 21
2145 33
2146 21
2147 9
2148 46
2149 0
2150 23
2151 25
2152 0
2153 0
2154 22
2155 0
2156 0
2157 0
2158 0
2159 0
2160 23
2161 23
2162 33
2163 6
2164 6
2165 6
2166 6
2167 6
2168 6
2169 6
2170 6
2171 6
2172 27
2173 6
2174 3
2175 6
2176 38
2177 38
2178 38
2179 38
2180 38
2181 38
2182 38
2183 32
2184 32
2185 18
2186 18
2187 18
2188 7
2189 7
2190 7
2191 53
2192 53
2193 53
2194 53
2195 53
2196 52
2197 49
2198 12
2199 12
2200 46
2201 46
2202 15
2203 51
2204 54
2205 54
2206 5
2207 21
2208 21
2209 49
2210 49
2211 10
2212 10
2213 16
2214 24
2215 24
2216 24
2217 24
2218 26
2219 26
2220 26
2221 15
2222 34
2223 34
2224 34
2225 34
2226 24
2227 56
2228 56
2229 56
2230 56
2231 56
2232 56
2233 52
2234 52
2235 56
2236 56
2237 56
2238 56
2239 48
2240 56
2241 56
2242 56
2243 56
2244 36
2245 12
2246 12
2247 12
2248 12
2249 12
2250 29
2251 41
2252 33
2253 41
2254 33
2255 41
2256 41
2257 33
2258 33
2259 33
2260 33
2261 33
2262 33
2263 13
2264 38
2265 38
2266 38
2267 38
2268 38
2269 38
2270 38
2271 44
2272 44
2273 44
2274 44
2275 44
2276 44
2277 44
2278 44
2279 32
2280 32
2281 32
2282 47
2283 32
2284 12
2285 50
2286 50
2287 55
2288 59
2289 59
2290 59
2291 59
2292 59
2293 59
2294 31
2295 39
2296 39
2297 39
2298 39
2299 19
2300 39
2301 15
2302 15
2303 15
2304 15
2305 15
2306 15
2307 15
2308 15
2309 15
2310 47
2311 15
2312 44
2313 40
2314 40
2315 20
2316 20
2317 20
2318 20
2319 43
2320 43
2321 14
2322 43
2323 43
2324 43
2325 43
2326 50
2327 49
2328 53
2329 49
2330 2
2331 42
2332 38
2333 38
2334 38
2335 38
2336 38
2337 37
2338 57
2339 35
2340 35
2341 35
2342 35
2343 35
2344 12
2345 41
2346 41
2347 41
2348 41
2349 41
2350 41
2351 41
2352 41
2353 41
2354 32
2355 25
2356 25
2357 25
2358 25
2359 25
2360 25
2361 35
2362 34
2363 34
2364 40
2365 37
2366 51
2367 50
2368 50
2369 50
2370 50
2371 50
2372 50
2373 50
2374 50
2375 50
2376 49
2377 50
2378 50
2379 50
2380 50
2381 56
2382 56
2383 56
2384 56
2385 56
2386 23
2387 23
2388 21
2389 21
2390 29
2391 29
2392 29
2393 29
2394 29
2395 29
2396 29
2397 29
2398 15
2399 15
2400 15
2401 15
2402 15
2403 15
2404 15
2405 15
2406 15
2407 15
2408 12
2409 12
2410 12
2411 12
2412 12
2413 12
2414 12
2415 6
2416 19
2417 47
2418 47
2419 47
2420 47
2421 47
2422 47
2423 40
2424 50
2425 12
2426 3
2427 3
2428 26
2429 26
2430 26
2431 26
2432 32
2433 32
2434 4
2435 10
2436 10
2437 10
2438 10
2439 10
2440 10
2441 10
2442 10
2443 10
2444 10
2445 10
2446 10
2447 10
2448 10
2449 9
2450 10
2451 10
2452 10
2453 9
2454 10
2455 10
2456 10
2457 6
2458 3
2459 27
2460 27
2461 27
2462 27
2463 27
2464 27
2465 51
2466 51
2467 51
2468 49
2469 52
2470 52
2471 52
2472 50
2473 31
2474 31
2475 45
2476 45
2477 45
2478 45
2479 45
2480 15
2481 40
2482 15
2483 15
2484 15
2485 15
2486 15
2487 15
2488 15
2489 15
2490 12
2491 15
2492 15
2493 27
2494 29
2495 29
2496 29
2497 29
2498 19
2499 19
2500 17
2501 9
2502 10
2503 10
2504 10
2505 10
2506 10
2507 20
2508 20
2509 20
2510 20
2511 20
2512 20
2513 20
2514 16
2515 35
2516 2
2517 2
2518 2
2519 2
2520 57
2521 57
2522 57
2523 44
2524 41
2525 30
2526 30
2527 30
2528 30
2529 30
2530 30
2531 30
2532 50
2533 50
2534 58
2535 58
2536 58
2537 58
2538 52
2539 58
2540 58
2541 58
2542 58
2543 58
2544 58
2545 58
2546 58
2547 58
2548 58
2549 58
2550 58
2551 58
2552 58
2553 7
2554 7
2555 19
2556 16
2557 39
2558 39
2559 39
2560 39
2561 39
2562 39
2563 39
2564 34
2565 34
2566 34
2567 34
2568 34
2569 26
2570 26
2571 7
2572 26
2573 26
2574 26
2575 7
2576 7
2577 7
2578 26
2579 26
2580 56
2581 56
2582 34
2583 40
2584 40
2585 5
2586 40
2587 48
2588 48
2589 48
2590 48
2591 48
2592 48
2593 48
2594 48
2595 48
2596 48
2597 2
2598 2
2599 23
2600 23
2601 23
2602 15
2603 15
2604 45
2605 18
2606 18
2607 18
2608 18
2609 18
2610 19
2611 30
2612 42
2613 42
2614 42
2615 42
2616 42
2617 39
2618 59
2619 59
2620 39
2621 59
2622 59
2623 21
2624 45
2625 45
2626 13
2627 13
2628 13
2629 13
2630 13
2631 13
2632 13
2633 12
2634 13
2635 13
2636 5
2637 6
2638 5
2639 13
2640 34
2641 16
2642 43
2643 19
2644 43
2645 0
2646 57
2647 57
2648 57
2649 57
2650 0
2651 36
2652 0
2653 20
2654 20
2655 23
2656 56
2657 56
2658 56
2659 56
2660 56
2661 56
2662 56
2663 56
2664 56
2665 56
2666 37
2667 56
2668 56
2669 56
2670 56
2671 48
2672 48
2673 48
2674 48
2675 48
2676 48
2677 57
2678 57
2679 21
2680 20
2681 20
2682 20
2683 20
2684 20
2685 5
2686 5
2687 5
2688 5
2689 5
2690 5
2691 5
2692 5
2693 5
2694 26
2695 26
2696 26
2697 26
2698 26
2699 26
2700 26
2701 26
2702 26
2703 26
2704 42
2705 42
2706 42
2707 42
2708 42
2709 42
2710 42
2711 36
2712 44
2713 44
2714 36
2715 44
2716 44
2717 36
2718 19
2719 5
2720 19
2721 53
2722 53
2723 53
2724 53
2725 53
2726 53
2727 53
2728 53
2729 53
2730 53
2731 53
2732 53
2733 53
2734 53
2735 53
2736 53
2737 49
2738 49
2739 49
2740 49
2741 49
2742 49
2743 49
2744 49
2745 2
2746 49
2747 0
2748 43
2749 43
2750 40
2751 40
2752 40
2753 40
2754 40
2755 40
2756 38
2757 2
2758 2
2759 53
2760 53
2761 53
2762 53
2763 53
2764 54
2765 35
2766 53
2767 31
2768 31
2769 5
2770 8
2771 5
2772 5
2773 5
2774 30
2775 5
2776 30
2777 10
2778 10
2779 10
2780 10
2781 5
2782 5
2783 22
2784 16
2785 2
2786 52
2787 52
2788 38
2789 38
2790 38
2791 38
2792 38
2793 14
2794 32
2795 6
2796 6
2797 6
2798 6
2799 6
2800 6
2801 13
2802 13
2803 13
2804 13
2805 13
2806 48
2807 35
2808 5
2809 47
2810 47
2811 47
2812 47
2813 56
2814 56
2815 56
2816 56
2817 56
2818 56
2819 56
2820 51
2821 49
2822 47
2823 7
2824 52
2825 52
2826 52
2827 56
2828 56
2829 31
2830 31
2831 31
2832 31
2833 31
2834 31
2835 31
2836 31
2837 21
2838 20
2839 21
2840 26
2841 26
2842 26
2843 3
2844 3
2845 29
2846 48
2847 8
2848 23
2849 49
2850 49
2851 49
2852 49
2853 19
2854 19
2855 19
2856 19
2857 19
2858 19
2859 19
2860 20
2861 20
2862 20
2863 1
2864 8
2865 8
2866 8
2867 8
2868 51
2869 34
2870 35
2871 34
2872 34
2873 34
2874 34
2875 34
2876 34
2877 34
2878 34
2879 38
2880 36
2881 34
2882 34
2883 34
2884 6
2885 6
2886 36
2887 52
2888 52
2889 24
2890 7
2891 24
2892 24
2893 24
2894 24
2895 24
2896 24
2897 29
2898 29
2899 8
2900 5
2901 12
2902 8
2903 59
2904 59
2905 59
2906 59
2907 32
2908 43
2909 43
2910 43
2911 43
2912 39
2913 39
2914 30
2915 48
2916 40
2917 40
2918 20
2919 58
2920 1
2921 1
2922 1
2923 1
2924 1
2925 1
2926 1
2927 1
2928 5
2929 5
2930 5
2931 5
2932 12
2933 27
2934 12
2935 34
2936 34
2937 34
2938 51
2939 51
2940 51
2941 51
2942 51
2943 51
2944 51
2945 51
2946 51
2947 51
2948 51
2949 51
2950 24
2951 24
2952 44
2953 5
2954 5
2955 5
2956 18
2957 5
2958 5
2959 5
2960 5
2961 5
2962 5
2963 37
2964 37
2965 38
2966 50
2967 50
2968 50
2969 50
2970 50
2971 12
2972 14
2973 14
2974 14
2975 14
2976 14
2977 14
2978 14
2979 14
2980 38
2981 39
2982 39
2983 39
2984 39
2985 39
2986 39
2987 39
2988 37
2989 37
2990 31
2991 31
2992 31
2993 31
2994 40
2995 40
2996 40
2997 40
2998 11
2999 47
3000 47
3001 47
3002 47
3003 47
3004 46
3005 46
3006 11
3007 11
3008 11
3009 11
3010 11
3011 33
3012 38
3013 46
3014 46
3015 46
3016 46
3017 46
3018 57
3019 57
3020 36
3021 36
3022 36
3023 36
3024 36
3025 36
3026 36
3027 36
3028 36
3029 36
3030 9
3031 49
3032 47
3033 49
3034 36
3035 36
3036 1
3037 1
3038 1
3039 1
3040 1
3041 34
3042 1
3043 1
3044 1
3045 1
3046 1
3047 29
3048 29
3049 29
3050 20
3051 20
3052 20
3053 20
3054 26
3055 26
3056 26
3057 26
3058 26
3059 26
3060 26
3061 48
3062 28
3063 37
3064 37
3065 37
3066 49
3067 49
3068 53
3069 53
3070 53
3071 19
3072 26
3073 26
3074 26
3075 26
3076 26
3077 13
3078 13
3079 13
3080 13
3081 13
3082 40
3083 40
3084 34
3085 48
3086 48
3087 48
3088 48
3089 54
3090 54
3091 51
3092 51
3093 51
3094 43
3095 48
3096 48
3097 48
3098 15
3099 52
3100 17
3101 17
3102 57
3103 35
3104 10
3105 1
3106 1
3107 47
3108 47
3109 37
3110 37
3111 34
3112 50
3113 10
3114 10
3115 50
3116 4
3117 4
3118 4
3119 46
3120 45
3121 49
3122 46
3123 46
3124 6
3125 6
3126 6
3127 6
3128 20
3129 22
3130 22
3131 47
3132 47
3133 52
3134 3
3135 3
3136 3
3137 3
3138 3
3139 3
3140 3
3141 4
3142 4
3143 43
3144 43
3145 43
3146 44
3147 43
3148 43
3149 43
3150 43
3151 44
3152 43
3153 29
3154 22
3155 22
3156 12
3157 12
3158 0
3159 48
3160 48
3161 48
3162 48
3163 44
3164 7
3165 7
3166 7
3167 7
3168 7
3169 49
3170 5
3171 5
3172 5
3173 18
3174 18
3175 45
3176 45
3177 57
3178 57
3179 45
3180 31
3181 8
3182 7
3183 2
3184 2
3185 2
3186 2
3187 2
3188 2
3189 2
3190 23
3191 23
3192 23
3193 17
3194 17
3195 25
3196 25
3197 25
3198 25
3199 48
3200 51
3201 51
3202 22
3203 22
3204 5
3205 5
3206 5
3207 5
3208 5
3209 44
3210 37
3211 37
3212 52
3213 52
3214 52
3215 52
3216 37
3217 37
3218 37
3219 37
3220 37
3221 43
3222 43
3223 43
3224 43
3225 43
3226 43
3227 43
3228 43
3229 43
3230 24
3231 24
3232 24
3233 17
3234 51
3235 58
3236 49
3237 49
3238 45
3239 49
3240 49
3241 49
3242 45
3243 45
3244 25
3245 36
3246 36
3247 36
3248 55
3249 36
3250 43
3251 52
3252 52
3253 52
3254 52
3255 52
3256 52
3257 52
3258 54
3259 52
3260 54
3261 52
3262 52
3263 52
3264 52
3265 49
3266 33
3267 41
3268 36
3269 33
3270 50
3271 50
3272 50
3273 53
3274 37
3275 37
3276 37
3277 37
3278 37
3279 37
3280 37
3281 37
3282 45
3283 45
3284 45
3285 45
3286 45
3287 45
3288 45
3289 45
3290 45
3291 19
3292 3
3293 3
3294 3
3295 3
3296 2
3297 2
3298 2
3299 2
3300 2
3301 2
3302 16
3303 16
3304 16
3305 16
3306 16
3307 16
3308 16
3309 16
3310 16
3311 16
3312 16
3313 16
3314 16
3315 16
3316 16
3317 16
3318 42
3319 42
3320 42
3321 19
3322 4
3323 4
3324 53
3325 7
3326 7
3327 7
3328 7
3329 7
3330 7
3331 7
3332 35
3333 42
3334 7
3335 42
3336 7
3337 35
3338 10
3339 10
3340 27
3341 10
3342 14
3343 59
3344 59
3345 59
3346 59
3347 59
3348 59
3349 59
3350 59
3351 59
3352 59
3353 59
3354 59
3355 59
3356 59
3357 21
3358 8
3359 27
3360 27
3361 49
3362 27
3363 49
3364 30
3365 30
3366 30
3367 30
3368 30
3369 30
3370 30
3371 30
3372 30
3373 30
3374 12
3375 12
3376 44
3377 30
3378 30
3379 30
3380 30
3381 30
3382 30
3383 30
3384 30
3385 30
3386 34
3387 34
3388 34
3389 54
3390 54
3391 56
3392 56
3393 56
3394 56
3395 56
3396 56
3397 13
3398 13
3399 13
3400 13
3401 13
3402 13
3403 13
3404 13
3405 13
3406 13
3407 13
3408 13
3409 13
3410 6
3411 21
3412 21
3413 49
3414 49
3415 55
3416 55
3417 55
3418 55
3419 55
3420 35
3421 35
3422 41
3423 41
3424 39
3425 39
3426 39
3427 41
3428 41
3429 41
3430 52
3431 56
3432 56
3433 56
3434 11
3435 11
3436 47
3437 9
3438 9
3439 10
3440 25
3441 9
3442 9
3443 8
3444 8
3445 8
3446 8
3447 2
3448 48
3449 38
3450 48
3451 48
3452 21
3453 21
3454 21
3455 58
3456 58
3457 58
3458 58
3459 58
3460 58
3461 58
3462 58
3463 58
3464 58
3465 58
3466 58
3467 58
3468 58
3469 58
3470 58
3471 58
3472 58
3473 58
3474 58
3475 58
3476 58
3477 58
3478 58
3479 58
3480 58
3481 58
3482 58
3483 58
3484 58
3485 58
3486 31
3487 31
3488 31
3489 20
3490 20
3491 5
3492 5
3493 5
3494 5
3495 49
3496 49
3497 49
3498 49
3499 35
3500 30
3501 56
3502 56
3503 56
3504 3
3505 56
3506 56
3507 56
3508 56
3509 37
3510 37
3511 37
3512 37
3513 37
3514 37
3515 37
3516 37
3517 22
3518 22
3519 22
3520 22
3521 22
3522 22
3523 22
3524 22
3525 22
3526 22
3527 22
3528 22
3529 22
3530 22
3531 22
3532 22
3533 22
3534 22
3535 22
3536 22
3537 22
3538 22
3539 22
3540 19
3541 19
3542 19
3543 27
3544 34
3545 34
3546 34
3547 34
3548 9
3549 9
3550 5
3551 55
3552 55
3553 55
3554 41
3555 41
3556 41
3557 55
3558 55
3559 7
3560 46
3561 46
3562 46
3563 46
3564 9
3565 9
3566 9
3567 9
3568 9
3569 53
3570 53
3571 53
3572 41
3573 23
3574 23
3575 54
3576 54
3577 54
3578 54
3579 54
3580 54
3581 54
3582 54
3583 54
3584 54
3585 54
3586 54
3587 16
3588 7
3589 52
3590 7
3591 14
3592 48
3593 19
3594 11
3595 11
3596 24
3597 26
3598 50
3599 5
3600 5
3601 14
3602 58
3603 57
3604 56
3605 30
3606 30
3607 30
3608 30
3609 30
3610 53
3611 44
3612 41
3613 25
3614 25
3615 25
3616 25
3617 15
3618 15
3619 57
3620 57
3621 15
3622 15
3623 15
3624 16
3625 16
3626 16
3627 16
3628 16
3629 16
3630 45
3631 45
3632 45
3633 45
3634 45
3635 45
3636 45
3637 45
3638 47
3639 47
3640 34
3641 34
3642 34
3643 59
3644 59
3645 59
3646 59
3647 59
3648 59
3649 59
3650 59
3651 59
3652 59
3653 54
3654 54
3655 54
3656 6
3657 51
3658 18
3659 18
3660 18
3661 18
3662 18
3663 18
3664 18
3665 18
3666 18
3667 18
3668 18
3669 18
3670 18
3671 18
3672 18
3673 18
3674 18
3675 18
3676 18
3677 18
3678 18
3679 18
3680 18
3681 18
3682 18
3683 18
3684 18
3685 18
3686 18
3687 18
3688 18
3689 18
3690 18
3691 18
3692 26
3693 26
3694 26
3695 37
3696 45
3697 48
3698 0
3699 0
3700 0
3701 0
3702 3
3703 15
3704 5
3705 5
3706 5
3707 26
3708 35
3709 35
3710 49
3711 49
3712 49
3713 50
3714 50
3715 51
3716 51
3717 51
3718 51
3719 51
3720 47
3721 25
3722 25
3723 25
3724 25
3725 37
3726 49
3727 49
3728 49
3729 31
3730 38
3731 38
3732 52
3733 26
3734 1
3735 1
3736 1
3737 1
3738 0
3739 45
3740 45
3741 45
3742 45
3743 45
3744 27
3745 27
3746 27
3747 27
3748 27
3749 27
3750 27
3751 27
3752 27
3753 27
3754 27
3755 27
3756 47
3757 47
3758 5
3759 10
3760 10
3761 5
3762 55
3763 42
3764 42
3765 12
3766 12
3767 12
3768 10
3769 10
3770 10
3771 10
3772 41
3773 37
3774 37
3775 30
3776 30
3777 30
3778 30
3779 30
3780 1
3781 13
3782 5
3783 5
3784 36
3785 36
3786 36
3787 36
3788 36
3789 1
3790 1
3791 1
3792 26
3793 26
3794 54
3795 54
3796 54
3797 58
3798 58
3799 58
3800 50
3801 50
3802 50
3803 15
3804 59
3805 58
3806 14
3807 38
3808 37
3809 30
3810 30
3811 30
3812 30
3813 30
3814 30
3815 25
3816 30
3817 55
3818 35
3819 7
3820 7
3821 7
3822 7
3823 7
3824 7
3825 7
3826 7
3827 49
3828 49
3829 15
3830 15
3831 18
3832 18
3833 56
3834 44
3835 44
3836 38
3837 15
3838 15
3839 51
3840 27
3841 27
3842 27
3843 27
3844 27
3845 27
3846 47
3847 47
3848 47
3849 58
3850 15
3851 15
3852 49
3853 49
3854 19
3855 28
3856 36
3857 36
3858 36
3859 34
3860 34
3861 34
3862 34
3863 23
3864 23
3865 23
3866 38
3867 45
3868 45
3869 45
3870 45
3871 45
3872 45
3873 34
3874 2
3875 2
3876 2
3877 2
3878 2
3879 2
3880 2
3881 2
3882 2
3883 2
3884 2
3885 45
3886 45
3887 45
3888 45
3889 45
3890 21
3891 51
3892 51
3893 52
3894 11
3895 11
3896 11
3897 11
3898 11
3899 55
3900 53
3901 53
3902 53
3903 53
3904 53
3905 53
3906 53
3907 53
3908 27
3909 27
3910 27
3911 27
3912 26
3913 26
3914 36
3915 36
3916 57
3917 57
3918 57
3919 57
3920 57
3921 57
3922 57
3923 57
3924 57
3925 57
3926 57
3927 57
3928 0
3929 0
3930 0
3931 0
3932 0
3933 10
3934 59
3935 59
3936 59
3937 44
3938 44
3939 44
3940 44
3941 36
3942 36
3943 36
3944 47
3945 46
3946 44
3947 50
3948 50
3949 50
3950 48
3951 11
3952 37
3953 17
3954 24
3955 45
3956 42
3957 42
3958 42
3959 42
3960 42
3961 28
3962 28
3963 36
3964 51
3965 52
3966 6
3967 57
3968 27
3969 27
3970 27
3971 27
3972 14
3973 14
3974 14
3975 14
3976 14
3977 14
3978 14
3979 14
3980 14
3981 14
3982 14
3983 14
3984 14
3985 14
3986 14
3987 31
3988 24
3989 24
3990 24
3991 54
3992 30
3993 30
3994 30
3995 24
3996 12
3997 12
3998 35
3999 35
4000 35
4001 27
4002 27
4003 27
4004 48
4005 50
4006 50
4007 59
4008 59
4009 59
4010 59
4011 59
4012 20
4013 17
4014 24
4015 44
4016 16
4017 26
4018 57
4019 42
4020 42
4021 42
4022 8
4023 2
4024 2
4025 2
4026 44
4027 20
4028 36
4029 36
4030 36
4031 45
4032 45
4033 45
4034 47
4035 44
4036 21
4037 12
4038 12
4039 23
4040 23
4041 23
4042 23
4043 23
4044 25
4045 25
4046 40
4047 40
4048 16
4049 44
4050 44
4051 45
4052 36
4053 37
4054 37
4055 23
4056 23
4057 23
4058 41
4059 44
4060 44
4061 44
4062 48
4063 58
4064 58
4065 21
4066 54
4067 36
4068 54
4069 16
4070 13
4071 13
4072 13
4073 13
4074 13
4075 13
4076 13
4077 13
4078 13
4079 13
4080 13
4081 13
4082 13
4083 13
4084 13
4085 35
4086 35
4087 29
4088 29
4089 56
4090 38
4091 38
4092 55
4093 55
4094 55
4095 31
4096 28
4097 28
4098 28
4099 46
4100 49
4101 49
4102 44
4103 2
4104 2
4105 28
4106 28
4107 28
4108 11
4109 27
4110 5
4111 5
4112 5
4113 58
4114 49
4115 18
4116 16
4117 16
4118 4
4119 6
4120 6
4121 6
4122 6
4123 6
4124 6
4125 6
4126 6
4127 46
4128 46
4129 59
4130 59
4131 59
4132 59
4133 58
4134 58
4135 12
4136 52
4137 59
4138 49
4139 47
4140 47
4141 42
4142 42
4143 42
4144 24
4145 18
4146 18
4147 18
4148 17
4149 17
4150 33
4151 54
4152 28
4153 35
4154 57
4155 50
4156 19
4157 39
