0 1 23
0 2 13
0 3 20
0 4 5
0 5 32
0 6 15
0 7 18
0 8 33
0 9 27
0 10 1
0 11 6
0 12 7
0 13 8
0 14 3
0 15 10
0 16 2
0 17 9
0 18 19
0 19 24
0 20 22
0 21 16
0 22 30
0 23 31
0 24 14
0 25 29
0 26 28
0 27 17
0 28 25
0 29 21
0 30 26
0 31 34
0 32 11
0 33 4
0 34 12
1 1 10
1 2 33
1 3 26
1 4 11
1 5 6
1 6 20
1 7 17
1 8 9
1 9 4
1 10 18
1 11 13
1 12 27
1 13 3
1 14 14
1 15 32
1 16 28
1 17 21
1 18 23
1 19 25
1 20 31
1 21 16
1 22 5
1 23 2
1 24 22
1 25 8
1 26 12
1 27 29
1 28 0
1 29 19
1 30 24
1 31 7
1 32 15
1 33 34
1 34 30
2 1 9
2 2 4
2 3 3
2 4 16
2 5 12
2 6 30
2 7 33
2 8 8
2 9 0
2 10 32
2 11 22
2 12 14
2 13 28
2 14 29
2 15 24
2 16 13
2 17 18
2 18 27
2 19 7
2 20 17
2 21 19
2 22 20
2 23 6
2 24 23
2 25 34
2 26 25
2 27 11
2 28 1
2 29 31
2 30 26
2 31 5
2 32 15
2 33 21
2 34 10
3 1 21
3 2 22
3 3 9
3 4 30
3 5 8
3 6 32
3 7 0
3 8 20
3 9 12
3 10 2
3 11 4
3 12 1
3 13 28
3 14 7
3 15 29
3 16 27
3 17 6
3 18 23
3 19 19
3 20 14
3 21 31
3 22 10
3 23 33
3 24 26
3 25 17
3 26 15
3 27 24
3 28 5
3 29 16
3 30 13
3 31 11
3 32 34
3 33 18
3 34 25
4 1 7
4 2 18
4 3 19
4 4 23
4 5 24
4 6 27
4 7 31
4 8 26
4 9 15
4 10 12
4 11 16
4 12 13
4 13 5
4 14 6
4 15 22
4 16 1
4 17 32
4 18 9
4 19 3
4 20 2
4 21 34
4 22 8
4 23 11
4 24 10
4 25 17
4 26 0
4 27 25
4 28 20
4 29 30
4 30 33
4 31 28
4 32 29
4 33 21
4 34 14
5 1 3
5 2 12
5 3 18
5 4 33
5 5 2
5 6 17
5 7 16
5 8 1
5 9 31
5 10 23
5 11 6
5 12 4
5 13 15
5 14 29
5 15 30
5 16 20
5 17 28
5 18 14
5 19 27
5 20 9
5 21 26
5 22 13
5 23 19
5 24 21
5 25 34
5 26 22
5 27 0
5 28 11
5 29 8
5 30 24
5 31 32
5 32 7
5 33 10
5 34 25
6 1 25
6 2 23
6 3 7
6 4 8
6 5 12
6 6 31
6 7 10
6 8 3
6 9 20
6 10 15
6 11 16
6 12 33
6 13 21
6 14 27
6 15 18
6 16 11
6 17 22
6 18 30
6 19 32
6 20 24
6 21 5
6 22 14
6 23 19
6 24 26
6 25 1
6 26 4
6 27 28
6 28 9
6 29 0
6 30 2
6 31 34
6 32 17
6 33 13
6 34 29
7 1 19
7 2 24
7 3 18
7 4 11
7 5 14
7 6 27
7 7 21
7 8 17
7 9 12
7 10 28
7 11 3
7 12 29
7 13 22
7 14 25
7 15 6
7 16 34
7 17 10
7 18 26
7 19 5
7 20 15
7 21 1
7 22 32
7 23 20
7 24 8
7 25 31
7 26 4
7 27 16
7 28 2
7 29 33
7 30 30
7 31 23
7 32 9
7 33 0
7 34 13
8 1 5
8 2 30
8 3 9
8 4 0
8 5 13
8 6 17
8 7 10
8 8 29
8 9 18
8 10 7
8 11 22
8 12 2
8 13 34
8 14 24
8 15 32
8 16 4
8 17 11
8 18 3
8 19 15
8 20 33
8 21 28
8 22 21
8 23 19
8 24 27
8 25 12
8 26 16
8 27 26
8 28 31
8 29 6
8 30 25
8 31 23
8 32 1
8 33 14
8 34 20
9 1 14
9 2 22
9 3 11
9 4 4
9 5 21
9 6 31
9 7 24
9 8 7
9 9 13
9 10 20
9 11 33
9 12 27
9 13 26
9 14 32
9 15 15
9 16 8
9 17 28
9 18 12
9 19 6
9 20 19
9 21 23
9 22 30
9 23 25
9 24 16
9 25 10
9 26 29
9 27 2
9 28 0
9 29 17
9 30 1
9 31 18
9 32 5
9 33 34
9 34 3
10 1 12
10 2 13
10 3 11
10 4 7
10 5 6
10 6 31
10 7 1
10 8 25
10 9 33
10 10 9
10 11 14
10 12 15
10 13 4
10 14 29
10 15 3
10 16 26
10 17 8
10 18 23
10 19 17
10 20 19
10 21 22
10 22 27
10 23 24
10 24 18
10 25 0
10 26 16
10 27 21
10 28 20
10 29 28
10 30 32
10 31 2
10 32 30
10 33 5
10 34 34
11 1 27
11 2 17
11 3 33
11 4 32
11 5 12
11 6 15
11 7 21
11 8 0
11 9 6
11 10 14
11 11 31
11 12 34
11 13 8
11 14 1
11 15 16
11 16 4
11 17 24
11 18 30
11 19 22
11 20 18
11 21 25
11 22 3
11 23 29
11 24 26
11 25 23
11 26 7
11 27 9
11 28 13
11 29 2
11 30 10
11 31 20
11 32 28
11 33 19
11 34 5
12 1 19
12 2 1
12 3 6
12 4 20
12 5 30
12 6 24
12 7 13
12 8 9
12 9 14
12 10 3
12 11 26
12 12 25
12 13 18
12 14 34
12 15 17
12 16 8
12 17 33
12 18 4
12 19 7
12 20 27
12 21 22
12 22 11
12 23 32
12 24 28
12 25 23
12 26 16
12 27 5
12 28 31
12 29 2
12 30 29
12 31 15
12 32 21
12 33 10
12 34 0
13 1 4
13 2 28
13 3 26
13 4 21
13 5 8
13 6 18
13 7 23
13 8 17
13 9 33
13 10 25
13 11 15
13 12 1
13 13 16
13 14 7
13 15 6
13 16 2
13 17 31
13 18 11
13 19 10
13 20 0
13 21 19
13 22 9
13 23 24
13 24 30
13 25 32
13 26 14
13 27 3
13 28 27
13 29 34
13 30 20
13 31 12
13 32 22
13 33 29
13 34 5
14 1 22
14 2 20
14 3 25
14 4 19
14 5 29
14 6 10
14 7 32
14 8 26
14 9 11
14 10 7
14 11 15
14 12 3
14 13 1
14 14 23
14 15 8
14 16 33
14 17 12
14 18 9
14 19 17
14 20 27
14 21 0
14 22 31
14 23 34
14 24 2
14 25 30
14 26 21
14 27 18
14 28 13
14 29 28
14 30 5
14 31 24
14 32 16
14 33 4
14 34 6
15 1 14
15 2 25
15 3 18
15 4 3
15 5 6
15 6 26
15 7 8
15 8 30
15 9 19
15 10 20
15 11 24
15 12 22
15 13 31
15 14 32
15 15 29
15 16 27
15 17 4
15 18 11
15 19 34
15 20 16
15 21 23
15 22 1
15 23 0
15 24 12
15 25 2
15 26 33
15 27 17
15 28 21
15 29 13
15 30 28
15 31 5
15 32 7
15 33 9
15 34 10
16 1 29
16 2 33
16 3 10
16 4 6
16 5 7
16 6 5
16 7 24
16 8 3
16 9 1
16 10 34
16 11 13
16 12 0
16 13 23
16 14 32
16 15 28
16 16 14
16 17 18
16 18 25
16 19 31
16 20 9
16 21 20
16 22 4
16 23 21
16 24 26
16 25 11
16 26 15
16 27 30
16 28 22
16 29 27
16 30 17
16 31 12
16 32 2
16 33 19
16 34 8
17 1 6
17 2 16
17 3 8
17 4 30
17 5 2
17 6 10
17 7 18
17 8 12
17 9 34
17 10 25
17 11 1
17 12 4
17 13 9
17 14 29
17 15 15
17 16 22
17 17 0
17 18 32
17 19 5
17 20 21
17 21 24
17 22 14
17 23 31
17 24 23
17 25 26
17 26 11
17 27 13
17 28 19
17 29 28
17 30 3
17 31 27
17 32 20
17 33 33
17 34 7
18 1 2
18 2 20
18 3 15
18 4 17
18 5 32
18 6 3
18 7 13
18 8 14
18 9 0
18 10 22
18 11 33
18 12 16
18 13 27
18 14 29
18 15 31
18 16 5
18 17 23
18 18 8
18 19 1
18 20 28
18 21 11
18 22 12
18 23 21
18 24 30
18 25 34
18 26 10
18 27 7
18 28 26
18 29 4
18 30 24
18 31 19
18 32 25
18 33 6
18 34 9
19 1 31
19 2 28
19 3 7
19 4 1
19 5 20
19 6 27
19 7 34
19 8 8
19 9 26
19 10 16
19 11 15
19 12 9
19 13 24
19 14 5
19 15 22
19 16 2
19 17 14
19 18 13
19 19 6
19 20 12
19 21 23
19 22 17
19 23 4
19 24 25
19 25 30
19 26 3
19 27 10
19 28 18
19 29 33
19 30 29
19 31 11
19 32 0
19 33 21
19 34 32
20 1 0
20 2 34
20 3 4
20 4 29
20 5 31
20 6 25
20 7 13
20 8 22
20 9 10
20 10 11
20 11 32
20 12 3
20 13 9
20 14 14
20 15 23
20 16 19
20 17 16
20 18 1
20 19 27
20 20 6
20 21 5
20 22 33
20 23 15
20 24 12
20 25 2
20 26 8
20 27 30
20 28 7
20 29 21
20 30 24
20 31 26
20 32 28
20 33 18
20 34 17
21 1 29
21 2 23
21 3 0
21 4 28
21 5 16
21 6 19
21 7 31
21 8 15
21 9 1
21 10 30
21 11 22
21 12 14
21 13 32
21 14 2
21 15 33
21 16 10
21 17 26
21 18 25
21 19 17
21 20 18
21 21 3
21 22 34
21 23 9
21 24 13
21 25 27
21 26 24
21 27 7
21 28 20
21 29 5
21 30 6
21 31 12
21 32 11
21 33 4
21 34 8
22 1 34
22 2 5
22 3 7
22 4 17
22 5 30
22 6 18
22 7 12
22 8 15
22 9 28
22 10 23
22 11 26
22 12 11
22 13 31
22 14 21
22 15 25
22 16 29
22 17 16
22 18 3
22 19 8
22 20 0
22 21 1
22 22 13
22 23 33
22 24 14
22 25 2
22 26 4
22 27 32
22 28 20
22 29 27
22 30 24
22 31 10
22 32 6
22 33 19
22 34 9
23 1 1
23 2 2
23 3 19
23 4 8
23 5 5
23 6 34
23 7 27
23 8 11
23 9 31
23 10 3
23 11 12
23 12 30
23 13 26
23 14 14
23 15 16
23 16 13
23 17 21
23 18 15
23 19 24
23 20 25
23 21 32
23 22 4
23 23 10
23 24 9
23 25 17
23 26 7
23 27 18
23 28 0
23 29 20
23 30 6
23 31 33
23 32 22
23 33 28
23 34 29
24 1 6
24 2 4
24 3 14
24 4 20
24 5 27
24 6 15
24 7 18
24 8 16
24 9 0
24 10 10
24 11 32
24 12 5
24 13 9
24 14 11
24 15 33
24 16 29
24 17 28
24 18 17
24 19 2
24 20 3
24 21 12
24 22 1
24 23 34
24 24 23
24 25 31
24 26 26
24 27 13
24 28 7
24 29 19
24 30 22
24 31 8
24 32 30
24 33 25
24 34 21
25 1 4
25 2 28
25 3 10
25 4 32
25 5 9
25 6 19
25 7 31
25 8 26
25 9 33
25 10 18
25 11 0
25 12 30
25 13 3
25 14 27
25 15 34
25 16 13
25 17 17
25 18 23
25 19 12
25 20 16
25 21 22
25 22 7
25 23 14
25 24 29
25 25 8
25 26 20
25 27 11
25 28 1
25 29 6
25 30 2
25 31 21
25 32 15
25 33 5
25 34 24
26 1 13
26 2 22
26 3 1
26 4 3
26 5 11
26 6 31
26 7 21
26 8 2
26 9 7
26 10 20
26 11 4
26 12 30
26 13 25
26 14 27
26 15 9
26 16 19
26 17 5
26 18 29
26 19 6
26 20 15
26 21 28
26 22 34
26 23 16
26 24 17
26 25 8
26 26 12
26 27 18
26 28 23
26 29 32
26 30 10
26 31 24
26 32 14
26 33 0
26 34 33
27 1 22
27 2 26
27 3 34
27 4 29
27 5 28
27 6 1
27 7 19
27 8 24
27 9 20
27 10 6
27 11 16
27 12 33
27 13 4
27 14 32
27 15 14
27 16 12
27 17 18
27 18 10
27 19 15
27 20 7
27 21 3
27 22 25
27 23 2
27 24 30
27 25 8
27 26 13
27 27 5
27 28 23
27 29 9
27 30 31
27 31 0
27 32 21
27 33 11
27 34 17
28 1 21
28 2 27
28 3 6
28 4 11
28 5 4
28 6 22
28 7 20
28 8 19
28 9 3
28 10 16
28 11 25
28 12 23
28 13 8
28 14 1
28 15 15
28 16 12
28 17 9
28 18 13
28 19 17
28 20 18
28 21 32
28 22 5
28 23 31
28 24 0
28 25 29
28 26 30
28 27 26
28 28 34
28 29 10
28 30 24
28 31 7
28 32 33
28 33 2
28 34 14
29 1 9
29 2 4
29 3 23
29 4 12
29 5 31
29 6 19
29 7 11
29 8 10
29 9 21
29 10 28
29 11 25
29 12 27
29 13 22
29 14 3
29 15 5
29 16 0
29 17 15
29 18 20
29 19 14
29 20 33
29 21 26
29 22 7
29 23 1
29 24 8
29 25 13
29 26 32
29 27 2
29 28 30
29 29 24
29 30 16
29 31 18
29 32 17
29 33 6
29 34 34
30 1 16
30 2 21
30 3 19
30 4 3
30 5 23
30 6 15
30 7 17
30 8 31
30 9 18
30 10 24
30 11 10
30 12 28
30 13 33
30 14 22
30 15 0
30 16 9
30 17 5
30 18 29
30 19 6
30 20 32
30 21 11
30 22 4
30 23 12
30 24 26
30 25 2
30 26 13
30 27 25
30 28 7
30 29 20
30 30 34
30 31 1
30 32 8
30 33 27
30 34 14
31 1 23
31 2 7
31 3 22
31 4 4
31 5 6
31 6 28
31 7 29
31 8 8
31 9 21
31 10 12
31 11 2
31 12 17
31 13 19
31 14 20
31 15 25
31 16 18
31 17 10
31 18 14
31 19 5
31 20 0
31 21 1
31 22 24
31 23 3
31 24 15
31 25 34
31 26 33
31 27 32
31 28 27
31 29 30
31 30 26
31 31 16
31 32 11
31 33 9
31 34 13
32 1 26
32 2 15
32 3 20
32 4 19
32 5 14
32 6 2
32 7 21
32 8 33
32 9 28
32 10 17
32 11 3
32 12 18
32 13 24
32 14 23
32 15 9
32 16 29
32 17 22
32 18 11
32 19 1
32 20 8
32 21 25
32 22 31
32 23 30
32 24 0
32 25 12
32 26 4
32 27 7
32 28 5
32 29 16
32 30 10
32 31 13
32 32 27
32 33 34
32 34 6
33 1 14
33 2 24
33 3 20
33 4 6
33 5 15
33 6 29
33 7 18
33 8 9
33 9 10
33 10 27
33 11 26
33 12 1
33 13 3
33 14 34
33 15 21
33 16 12
33 17 11
33 18 25
33 19 22
33 20 5
33 21 13
33 22 32
33 23 2
33 24 30
33 25 31
33 26 23
33 27 0
33 28 8
33 29 19
33 30 28
33 31 16
33 32 4
33 33 17
33 34 7
34 1 33
34 2 32
34 3 24
34 4 15
34 5 4
34 6 25
34 7 10
34 8 26
34 9 29
34 10 31
34 11 14
34 12 20
34 13 3
34 14 21
34 15 22
34 16 18
34 17 7
34 18 6
34 19 30
34 20 8
34 21 28
34 22 9
34 23 19
34 24 11
34 25 0
34 26 16
34 27 12
34 28 2
34 29 17
34 30 27
34 31 5
34 32 1
34 33 23
34 34 13