0 32
1 32
2 2
3 32
4 2
5 32
6 17
7 32
8 32
9 2
10 2
11 2
12 6
13 16
14 16
15 1
16 22
17 11
18 2
19 30
20 26
21 4
22 23
23 22
24 11
25 23
26 26
27 26
28 26
29 7
30 26
31 26
32 25
33 29
34 26
35 26
36 4
37 26
38 26
39 26
40 32
41 21
42 9
43 29
44 11
45 30
46 26
47 17
48 25
49 21
50 3
51 26
52 26
53 4
54 26
55 18
56 26
57 29
58 26
59 26
60 26
61 26
62 26
63 26
64 26
65 26
66 9
67 21
68 22
69 22
70 21
71 22
72 24
73 21
74 22
75 22
76 22
77 24
78 30
79 22
80 22
81 25
82 22
83 22
84 22
85 22
86 22
87 22
88 33
89 22
90 22
91 25
92 25
93 25
94 25
95 25
96 34
97 25
98 34
99 25
100 24
101 24
102 25
103 24
104 25
105 23
106 27
107 27
108 21
109 23
110 27
111 18
112 26
113 27
114 27
115 27
116 31
117 13
118 27
119 15
120 27
121 17
122 27
123 27
124 27
125 27
126 7
127 30
128 18
129 27
130 23
131 27
132 27
133 1
134 27
135 27
136 27
137 33
138 29
139 27
140 27
141 13
142 27
143 6
144 34
145 33
146 6
147 6
148 6
149 6
150 6
151 6
152 25
153 6
154 23
155 6
156 6
157 24
158 34
159 6
160 6
161 6
162 6
163 7
164 25
165 32
166 32
167 34
168 32
169 32
170 32
171 32
172 34
173 32
174 21
175 32
176 32
177 32
178 32
179 16
180 17
181 32
182 34
183 32
184 4
185 4
186 32
187 4
188 4
189 4
190 12
191 4
192 4
193 4
194 21
195 7
196 4
197 4
198 4
199 4
200 4
201 4
202 4
203 12
204 4
205 15
206 4
207 4
208 5
209 2
210 4
211 2
212 1
213 12
214 4
215 4
216 5
217 7
218 4
219 5
220 6
221 4
222 11
223 11
224 4
225 19
226 11
227 11
228 3
229 31
230 4
231 20
232 20
233 20
234 20
235 20
236 19
237 20
238 21
239 25
240 21
241 21
242 21
243 21
244 21
245 25
246 21
247 21
248 21
249 21
250 21
251 21
252 21
253 21
254 21
255 21
256 25
257 24
258 24
259 24
260 24
261 24
262 24
263 24
264 24
265 24
266 24
267 24
268 24
269 24
270 24
271 24
272 24
273 24
274 24
275 24
276 24
277 24
278 24
279 9
280 24
281 24
282 24
283 24
284 24
285 16
286 24
287 24
288 24
289 24
290 24
291 24
292 24
293 24
294 24
295 24
296 12
297 24
298 24
299 24
300 24
301 24
302 21
303 21
304 21
305 21
306 21
307 21
308 21
309 21
310 21
311 21
312 21
313 31
314 21
315 24
316 19
317 21
318 19
319 19
320 19
321 21
322 21
323 21
324 21
325 21
326 21
327 21
328 21
329 30
330 21
331 23
332 21
333 5
334 21
335 21
336 21
337 21
338 21
339 21
340 21
341 19
342 5
343 5
344 19
345 21
346 21
347 15
348 15
349 15
350 3
351 15
352 15
353 11
354 16
355 15
356 15
357 15
358 15
359 15
360 15
361 5
362 15
363 1
364 15
365 15
366 15
367 15
368 10
369 15
370 15
371 28
372 15
373 0
374 4
375 26
376 23
377 23
378 23
379 23
380 23
381 23
382 2
383 7
384 2
385 2
386 7
387 7
388 2
389 2
390 2
391 2
392 6
393 3
394 3
395 2
396 2
397 2
398 2
399 2
400 3
401 2
402 3
403 2
404 7
405 7
406 7
407 7
408 4
409 7
410 6
411 7
412 7
413 7
414 0
415 0
416 0
417 0
418 0
419 0
420 0
421 0
422 0
423 0
424 0
425 0
426 0
427 0
428 32
429 0
430 0
431 6
432 6
433 34
434 6
435 6
436 6
437 6
438 6
439 6
440 6
441 6
442 6
443 6
444 28
445 28
446 28
447 28
448 28
449 28
450 28
451 28
452 28
453 28
454 28
455 28
456 28
457 28
458 28
459 28
460 28
461 28
462 28
463 28
464 28
465 28
466 28
467 28
468 28
469 28
470 28
471 28
472 28
473 28
474 28
475 10
476 10
477 28
478 33
479 33
480 33
481 33
482 31
483 33
484 33
485 16
486 34
487 9
488 30
489 23
490 21
491 34
492 21
493 14
494 21
495 25
496 21
497 21
498 1
499 23
500 21
501 21
502 21
503 21
504 6
505 22
506 21
507 25
508 25
509 3
510 7
511 23
512 19
513 23
514 23
515 23
516 25
517 34
518 22
519 25
520 25
521 25
522 25
523 25
524 24
525 24
526 25
527 25
528 25
529 25
530 25
531 17
532 24
533 20
534 25
535 24
536 25
537 25
538 24
539 15
540 24
541 24
542 25
543 25
544 24
545 25
546 24
547 25
548 13
549 24
550 24
551 13
552 24
553 19
554 24
555 25
556 24
557 24
558 24
559 24
560 25
561 17
562 17
563 2
564 2
565 2
566 34
567 2
568 2
569 2
570 2
571 2
572 19
573 13
574 2
575 2
576 1
577 2
578 2
579 2
580 2
581 7
582 7
583 7
584 7
585 7
586 7
587 7
588 18
589 18
590 18
591 18
592 18
593 18
594 17
595 17
596 17
597 17
598 17
599 25
600 17
601 33
602 17
603 17
604 24
605 25
606 24
607 25
608 24
609 24
610 24
611 25
612 25
613 25
614 25
615 33
616 17
617 24
618 24
619 3
620 3
621 3
622 3
623 5
624 3
625 3
626 1
627 3
628 21
629 3
630 3
631 34
632 26
633 6
634 34
635 34
636 31
637 31
638 31
639 31
640 31
641 31
642 31
643 31
644 31
645 26
646 7
647 31
648 31
649 31
650 1
651 31
652 31
653 31
654 31
655 31
656 31
657 12
658 6
659 6
660 12
661 10
662 12
663 24
664 17
665 23
666 21
667 21
668 25
669 31
670 21
671 21
672 19
673 21
674 21
675 30
676 10
677 15
678 9
679 4
680 11
681 11
682 11
683 11
684 11
685 11
686 4
687 11
688 9
689 3
690 9
691 3
692 11
693 6
694 6
695 6
696 6
697 5
698 6
699 6
700 5
701 1
702 6
703 6
704 4
705 6
706 6
707 6
708 8
709 8
710 8
711 8
712 8
713 8
714 8
715 4
716 8
717 8
718 8
719 8
720 12
721 8
722 8
723 8
724 24
725 24
726 25
727 25
728 21
729 23
730 23
731 23
732 33
733 27
734 7
735 23
736 23
737 14
738 28
739 23
740 23
741 14
742 33
743 23
744 23
745 23
746 6
747 6
748 6
749 6
750 6
751 6
752 6
753 6
754 6
755 0
756 0
757 6
758 6
759 6
760 6
761 6
762 20
763 8
764 20
765 8
766 20
767 20
768 20
769 20
770 20
771 20
772 20
773 20
774 20
775 20
776 5
777 5
778 5
779 16
780 15
781 5
782 5
783 0
784 0
785 0
786 0
787 0
788 0
789 0
790 0
791 0
792 25
793 25
794 25
795 3
796 25
797 10
798 10
799 10
800 10
801 10
802 10
803 10
804 10
805 10
806 11
807 11
808 11
809 1
810 11
811 11
812 4
813 4
814 4
815 4
816 4
817 26
818 26
819 26
820 26
821 26
822 26
823 26
824 26
825 26
826 26
827 26
828 32
829 32
830 32
831 32
832 25
833 25
834 34
835 34
836 34
837 34
838 34
839 34
840 34
841 34
842 34
843 34
844 31
845 31
846 31
847 34
848 34
849 34
850 34
851 34
852 34
853 3
854 6
855 6
856 31
857 6
858 6
859 6
860 6
861 23
862 23
863 23
864 20
865 20
866 20
867 20
868 19
869 20
870 20
871 17
872 20
873 20
874 19
875 19
876 20
877 25
878 25
879 25
880 25
881 25
882 25
883 25
884 25
885 25
886 25
887 25
888 6
889 6
890 6
891 6
892 6
893 1
894 1
895 6
896 6
897 11
898 11
899 1
900 10
901 11
902 1
903 11
904 11
905 1
906 11
907 11
908 33
909 1
910 1
911 0
912 1
913 0
914 1
915 2
916 1
917 1
918 1
919 1
920 1
921 1
922 1
923 1
924 1
925 2
926 0
927 19
928 11
929 11
930 4
931 32
932 4
933 4
934 19
935 4
936 4
937 4
938 4
939 19
940 0
941 4
942 4
943 7
944 14
945 14
946 14
947 14
948 12
949 14
950 14
951 14
952 14
953 14
954 0
955 14
956 14
957 14
958 14
959 14
960 14
961 14
962 14
963 14
964 14
965 14
966 14
967 14
968 15
969 14
970 14
971 14
972 14
973 34
974 14
975 30
976 9
977 8
978 9
979 27
980 27
981 27
982 27
983 27
984 27
985 27
986 11
987 27
988 27
989 27
990 27
991 27
992 27
993 11
994 11
995 11
996 7
997 11
998 11
999 11
1000 11
1001 11
1002 11
1003 11
1004 11
1005 11
1006 11
1007 11
1008 11
1009 11
1010 11
1011 11
1012 11
1013 11
1014 16
1015 16
1016 29
1017 13
1018 16
1019 16
1020 16
1021 29
1022 16
1023 16
1024 19
1025 16
1026 16
1027 26
1028 26
1029 26
1030 26
1031 26
1032 26
1033 26
1034 18
1035 6
1036 6
1037 18
1038 6
1039 6
1040 6
1041 18
1042 3
1043 11
1044 3
1045 3
1046 26
1047 3
1048 31
1049 31
1050 31
1051 33
1052 33
1053 33
1054 30
1055 33
1056 33
1057 33
1058 33
1059 33
1060 33
1061 33
1062 33
1063 33
1064 31
1065 34
1066 33
1067 20
1068 33
1069 33
1070 34
1071 34
1072 34
1073 34
1074 16
1075 20
1076 16
1077 16
1078 20
1079 20
1080 20
1081 16
1082 20
1083 20
1084 20
1085 20
1086 31
1087 31
1088 18
1089 18
1090 18
1091 18
1092 18
1093 18
1094 18
1095 18
1096 11
1097 18
1098 18
1099 18
1100 22
1101 22
1102 13
1103 13
1104 13
1105 7
1106 13
1107 13
1108 7
1109 13
1110 13
1111 13
1112 13
1113 13
1114 13
1115 13
1116 13
1117 8
1118 13
1119 13
1120 33
1121 12
1122 12
1123 2
1124 2
1125 2
1126 2
1127 2
1128 2
1129 19
1130 2
1131 2
1132 2
1133 27
1134 25
1135 27
1136 27
1137 27
1138 27
1139 27
1140 27
1141 27
1142 27
1143 27
1144 27
1145 27
1146 27
1147 27
1148 27
1149 27
1150 27
1151 27
1152 27
1153 27
1154 27
1155 27
1156 26
1157 26
1158 26
1159 16
1160 26
1161 26
1162 26
1163 26
1164 26
1165 2
1166 4
1167 4
1168 26
1169 26
1170 26
1171 26
1172 26
1173 26
1174 26
1175 26
1176 26
1177 22
1178 26
1179 26
1180 26
1181 26
1182 26
1183 26
1184 26
1185 26
1186 12
1187 12
1188 12
1189 12
1190 12
1191 12
1192 12
1193 12
1194 12
1195 12
1196 12
1197 12
1198 12
1199 12
1200 12
1201 12
1202 12
1203 15
1204 15
1205 15
1206 15
1207 15
1208 9
1209 15
1210 15
1211 15
1212 15
1213 15
1214 15
1215 15
1216 15
1217 34
1218 33
1219 34
1220 34
1221 34
1222 34
1223 34
1224 34
1225 34
1226 34
1227 34
1228 34
1229 30
1230 30
1231 30
1232 14
1233 30
1234 30
1235 30
1236 7
1237 7
1238 5
1239 5
1240 5
1241 5
1242 5
1243 5
1244 5
1245 5
1246 5
1247 5
1248 5
1249 5
1250 5
1251 5
1252 5
1253 5
1254 5
1255 5
1256 5
1257 5
1258 5
1259 5
1260 5
1261 5
1262 5
1263 5
1264 5
1265 5
1266 5
1267 5
1268 5
1269 5
1270 5
1271 5
1272 5
1273 5
1274 5
1275 5
1276 5
1277 5
1278 5
1279 6
1280 6
1281 6
1282 29
1283 29
1284 29
1285 29
1286 29
1287 11
1288 10
1289 10
1290 3
1291 15
1292 3
1293 3
1294 3
1295 3
1296 3
1297 3
1298 33
1299 33
1300 33
1301 33
1302 33
1303 33
1304 33
1305 33
1306 33
1307 33
1308 33
1309 33
1310 33
1311 33
1312 33
1313 33
1314 33
1315 33
1316 33
1317 33
1318 33
1319 33
1320 33
1321 33
1322 33
1323 33
1324 16
1325 16
1326 16
1327 16
1328 16
1329 16
1330 17
1331 17
1332 25
1333 32
1334 25
1335 32
1336 32
1337 32
1338 32
1339 32
1340 32
1341 19
1342 14
1343 18
1344 19
1345 34
1346 17
1347 34
1348 34
1349 34
1350 34
1351 17
1352 34
1353 34
1354 31
1355 31
1356 31
1357 31
1358 31
1359 31
1360 31
1361 31
1362 31
1363 31
1364 31
1365 31
1366 31
1367 3
1368 3
1369 3
1370 16
1371 3
1372 16
1373 3
1374 3
1375 3
1376 3
1377 3
1378 3
1379 3
1380 7
1381 34
1382 13
1383 13
1384 13
1385 13
1386 13
1387 13
1388 13
1389 13
1390 13
1391 13
1392 13
1393 13
1394 5
1395 13
1396 24
1397 15
1398 15
1399 12
1400 15
1401 16
1402 12
1403 6
1404 34
1405 34
1406 34
1407 33
1408 33
1409 33
1410 33
1411 33
1412 33
1413 33
1414 33
1415 32
1416 23
1417 32
1418 32
1419 23
1420 32
1421 32
1422 12
1423 15
1424 12
1425 15
1426 15
1427 15
1428 15
1429 15
1430 15
1431 15
1432 33
1433 33
1434 33
1435 33
1436 33
1437 33
1438 33
1439 15
1440 15
1441 15
1442 15
1443 29
1444 15
1445 15
1446 20
1447 15
1448 28
1449 10
1450 10
1451 10
1452 10
1453 10
1454 15
1455 10
1456 10
1457 10
1458 10
1459 10
1460 28
1461 28
1462 28
1463 28
1464 29
1465 28
1466 28
1467 28
1468 28
1469 28
1470 28
1471 28
1472 28
1473 28
1474 3
1475 3
1476 3
1477 3
1478 10
1479 3
1480 5
1481 5
1482 5
1483 5
1484 4
1485 5
1486 5
1487 5
1488 5
1489 15
1490 15
1491 13
1492 13
1493 13
1494 13
1495 13
1496 13
1497 13
1498 13
1499 13
1500 13
1501 13
1502 13
1503 0
1504 13
1505 13
1506 16
1507 13
1508 13
1509 0
1510 13
1511 20
1512 20
1513 20
1514 20
1515 12
1516 12
1517 12
1518 12
1519 19
1520 19
1521 4
1522 19
1523 1
1524 4
1525 19
1526 19
1527 19
1528 19
1529 19
1530 19
1531 19
1532 19
1533 18
1534 19
1535 19
1536 20
1537 20
1538 19
1539 19
1540 19
1541 19
1542 19
1543 19
1544 19
1545 19
1546 19
1547 19
1548 19
1549 19
1550 19
1551 19
1552 19
1553 19
1554 19
1555 19
1556 19
1557 7
1558 34
1559 26
1560 23
1561 25
1562 23
1563 30
1564 30
1565 8
1566 8
1567 30
1568 30
1569 33
1570 33
1571 33
1572 17
1573 17
1574 17
1575 17
1576 5
1577 2
1578 2
1579 2
1580 2
1581 2
1582 2
1583 1
1584 1
1585 1
1586 1
1587 1
1588 1
1589 1
1590 1
1591 1
1592 7
1593 1
1594 1
1595 1
1596 1
1597 1
1598 18
1599 1
1600 1
1601 1
1602 1
1603 1
1604 1
1605 1
1606 1
1607 1
1608 1
1609 1
1610 1
1611 10
1612 1
1613 1
1614 1
1615 1
1616 1
1617 1
1618 2
1619 2
1620 34
1621 34
1622 1
1623 26
1624 26
1625 26
1626 26
1627 15
1628 15
1629 15
1630 15
1631 15
1632 15
1633 11
1634 11
1635 5
1636 5
1637 5
1638 5
1639 5
1640 5
1641 5
1642 5
1643 26
1644 26
1645 26
1646 26
1647 32
1648 32
1649 32
1650 32
1651 32
1652 34
1653 17
1654 17
1655 17
1656 17
1657 17
1658 17
1659 17
1660 17
1661 2
1662 2
1663 2
1664 0
1665 2
1666 7
1667 7
1668 30
1669 7
1670 7
1671 7
1672 7
1673 7
1674 4
1675 4
1676 21
1677 5
1678 5
1679 4
1680 4
1681 4
1682 4
1683 5
1684 5
1685 2
1686 17
1687 17
1688 20
1689 18
1690 3
1691 3
1692 12
1693 7
1694 14
1695 4
1696 15
1697 4
1698 17
1699 17
1700 25
1701 2
1702 2
1703 2
1704 2
1705 32
1706 32
1707 32
1708 32
1709 32
1710 6
1711 16
1712 23
1713 23
1714 23
1715 23
1716 3
1717 3
1718 7
1719 7
1720 7
1721 7
1722 7
1723 7
1724 7
1725 7
1726 7
1727 17
1728 26
1729 13
1730 19
1731 19
1732 19
1733 19
1734 19
1735 19
1736 19
1737 19
1738 19
1739 19
1740 19
1741 19
1742 19
1743 19
1744 19
1745 17
1746 17
1747 28
1748 17
1749 17
1750 17
1751 17
1752 17
1753 17
1754 17
1755 28
1756 34
1757 33
1758 34
1759 10
1760 23
1761 34
1762 34
1763 32
1764 34
1765 34
1766 4
1767 5
1768 7
1769 3
1770 20
1771 33
1772 19
1773 19
1774 19
1775 19
1776 19
1777 4
1778 5
1779 5
1780 17
1781 17
1782 17
1783 34
1784 17
1785 17
1786 17
1787 17
1788 17
1789 17
1790 17
1791 17
1792 17
1793 17
1794 17
1795 17
1796 17
1797 17
1798 17
1799 17
1800 20
1801 20
1802 17
1803 20
1804 20
1805 20
1806 20
1807 20
1808 33
1809 3
1810 3
1811 3
1812 3
1813 18
1814 3
1815 3
1816 3
1817 3
1818 3
1819 32
1820 32
1821 32
1822 32
1823 32
1824 32
1825 32
1826 3
1827 3
1828 3
1829 3
1830 19
1831 19
1832 19
1833 19
1834 19
1835 19
1836 19
1837 26
1838 26
1839 15
1840 15
1841 16
1842 16
1843 16
1844 15
1845 15
1846 16
1847 15
1848 15
1849 15
1850 20
1851 29
1852 20
1853 20
1854 23
1855 29
1856 20
1857 14
1858 16
1859 14
1860 12
1861 12
1862 12
1863 12
1864 13
1865 12
1866 14
1867 14
1868 12
1869 12
1870 12
1871 31
1872 31
1873 31
1874 31
1875 31
1876 31
1877 31
1878 31
1879 31
1880 31
1881 31
1882 31
1883 31
1884 31
1885 31
1886 31
1887 31
1888 31
1889 31
1890 31
1891 31
1892 31
1893 31
1894 31
1895 31
1896 31
1897 31
1898 31
1899 31
1900 31
1901 31
1902 31
1903 31
1904 31
1905 11
1906 2
1907 8
1908 8
1909 8
1910 8
1911 8
1912 4
1913 23
1914 23
1915 23
1916 2
1917 27
1918 33
1919 33
1920 27
1921 27
1922 27
1923 27
1924 19
1925 19
1926 18
1927 18
1928 34
1929 34
1930 28
1931 28
1932 28
1933 28
1934 28
1935 28
1936 22
1937 22
1938 17
1939 17
1940 17
1941 17
1942 17
1943 17
1944 3
1945 3
1946 3
1947 3
1948 3
1949 16
1950 15
1951 5
1952 0
1953 5
1954 5
1955 5
1956 0
1957 5
1958 5
1959 29
1960 10
1961 10
1962 10
1963 10
1964 10
1965 10
1966 31
1967 10
1968 10
1969 10
1970 31
1971 10
1972 10
1973 10
1974 10
1975 10
1976 10
1977 10
1978 10
1979 10
1980 10
1981 10
1982 10
1983 18
1984 18
1985 18
1986 2
1987 2
1988 13
1989 13
1990 13
1991 1
1992 13
1993 13
1994 4
1995 0
1996 0
1997 4
1998 26
1999 26
2000 26
2001 26
2002 19
2003 20
2004 20
2005 28
2006 0
2007 0
2008 0
2009 0
2010 4
2011 0
2012 0
2013 0
2014 0
2015 0
2016 0
2017 11
2018 11
2019 11
2020 11
2021 11
2022 12
2023 12
2024 12
2025 12
2026 12
2027 19
2028 19
2029 19
2030 1
2031 1
2032 1
2033 1
2034 32
2035 33
2036 33
2037 33
2038 15
2039 20
2040 20
2041 20
2042 6
2043 6
2044 21
2045 21
2046 6
2047 31
2048 30
2049 30
2050 30
2051 32
2052 30
2053 30
2054 14
2055 30
2056 31
2057 30
2058 30
2059 3
2060 3
2061 33
2062 33
2063 33
2064 33
2065 33
2066 8
2067 32
2068 8
2069 8
2070 8
2071 8
2072 8
2073 9
2074 8
2075 11
2076 13
2077 21
2078 11
2079 11
2080 11
2081 11
2082 3
2083 3
2084 3
2085 3
2086 3
2087 3
2088 17
2089 24
2090 17
2091 17
2092 17
2093 15
2094 15
2095 15
2096 15
2097 15
2098 15
2099 15
2100 15
2101 15
2102 15
2103 26
2104 26
2105 2
2106 9
2107 9
2108 9
2109 6
2110 6
2111 6
2112 6
2113 16
2114 15
2115 16
2116 15
2117 31
2118 31
2119 31
2120 31
2121 31
2122 31
2123 31
2124 32
2125 32
2126 32
2127 32
2128 32
2129 32
2130 32
2131 32
2132 32
2133 32
2134 27
2135 27
2136 27
2137 27
2138 28
2139 28
2140 11
2141 28
2142 8
2143 2
2144 2
2145 7
2146 2
2147 24
2148 28
2149 23
2150 23
2151 32
2152 23
2153 23
2154 22
2155 17
2156 17
2157 17
2158 17
2159 17
2160 17
2161 17
2162 7
2163 19
2164 19
2165 19
2166 19
2167 19
2168 17
2169 19
2170 19
2171 19
2172 27
2173 19
2174 20
2175 19
2176 10
2177 10
2178 10
2179 10
2180 10
2181 10
2182 10
2183 6
2184 6
2185 28
2186 26
2187 26
2188 24
2189 24
2190 24
2191 14
2192 14
2193 14
2194 14
2195 14
2196 14
2197 16
2198 23
2199 23
2200 28
2201 28
2202 22
2203 12
2204 15
2205 14
2206 4
2207 26
2208 26
2209 14
2210 14
2211 20
2212 20
2213 31
2214 34
2215 34
2216 34
2217 34
2218 18
2219 18
2220 18
2221 31
2222 3
2223 3
2224 3
2225 3
2226 34
2227 8
2228 8
2229 8
2230 8
2231 8
2232 8
2233 14
2234 14
2235 8
2236 8
2237 8
2238 8
2239 13
2240 8
2241 8
2242 8
2243 8
2244 30
2245 21
2246 21
2247 21
2248 21
2249 21
2250 27
2251 3
2252 3
2253 3
2254 3
2255 3
2256 3
2257 7
2258 7
2259 7
2260 7
2261 7
2262 7
2263 22
2264 10
2265 10
2266 11
2267 10
2268 33
2269 10
2270 10
2271 1
2272 1
2273 1
2274 1
2275 1
2276 1
2277 0
2278 1
2279 4
2280 4
2281 4
2282 4
2283 6
2284 29
2285 16
2286 16
2287 13
2288 9
2289 9
2290 9
2291 9
2292 9
2293 9
2294 6
2295 1
2296 1
2297 1
2298 1
2299 7
2300 1
2301 30
2302 30
2303 30
2304 30
2305 30
2306 30
2307 30
2308 30
2309 4
2310 30
2311 30
2312 3
2313 3
2314 3
2315 2
2316 2
2317 2
2318 2
2319 0
2320 0
2321 0
2322 0
2323 0
2324 0
2325 0
2326 16
2327 16
2328 14
2329 16
2330 15
2331 11
2332 11
2333 11
2334 11
2335 11
2336 11
2337 10
2338 13
2339 4
2340 4
2341 4
2342 4
2343 4
2344 21
2345 2
2346 2
2347 2
2348 2
2349 2
2350 1
2351 1
2352 2
2353 1
2354 6
2355 32
2356 32
2357 32
2358 32
2359 32
2360 32
2361 16
2362 7
2363 7
2364 16
2365 16
2366 16
2367 16
2368 16
2369 16
2370 16
2371 16
2372 16
2373 16
2374 16
2375 16
2376 16
2377 16
2378 20
2379 16
2380 16
2381 8
2382 8
2383 8
2384 8
2385 8
2386 17
2387 17
2388 2
2389 2
2390 27
2391 27
2392 27
2393 27
2394 27
2395 27
2396 27
2397 27
2398 30
2399 30
2400 30
2401 30
2402 30
2403 30
2404 30
2405 30
2406 30
2407 30
2408 21
2409 21
2410 21
2411 21
2412 21
2413 29
2414 21
2415 7
2416 7
2417 32
2418 32
2419 32
2420 32
2421 32
2422 32
2423 11
2424 20
2425 23
2426 20
2427 20
2428 18
2429 18
2430 18
2431 18
2432 18
2433 18
2434 19
2435 25
2436 25
2437 24
2438 25
2439 25
2440 24
2441 24
2442 24
2443 24
2444 25
2445 20
2446 25
2447 25
2448 25
2449 24
2450 24
2451 20
2452 25
2453 24
2454 25
2455 25
2456 24
2457 20
2458 21
2459 25
2460 25
2461 25
2462 25
2463 25
2464 25
2465 16
2466 15
2467 16
2468 16
2469 14
2470 14
2471 14
2472 20
2473 6
2474 6
2475 28
2476 28
2477 28
2478 28
2479 28
2480 30
2481 4
2482 30
2483 30
2484 30
2485 30
2486 30
2487 30
2488 30
2489 30
2490 30
2491 30
2492 30
2493 27
2494 27
2495 27
2496 27
2497 27
2498 34
2499 34
2500 23
2501 24
2502 24
2503 24
2504 24
2505 24
2506 24
2507 2
2508 2
2509 2
2510 2
2511 2
2512 2
2513 2
2514 5
2515 5
2516 23
2517 11
2518 13
2519 23
2520 10
2521 10
2522 10
2523 3
2524 2
2525 0
2526 0
2527 0
2528 29
2529 0
2530 0
2531 0
2532 16
2533 16
2534 9
2535 9
2536 9
2537 9
2538 14
2539 9
2540 9
2541 9
2542 9
2543 9
2544 9
2545 9
2546 9
2547 9
2548 9
2549 9
2550 9
2551 9
2552 9
2553 25
2554 25
2555 7
2556 31
2557 1
2558 1
2559 1
2560 1
2561 1
2562 1
2563 1
2564 7
2565 7
2566 7
2567 7
2568 7
2569 18
2570 18
2571 18
2572 18
2573 18
2574 18
2575 18
2576 18
2577 18
2578 18
2579 18
2580 8
2581 8
2582 3
2583 4
2584 4
2585 23
2586 4
2587 13
2588 13
2589 13
2590 13
2591 13
2592 13
2593 13
2594 13
2595 13
2596 13
2597 13
2598 13
2599 13
2600 13
2601 13
2602 31
2603 31
2604 29
2605 34
2606 34
2607 34
2608 34
2609 34
2610 34
2611 29
2612 0
2613 0
2614 0
2615 0
2616 0
2617 10
2618 10
2619 10
2620 10
2621 10
2622 10
2623 2
2624 8
2625 29
2626 23
2627 23
2628 23
2629 23
2630 23
2631 23
2632 23
2633 23
2634 23
2635 23
2636 23
2637 19
2638 23
2639 22
2640 3
2641 30
2642 0
2643 23
2644 0
2645 13
2646 13
2647 28
2648 13
2649 13
2650 13
2651 7
2652 17
2653 4
2654 4
2655 33
2656 8
2657 8
2658 8
2659 8
2660 8
2661 8
2662 8
2663 8
2664 8
2665 8
2666 10
2667 8
2668 8
2669 8
2670 8
2671 13
2672 13
2673 13
2674 13
2675 13
2676 13
2677 15
2678 15
2679 2
2680 1
2681 1
2682 1
2683 1
2684 1
2685 18
2686 18
2687 18
2688 18
2689 18
2690 18
2691 18
2692 18
2693 18
2694 18
2695 18
2696 18
2697 18
2698 18
2699 18
2700 18
2701 18
2702 18
2703 18
2704 3
2705 3
2706 3
2707 3
2708 3
2709 3
2710 3
2711 7
2712 7
2713 7
2714 7
2715 7
2716 7
2717 7
2718 34
2719 23
2720 34
2721 14
2722 14
2723 14
2724 14
2725 14
2726 14
2727 14
2728 14
2729 14
2730 14
2731 14
2732 14
2733 14
2734 14
2735 14
2736 14
2737 12
2738 12
2739 12
2740 12
2741 12
2742 12
2743 12
2744 12
2745 15
2746 16
2747 23
2748 0
2749 0
2750 4
2751 4
2752 4
2753 4
2754 4
2755 4
2756 10
2757 13
2758 13
2759 14
2760 14
2761 14
2762 14
2763 14
2764 15
2765 4
2766 14
2767 15
2768 15
2769 23
2770 25
2771 23
2772 23
2773 23
2774 29
2775 23
2776 29
2777 24
2778 24
2779 24
2780 24
2781 23
2782 23
2783 33
2784 30
2785 4
2786 14
2787 14
2788 10
2789 10
2790 10
2791 10
2792 10
2793 33
2794 6
2795 17
2796 17
2797 17
2798 17
2799 17
2800 17
2801 22
2802 22
2803 22
2804 22
2805 22
2806 26
2807 5
2808 4
2809 28
2810 28
2811 28
2812 28
2813 30
2814 30
2815 30
2816 30
2817 30
2818 30
2819 30
2820 12
2821 16
2822 32
2823 24
2824 12
2825 12
2826 12
2827 30
2828 30
2829 6
2830 6
2831 6
2832 6
2833 6
2834 6
2835 6
2836 6
2837 26
2838 1
2839 26
2840 18
2841 18
2842 18
2843 20
2844 20
2845 27
2846 27
2847 21
2848 17
2849 16
2850 16
2851 16
2852 16
2853 33
2854 33
2855 33
2856 33
2857 33
2858 33
2859 33
2860 2
2861 2
2862 2
2863 28
2864 22
2865 22
2866 22
2867 22
2868 15
2869 5
2870 4
2871 5
2872 5
2873 5
2874 5
2875 15
2876 5
2877 5
2878 5
2879 10
2880 4
2881 16
2882 5
2883 5
2884 19
2885 19
2886 5
2887 12
2888 12
2889 34
2890 34
2891 34
2892 34
2893 34
2894 34
2895 34
2896 34
2897 27
2898 27
2899 25
2900 25
2901 25
2902 25
2903 9
2904 9
2905 9
2906 9
2907 7
2908 0
2909 0
2910 0
2911 0
2912 1
2913 1
2914 8
2915 26
2916 11
2917 11
2918 4
2919 9
2920 29
2921 29
2922 29
2923 29
2924 29
2925 29
2926 29
2927 29
2928 25
2929 25
2930 25
2931 25
2932 25
2933 25
2934 21
2935 16
2936 16
2937 16
2938 12
2939 12
2940 12
2941 12
2942 12
2943 12
2944 12
2945 12
2946 12
2947 12
2948 12
2949 12
2950 34
2951 34
2952 11
2953 23
2954 23
2955 23
2956 29
2957 23
2958 23
2959 23
2960 23
2961 23
2962 23
2963 10
2964 10
2965 10
2966 20
2967 20
2968 20
2969 20
2970 20
2971 23
2972 22
2973 22
2974 22
2975 22
2976 22
2977 22
2978 22
2979 22
2980 33
2981 1
2982 1
2983 1
2984 1
2985 1
2986 1
2987 1
2988 11
2989 11
2990 6
2991 6
2992 6
2993 6
2994 11
2995 11
2996 11
2997 11
2998 21
2999 7
3000 7
3001 7
3002 7
3003 7
3004 28
3005 28
3006 21
3007 21
3008 21
3009 21
3010 21
3011 7
3012 28
3013 28
3014 28
3015 28
3016 28
3017 28
3018 28
3019 28
3020 7
3021 7
3022 7
3023 7
3024 7
3025 7
3026 7
3027 7
3028 7
3029 7
3030 24
3031 17
3032 18
3033 18
3034 4
3035 14
3036 28
3037 28
3038 28
3039 28
3040 28
3041 8
3042 28
3043 28
3044 28
3045 28
3046 28
3047 27
3048 27
3049 27
3050 1
3051 1
3052 1
3053 1
3054 18
3055 18
3056 18
3057 18
3058 18
3059 18
3060 18
3061 13
3062 26
3063 10
3064 10
3065 10
3066 16
3067 16
3068 14
3069 14
3070 14
3071 34
3072 18
3073 18
3074 18
3075 18
3076 18
3077 22
3078 22
3079 22
3080 22
3081 22
3082 11
3083 11
3084 3
3085 13
3086 13
3087 13
3088 13
3089 12
3090 12
3091 12
3092 12
3093 12
3094 0
3095 13
3096 13
3097 13
3098 30
3099 12
3100 31
3101 31
3102 8
3103 30
3104 21
3105 10
3106 10
3107 30
3108 32
3109 11
3110 11
3111 8
3112 20
3113 20
3114 20
3115 20
3116 19
3117 19
3118 19
3119 28
3120 28
3121 16
3122 28
3123 28
3124 20
3125 20
3126 20
3127 20
3128 1
3129 34
3130 34
3131 32
3132 32
3133 12
3134 20
3135 20
3136 20
3137 20
3138 20
3139 19
3140 20
3141 19
3142 19
3143 0
3144 0
3145 0
3146 0
3147 0
3148 0
3149 0
3150 0
3151 0
3152 0
3153 27
3154 33
3155 33
3156 21
3157 21
3158 17
3159 13
3160 13
3161 13
3162 13
3163 1
3164 14
3165 14
3166 14
3167 14
3168 14
3169 16
3170 18
3171 18
3172 18
3173 26
3174 26
3175 11
3176 11
3177 8
3178 8
3179 8
3180 6
3181 22
3182 25
3183 15
3184 15
3185 15
3186 15
3187 15
3188 15
3189 15
3190 33
3191 33
3192 33
3193 31
3194 31
3195 17
3196 17
3197 17
3198 17
3199 17
3200 15
3201 15
3202 34
3203 34
3204 23
3205 23
3206 23
3207 4
3208 4
3209 11
3210 11
3211 11
3212 14
3213 14
3214 14
3215 14
3216 11
3217 11
3218 11
3219 11
3220 11
3221 0
3222 0
3223 0
3224 0
3225 0
3226 0
3227 0
3228 0
3229 0
3230 34
3231 34
3232 34
3233 31
3234 16
3235 9
3236 16
3237 16
3238 20
3239 16
3240 16
3241 16
3242 20
3243 20
3244 17
3245 7
3246 7
3247 7
3248 12
3249 7
3250 0
3251 14
3252 14
3253 14
3254 14
3255 14
3256 14
3257 14
3258 12
3259 14
3260 12
3261 14
3262 12
3263 14
3264 14
3265 16
3266 15
3267 20
3268 32
3269 15
3270 20
3271 20
3272 20
3273 14
3274 31
3275 31
3276 31
3277 31
3278 31
3279 31
3280 31
3281 31
3282 29
3283 20
3284 29
3285 29
3286 20
3287 20
3288 20
3289 20
3290 20
3291 34
3292 17
3293 17
3294 17
3295 17
3296 23
3297 23
3298 23
3299 23
3300 23
3301 23
3302 30
3303 30
3304 30
3305 30
3306 30
3307 30
3308 30
3309 30
3310 30
3311 30
3312 30
3313 30
3314 30
3315 30
3316 30
3317 30
3318 0
3319 0
3320 0
3321 34
3322 19
3323 19
3324 14
3325 18
3326 18
3327 24
3328 24
3329 24
3330 24
3331 18
3332 4
3333 3
3334 24
3335 3
3336 24
3337 4
3338 27
3339 27
3340 27
3341 27
3342 28
3343 9
3344 9
3345 9
3346 9
3347 9
3348 9
3349 9
3350 9
3351 9
3352 9
3353 9
3354 9
3355 9
3356 9
3357 26
3358 25
3359 27
3360 27
3361 27
3362 27
3363 27
3364 8
3365 8
3366 8
3367 8
3368 8
3369 8
3370 8
3371 8
3372 8
3373 8
3374 21
3375 21
3376 1
3377 29
3378 29
3379 29
3380 29
3381 29
3382 29
3383 29
3384 29
3385 29
3386 3
3387 3
3388 3
3389 15
3390 15
3391 30
3392 30
3393 30
3394 30
3395 30
3396 30
3397 22
3398 22
3399 22
3400 22
3401 22
3402 22
3403 22
3404 22
3405 22
3406 22
3407 22
3408 22
3409 22
3410 19
3411 26
3412 26
3413 14
3414 14
3415 12
3416 12
3417 12
3418 12
3419 12
3420 5
3421 5
3422 11
3423 11
3424 11
3425 11
3426 11
3427 2
3428 2
3429 2
3430 16
3431 8
3432 8
3433 8
3434 21
3435 21
3436 32
3437 24
3438 24
3439 24
3440 32
3441 24
3442 24
3443 25
3444 25
3445 25
3446 25
3447 5
3448 13
3449 10
3450 13
3451 27
3452 2
3453 2
3454 2
3455 9
3456 9
3457 9
3458 9
3459 9
3460 9
3461 9
3462 9
3463 9
3464 9
3465 9
3466 9
3467 9
3468 9
3469 9
3470 9
3471 9
3472 9
3473 9
3474 9
3475 9
3476 9
3477 9
3478 9
3479 9
3480 9
3481 9
3482 9
3483 9
3484 9
3485 9
3486 6
3487 6
3488 6
3489 7
3490 7
3491 4
3492 4
3493 4
3494 4
3495 16
3496 16
3497 16
3498 16
3499 4
3500 0
3501 8
3502 8
3503 8
3504 20
3505 8
3506 8
3507 8
3508 8
3509 10
3510 10
3511 10
3512 10
3513 10
3514 10
3515 10
3516 10
3517 22
3518 22
3519 22
3520 22
3521 22
3522 22
3523 22
3524 22
3525 22
3526 22
3527 22
3528 22
3529 22
3530 22
3531 22
3532 22
3533 22
3534 22
3535 22
3536 22
3537 22
3538 22
3539 22
3540 34
3541 34
3542 34
3543 25
3544 8
3545 8
3546 8
3547 8
3548 24
3549 24
3550 4
3551 8
3552 8
3553 8
3554 3
3555 3
3556 3
3557 12
3558 12
3559 34
3560 28
3561 28
3562 28
3563 28
3564 24
3565 24
3566 24
3567 24
3568 24
3569 14
3570 14
3571 14
3572 4
3573 17
3574 17
3575 12
3576 12
3577 12
3578 12
3579 12
3580 12
3581 12
3582 12
3583 12
3584 12
3585 12
3586 12
3587 31
3588 24
3589 14
3590 25
3591 33
3592 13
3593 23
3594 21
3595 21
3596 34
3597 18
3598 16
3599 23
3600 23
3601 22
3602 9
3603 4
3604 30
3605 0
3606 0
3607 0
3608 0
3609 0
3610 14
3611 1
3612 1
3613 17
3614 17
3615 17
3616 17
3617 30
3618 30
3619 13
3620 13
3621 30
3622 30
3623 30
3624 5
3625 5
3626 5
3627 5
3628 5
3629 5
3630 29
3631 29
3632 29
3633 29
3634 29
3635 29
3636 29
3637 29
3638 32
3639 32
3640 7
3641 7
3642 7
3643 9
3644 9
3645 9
3646 9
3647 9
3648 9
3649 9
3650 9
3651 9
3652 9
3653 12
3654 12
3655 14
3656 19
3657 16
3658 29
3659 29
3660 29
3661 29
3662 29
3663 29
3664 29
3665 29
3666 29
3667 29
3668 29
3669 29
3670 29
3671 29
3672 29
3673 29
3674 29
3675 29
3676 29
3677 29
3678 29
3679 29
3680 29
3681 29
3682 29
3683 29
3684 29
3685 29
3686 29
3687 29
3688 29
3689 29
3690 29
3691 29
3692 18
3693 18
3694 18
3695 10
3696 20
3697 13
3698 13
3699 13
3700 13
3701 13
3702 17
3703 30
3704 4
3705 4
3706 4
3707 18
3708 32
3709 32
3710 16
3711 16
3712 16
3713 16
3714 16
3715 15
3716 15
3717 15
3718 15
3719 15
3720 7
3721 17
3722 17
3723 17
3724 17
3725 10
3726 16
3727 16
3728 16
3729 6
3730 33
3731 33
3732 12
3733 18
3734 29
3735 29
3736 29
3737 29
3738 13
3739 28
3740 28
3741 28
3742 28
3743 28
3744 27
3745 27
3746 27
3747 27
3748 27
3749 27
3750 27
3751 27
3752 27
3753 27
3754 27
3755 27
3756 32
3757 32
3758 23
3759 23
3760 23
3761 4
3762 13
3763 3
3764 3
3765 22
3766 22
3767 22
3768 20
3769 20
3770 20
3771 20
3772 1
3773 31
3774 31
3775 29
3776 29
3777 29
3778 29
3779 29
3780 29
3781 23
3782 4
3783 4
3784 32
3785 32
3786 32
3787 32
3788 32
3789 10
3790 10
3791 10
3792 18
3793 18
3794 12
3795 12
3796 12
3797 9
3798 9
3799 9
3800 20
3801 20
3802 20
3803 30
3804 9
3805 9
3806 0
3807 10
3808 31
3809 29
3810 29
3811 29
3812 29
3813 29
3814 29
3815 32
3816 15
3817 32
3818 4
3819 25
3820 25
3821 25
3822 25
3823 25
3824 25
3825 25
3826 25
3827 16
3828 16
3829 30
3830 30
3831 29
3832 29
3833 8
3834 3
3835 3
3836 10
3837 30
3838 30
3839 16
3840 18
3841 18
3842 18
3843 18
3844 18
3845 18
3846 32
3847 32
3848 32
3849 9
3850 30
3851 30
3852 12
3853 16
3854 34
3855 26
3856 32
3857 32
3858 32
3859 5
3860 5
3861 5
3862 5
3863 13
3864 13
3865 13
3866 10
3867 29
3868 29
3869 29
3870 29
3871 29
3872 29
3873 5
3874 11
3875 11
3876 11
3877 11
3878 11
3879 11
3880 11
3881 11
3882 11
3883 11
3884 23
3885 8
3886 8
3887 8
3888 8
3889 8
3890 26
3891 12
3892 12
3893 16
3894 21
3895 21
3896 21
3897 21
3898 21
3899 7
3900 14
3901 14
3902 14
3903 14
3904 14
3905 14
3906 14
3907 14
3908 27
3909 27
3910 27
3911 27
3912 18
3913 18
3914 7
3915 16
3916 10
3917 10
3918 10
3919 10
3920 10
3921 10
3922 10
3923 10
3924 10
3925 11
3926 11
3927 11
3928 33
3929 33
3930 33
3931 33
3932 33
3933 21
3934 12
3935 12
3936 12
3937 7
3938 7
3939 7
3940 7
3941 30
3942 30
3943 30
3944 30
3945 28
3946 1
3947 20
3948 20
3949 20
3950 13
3951 21
3952 10
3953 31
3954 34
3955 29
3956 2
3957 2
3958 2
3959 2
3960 2
3961 26
3962 26
3963 32
3964 16
3965 14
3966 19
3967 8
3968 18
3969 18
3970 18
3971 18
3972 22
3973 22
3974 22
3975 22
3976 22
3977 22
3978 22
3979 22
3980 22
3981 22
3982 22
3983 22
3984 22
3985 22
3986 22
3987 6
3988 34
3989 34
3990 34
3991 15
3992 29
3993 29
3994 29
3995 31
3996 23
3997 23
3998 4
3999 4
4000 4
4001 27
4002 27
4003 27
4004 13
4005 20
4006 20
4007 9
4008 9
4009 9
4010 9
4011 9
4012 4
4013 23
4014 34
4015 0
4016 30
4017 18
4018 8
4019 2
4020 2
4021 2
4022 21
4023 23
4024 23
4025 23
4026 1
4027 6
4028 32
4029 32
4030 32
4031 8
4032 8
4033 8
4034 18
4035 0
4036 2
4037 21
4038 21
4039 33
4040 33
4041 33
4042 33
4043 33
4044 17
4045 17
4046 11
4047 11
4048 30
4049 0
4050 0
4051 28
4052 32
4053 31
4054 31
4055 32
4056 32
4057 32
4058 20
4059 0
4060 0
4061 0
4062 16
4063 9
4064 9
4065 2
4066 12
4067 16
4068 12
4069 5
4070 22
4071 22
4072 22
4073 22
4074 22
4075 22
4076 22
4077 22
4078 22
4079 22
4080 22
4081 22
4082 22
4083 22
4084 22
4085 4
4086 4
4087 27
4088 27
4089 8
4090 10
4091 10
4092 32
4093 32
4094 32
4095 6
4096 26
4097 26
4098 26
4099 28
4100 16
4101 16
4102 1
4103 13
4104 13
4105 26
4106 26
4107 26
4108 21
4109 18
4110 23
4111 23
4112 23
4113 3
4114 16
4115 34
4116 5
4117 5
4118 19
4119 19
4120 19
4121 19
4122 19
4123 19
4124 19
4125 19
4126 19
4127 28
4128 28
4129 9
4130 9
4131 9
4132 9
4133 9
4134 9
4135 21
4136 14
4137 9
4138 16
4139 28
4140 28
4141 2
4142 2
4143 2
4144 25
4145 29
4146 29
4147 29
4148 31
4149 31
4150 7
4151 12
4152 26
4153 7
4154 11
4155 16
4156 33
4157 1
