512 4
8 4
520 4
10 4
11 4
524 4
15 4
529 4
532 4
536 4
24 4
25 4
539 4
31 4
34 4
37 4
38 4
559 4
562 4
51 4
56 4
570 4
576 4
577 4
578 4
73 4
589 4
590 4
84 4
90 4
95 4
101 4
613 4
615 4
621 4
111 4
631 4
126 4
644 4
133 4
137 4
651 4
652 4
141 4
142 4
653 4
145 4
663 4
664 4
156 4
157 4
168 4
682 4
684 4
176 4
690 4
180 4
697 4
188 4
700 4
701 4
191 4
702 4
704 4
705 4
706 4
200 4
203 4
204 4
719 4
209 4
210 4
211 4
214 4
724 4
218 4
220 4
732 4
228 4
738 4
233 4
742 4
236 4
746 4
754 4
755 4
247 4
248 4
250 4
251 4
760 4
763 4
257 4
764 4
278 4
284 4
285 4
289 4
298 4
301 4
321 4
322 4
323 4
328 4
334 4
335 4
341 4
347 4
353 4
361 4
372 4
380 4
381 4
393 4
413 4
421 4
450 4
451 4
462 4
463 4
465 4
473 4
482 4
489 4
498 4
503 4
505 4
507 4
508 4
511 4
18 5
19 5
20 5
21 5
535 5
540 5
542 5
33 5
551 5
43 5
555 5
45 5
47 5
566 5
55 5
568 5
60 5
62 5
593 5
596 5
599 5
606 5
607 5
611 5
103 5
105 5
618 5
620 5
110 5
622 5
115 5
116 5
629 5
632 5
124 5
125 5
636 5
637 5
129 5
130 5
642 5
645 5
649 5
655 5
158 5
159 5
160 5
668 5
673 5
163 5
166 5
170 5
683 5
689 5
181 5
692 5
694 5
193 5
703 5
713 5
714 5
720 5
723 5
213 5
216 5
725 5
219 5
728 5
222 5
730 5
731 5
225 5
734 5
230 5
231 5
740 5
743 5
238 5
240 5
752 5
242 5
757 5
249 5
252 5
254 5
256 5
258 5
769 5
267 5
271 5
275 5
281 5
288 5
293 5
306 5
307 5
315 5
316 5
318 5
319 5
329 5
346 5
348 5
356 5
358 5
360 5
365 5
366 5
382 5
385 5
386 5
394 5
397 5
399 5
406 5
409 5
420 5
430 5
438 5
440 5
442 5
452 5
456 5
484 5
