0 2
1 2
2 2
3 2
4 2
5 2
6 11
7 2
8 2
9 13
10 2
11 2
12 14
13 6
14 2
15 2
16 8
17 11
18 2
19 2
20 10
21 3
22 10
23 9
24 3
25 10
26 10
27 11
28 10
29 3
30 10
31 11
32 9
33 4
34 13
35 11
36 3
37 13
38 10
39 10
40 8
41 10
42 4
43 11
44 3
45 2
46 10
47 8
48 9
49 10
50 5
51 11
52 11
53 2
54 11
55 14
56 11
57 11
58 11
59 11
60 11
61 2
62 11
63 11
64 11
65 11
66 4
67 10
68 8
69 8
70 10
71 8
72 9
73 10
74 10
75 8
76 10
77 9
78 8
79 8
80 10
81 9
82 10
83 10
84 10
85 8
86 8
87 8
88 8
89 8
90 8
91 9
92 9
93 9
94 9
95 9
96 8
97 9
98 8
99 9
100 9
101 9
102 9
103 9
104 9
105 7
106 7
107 7
108 7
109 10
110 7
111 14
112 11
113 7
114 7
115 7
116 12
117 12
118 7
119 7
120 12
121 8
122 12
123 7
124 7
125 7
126 2
127 7
128 7
129 7
130 7
131 7
132 7
133 0
134 14
135 14
136 7
137 7
138 1
139 7
140 7
141 12
142 7
143 1
144 7
145 8
146 1
147 1
148 1
149 1
150 1
151 1
152 9
153 1
154 9
155 1
156 1
157 9
158 7
159 1
160 1
161 1
162 1
163 3
164 9
165 8
166 8
167 8
168 8
169 8
170 8
171 8
172 8
173 8
174 10
175 8
176 8
177 8
178 8
179 5
180 9
181 8
182 8
183 8
184 3
185 4
186 3
187 3
188 3
189 6
190 5
191 3
192 3
193 3
194 3
195 4
196 3
197 3
198 3
199 3
200 3
201 4
202 3
203 5
204 3
205 6
206 3
207 3
208 3
209 3
210 3
211 2
212 2
213 5
214 3
215 3
216 3
217 3
218 3
219 3
220 1
221 3
222 5
223 3
224 3
225 13
226 3
227 4
228 4
229 2
230 3
231 13
232 13
233 13
234 13
235 13
236 13
237 13
238 10
239 9
240 10
241 10
242 10
243 10
244 10
245 9
246 10
247 10
248 10
249 10
250 10
251 10
252 10
253 10
254 10
255 10
256 9
257 9
258 9
259 9
260 9
261 9
262 9
263 9
264 9
265 9
266 9
267 9
268 9
269 9
270 9
271 9
272 9
273 9
274 9
275 9
276 9
277 9
278 9
279 14
280 9
281 9
282 9
283 9
284 9
285 6
286 9
287 9
288 9
289 9
290 9
291 9
292 9
293 9
294 9
295 9
296 0
297 9
298 9
299 9
300 9
301 9
302 10
303 10
304 10
305 10
306 10
307 10
308 10
309 10
310 10
311 10
312 10
313 8
314 10
315 9
316 13
317 10
318 13
319 13
320 13
321 10
322 10
323 10
324 10
325 10
326 10
327 10
328 10
329 7
330 10
331 1
332 10
333 3
334 10
335 10
336 10
337 10
338 10
339 10
340 10
341 13
342 10
343 3
344 13
345 10
346 10
347 6
348 6
349 6
350 4
351 6
352 6
353 3
354 6
355 6
356 6
357 6
358 6
359 6
360 6
361 3
362 6
363 2
364 6
365 6
366 6
367 6
368 14
369 6
370 6
371 11
372 6
373 1
374 2
375 7
376 7
377 7
378 9
379 7
380 7
381 7
382 2
383 2
384 2
385 2
386 2
387 2
388 2
389 2
390 2
391 2
392 0
393 14
394 0
395 2
396 1
397 2
398 7
399 2
400 14
401 2
402 14
403 2
404 2
405 2
406 2
407 2
408 2
409 2
410 1
411 2
412 2
413 2
414 1
415 1
416 1
417 1
418 1
419 2
420 1
421 1
422 1
423 2
424 1
425 1
426 2
427 1
428 2
429 1
430 1
431 1
432 1
433 8
434 1
435 1
436 1
437 1
438 1
439 1
440 1
441 1
442 1
443 1
444 11
445 11
446 11
447 11
448 11
449 11
450 11
451 11
452 11
453 11
454 11
455 11
456 11
457 11
458 11
459 11
460 11
461 11
462 11
463 11
464 11
465 11
466 11
467 11
468 11
469 11
470 11
471 11
472 11
473 11
474 11
475 0
476 0
477 11
478 8
479 8
480 8
481 8
482 8
483 8
484 8
485 13
486 7
487 14
488 8
489 10
490 10
491 8
492 10
493 5
494 10
495 9
496 10
497 10
498 10
499 9
500 10
501 10
502 10
503 10
504 1
505 10
506 10
507 9
508 10
509 3
510 3
511 10
512 13
513 10
514 10
515 5
516 10
517 7
518 7
519 9
520 9
521 9
522 9
523 9
524 9
525 9
526 9
527 9
528 9
529 9
530 9
531 9
532 9
533 9
534 9
535 9
536 9
537 9
538 9
539 6
540 9
541 9
542 9
543 9
544 9
545 9
546 9
547 9
548 9
549 10
550 10
551 9
552 10
553 13
554 10
555 9
556 10
557 10
558 10
559 10
560 9
561 7
562 7
563 2
564 13
565 2
566 7
567 2
568 2
569 2
570 2
571 2
572 13
573 12
574 2
575 2
576 2
577 7
578 2
579 2
580 2
581 2
582 2
583 2
584 2
585 2
586 2
587 2
588 14
589 14
590 14
591 14
592 14
593 14
594 11
595 11
596 11
597 11
598 11
599 9
600 11
601 8
602 11
603 11
604 9
605 9
606 9
607 9
608 9
609 9
610 9
611 9
612 9
613 9
614 9
615 9
616 7
617 9
618 9
619 4
620 4
621 4
622 4
623 3
624 4
625 4
626 4
627 4
628 10
629 4
630 4
631 7
632 14
633 1
634 7
635 7
636 8
637 8
638 8
639 8
640 12
641 8
642 8
643 8
644 8
645 11
646 12
647 12
648 12
649 12
650 2
651 12
652 12
653 12
654 1
655 12
656 0
657 5
658 1
659 1
660 5
661 14
662 5
663 9
664 9
665 10
666 10
667 10
668 10
669 12
670 10
671 10
672 13
673 10
674 10
675 8
676 0
677 3
678 4
679 3
680 3
681 3
682 3
683 3
684 3
685 3
686 3
687 3
688 4
689 4
690 4
691 4
692 4
693 1
694 1
695 1
696 1
697 3
698 1
699 1
700 2
701 2
702 1
703 1
704 7
705 1
706 1
707 1
708 0
709 0
710 0
711 0
712 0
713 0
714 0
715 0
716 0
717 0
718 12
719 0
720 5
721 0
722 12
723 0
724 9
725 9
726 9
727 9
728 10
729 9
730 9
731 9
732 9
733 12
734 8
735 9
736 9
737 5
738 11
739 9
740 9
741 5
742 8
743 6
744 9
745 9
746 1
747 1
748 1
749 1
750 1
751 1
752 8
753 1
754 1
755 1
756 1
757 1
758 1
759 1
760 1
761 1
762 13
763 12
764 13
765 12
766 13
767 13
768 13
769 13
770 13
771 13
772 13
773 13
774 13
775 13
776 3
777 3
778 3
779 6
780 3
781 3
782 3
783 1
784 1
785 1
786 1
787 1
788 1
789 1
790 1
791 1
792 9
793 9
794 9
795 0
796 9
797 14
798 14
799 14
800 14
801 14
802 14
803 14
804 14
805 14
806 3
807 3
808 3
809 0
810 5
811 3
812 3
813 3
814 3
815 3
816 3
817 11
818 11
819 12
820 11
821 11
822 12
823 10
824 11
825 11
826 11
827 11
828 2
829 2
830 2
831 2
832 9
833 9
834 7
835 7
836 7
837 7
838 7
839 7
840 7
841 7
842 7
843 7
844 0
845 0
846 0
847 7
848 7
849 7
850 8
851 7
852 7
853 2
854 1
855 1
856 1
857 1
858 13
859 1
860 1
861 10
862 10
863 10
864 13
865 13
866 13
867 13
868 13
869 13
870 13
871 13
872 13
873 13
874 13
875 13
876 13
877 9
878 9
879 9
880 9
881 9
882 9
883 9
884 9
885 9
886 9
887 9
888 0
889 0
890 0
891 0
892 0
893 0
894 0
895 0
896 0
897 0
898 0
899 0
900 0
901 0
902 0
903 0
904 3
905 0
906 0
907 0
908 0
909 0
910 2
911 2
912 2
913 2
914 0
915 2
916 2
917 2
918 2
919 2
920 2
921 2
922 2
923 2
924 2
925 2
926 2
927 13
928 8
929 6
930 6
931 4
932 2
933 2
934 13
935 1
936 2
937 2
938 2
939 13
940 1
941 2
942 2
943 10
944 5
945 5
946 5
947 5
948 5
949 5
950 5
951 5
952 5
953 6
954 5
955 5
956 5
957 5
958 5
959 6
960 6
961 6
962 5
963 6
964 6
965 6
966 6
967 6
968 6
969 6
970 6
971 6
972 6
973 8
974 6
975 5
976 14
977 12
978 14
979 12
980 12
981 12
982 12
983 12
984 14
985 12
986 0
987 12
988 12
989 12
990 12
991 12
992 12
993 0
994 0
995 0
996 8
997 0
998 0
999 0
1000 0
1001 0
1002 0
1003 0
1004 0
1005 0
1006 0
1007 0
1008 0
1009 0
1010 0
1011 6
1012 0
1013 0
1014 6
1015 6
1016 5
1017 12
1018 6
1019 6
1020 6
1021 4
1022 6
1023 6
1024 13
1025 6
1026 6
1027 11
1028 11
1029 11
1030 11
1031 11
1032 11
1033 11
1034 1
1035 1
1036 1
1037 1
1038 1
1039 1
1040 1
1041 14
1042 0
1043 0
1044 0
1045 3
1046 7
1047 0
1048 1
1049 1
1050 1
1051 8
1052 8
1053 8
1054 8
1055 8
1056 8
1057 8
1058 8
1059 8
1060 12
1061 5
1062 8
1063 8
1064 12
1065 8
1066 8
1067 6
1068 8
1069 8
1070 8
1071 8
1072 8
1073 8
1074 6
1075 6
1076 6
1077 6
1078 6
1079 6
1080 6
1081 6
1082 6
1083 6
1084 6
1085 6
1086 8
1087 8
1088 14
1089 14
1090 14
1091 13
1092 13
1093 14
1094 14
1095 14
1096 11
1097 14
1098 14
1099 13
1100 8
1101 8
1102 5
1103 5
1104 5
1105 5
1106 5
1107 5
1108 5
1109 5
1110 5
1111 5
1112 5
1113 5
1114 5
1115 5
1116 5
1117 4
1118 5
1119 5
1120 5
1121 5
1122 5
1123 13
1124 13
1125 13
1126 13
1127 13
1128 13
1129 13
1130 13
1131 13
1132 13
1133 14
1134 10
1135 14
1136 14
1137 14
1138 14
1139 14
1140 14
1141 14
1142 14
1143 14
1144 14
1145 14
1146 14
1147 14
1148 14
1149 14
1150 14
1151 14
1152 14
1153 14
1154 14
1155 14
1156 7
1157 7
1158 7
1159 6
1160 7
1161 7
1162 7
1163 7
1164 7
1165 9
1166 2
1167 3
1168 7
1169 7
1170 7
1171 7
1172 7
1173 7
1174 7
1175 7
1176 7
1177 9
1178 11
1179 11
1180 11
1181 11
1182 11
1183 11
1184 11
1185 11
1186 5
1187 5
1188 5
1189 5
1190 5
1191 5
1192 0
1193 0
1194 0
1195 0
1196 0
1197 0
1198 0
1199 0
1200 0
1201 0
1202 0
1203 6
1204 6
1205 6
1206 6
1207 6
1208 4
1209 6
1210 6
1211 6
1212 6
1213 6
1214 6
1215 6
1216 6
1217 12
1218 12
1219 12
1220 12
1221 12
1222 12
1223 8
1224 12
1225 12
1226 12
1227 12
1228 12
1229 7
1230 7
1231 7
1232 5
1233 7
1234 7
1235 7
1236 3
1237 3
1238 3
1239 3
1240 3
1241 3
1242 3
1243 3
1244 3
1245 3
1246 3
1247 3
1248 3
1249 3
1250 3
1251 3
1252 3
1253 3
1254 3
1255 3
1256 3
1257 3
1258 3
1259 3
1260 3
1261 3
1262 3
1263 3
1264 3
1265 3
1266 3
1267 3
1268 3
1269 3
1270 3
1271 3
1272 3
1273 3
1274 3
1275 3
1276 3
1277 3
1278 3
1279 1
1280 1
1281 1
1282 11
1283 11
1284 11
1285 11
1286 11
1287 3
1288 14
1289 14
1290 4
1291 6
1292 4
1293 4
1294 4
1295 4
1296 4
1297 4
1298 12
1299 12
1300 12
1301 12
1302 12
1303 12
1304 12
1305 12
1306 12
1307 12
1308 12
1309 12
1310 12
1311 0
1312 12
1313 12
1314 12
1315 12
1316 12
1317 0
1318 12
1319 12
1320 12
1321 12
1322 12
1323 12
1324 13
1325 13
1326 13
1327 13
1328 13
1329 13
1330 13
1331 13
1332 3
1333 3
1334 9
1335 3
1336 3
1337 3
1338 3
1339 3
1340 10
1341 13
1342 5
1343 14
1344 13
1345 8
1346 8
1347 8
1348 8
1349 8
1350 8
1351 8
1352 8
1353 8
1354 8
1355 8
1356 8
1357 8
1358 8
1359 8
1360 8
1361 10
1362 8
1363 8
1364 8
1365 10
1366 8
1367 0
1368 4
1369 4
1370 6
1371 4
1372 6
1373 4
1374 4
1375 4
1376 4
1377 4
1378 4
1379 4
1380 3
1381 8
1382 5
1383 5
1384 5
1385 5
1386 5
1387 5
1388 5
1389 5
1390 12
1391 5
1392 5
1393 5
1394 5
1395 5
1396 9
1397 6
1398 12
1399 5
1400 6
1401 6
1402 5
1403 1
1404 8
1405 8
1406 8
1407 9
1408 9
1409 9
1410 9
1411 9
1412 9
1413 9
1414 9
1415 2
1416 2
1417 2
1418 2
1419 2
1420 2
1421 2
1422 0
1423 1
1424 0
1425 1
1426 1
1427 1
1428 1
1429 1
1430 1
1431 1
1432 8
1433 8
1434 8
1435 8
1436 8
1437 8
1438 8
1439 6
1440 11
1441 6
1442 11
1443 1
1444 6
1445 6
1446 6
1447 6
1448 11
1449 14
1450 14
1451 14
1452 14
1453 14
1454 6
1455 14
1456 14
1457 14
1458 14
1459 14
1460 11
1461 11
1462 11
1463 11
1464 11
1465 11
1466 11
1467 11
1468 11
1469 11
1470 11
1471 11
1472 11
1473 11
1474 0
1475 0
1476 0
1477 0
1478 0
1479 0
1480 3
1481 3
1482 3
1483 3
1484 6
1485 3
1486 3
1487 3
1488 3
1489 6
1490 6
1491 12
1492 12
1493 12
1494 12
1495 12
1496 12
1497 12
1498 12
1499 12
1500 12
1501 12
1502 12
1503 1
1504 12
1505 12
1506 12
1507 12
1508 12
1509 1
1510 12
1511 5
1512 5
1513 5
1514 5
1515 4
1516 4
1517 4
1518 4
1519 13
1520 13
1521 6
1522 13
1523 2
1524 6
1525 13
1526 13
1527 13
1528 13
1529 13
1530 13
1531 13
1532 13
1533 14
1534 13
1535 13
1536 13
1537 13
1538 13
1539 13
1540 13
1541 13
1542 13
1543 13
1544 13
1545 13
1546 13
1547 13
1548 13
1549 13
1550 13
1551 13
1552 13
1553 13
1554 13
1555 13
1556 13
1557 8
1558 7
1559 13
1560 7
1561 10
1562 7
1563 12
1564 12
1565 12
1566 12
1567 12
1568 8
1569 8
1570 8
1571 8
1572 7
1573 7
1574 7
1575 7
1576 3
1577 7
1578 7
1579 7
1580 7
1581 7
1582 4
1583 2
1584 2
1585 2
1586 2
1587 0
1588 0
1589 0
1590 0
1591 0
1592 4
1593 2
1594 2
1595 2
1596 2
1597 2
1598 14
1599 0
1600 0
1601 0
1602 0
1603 0
1604 0
1605 0
1606 0
1607 0
1608 0
1609 0
1610 0
1611 0
1612 0
1613 0
1614 0
1615 0
1616 0
1617 0
1618 2
1619 2
1620 12
1621 12
1622 2
1623 11
1624 11
1625 11
1626 11
1627 6
1628 6
1629 6
1630 6
1631 6
1632 6
1633 3
1634 3
1635 3
1636 3
1637 3
1638 3
1639 3
1640 3
1641 3
1642 3
1643 13
1644 13
1645 13
1646 13
1647 8
1648 8
1649 8
1650 8
1651 8
1652 8
1653 8
1654 8
1655 8
1656 8
1657 8
1658 8
1659 8
1660 8
1661 2
1662 2
1663 2
1664 2
1665 2
1666 8
1667 11
1668 8
1669 8
1670 3
1671 3
1672 8
1673 8
1674 3
1675 3
1676 10
1677 2
1678 2
1679 3
1680 3
1681 3
1682 3
1683 2
1684 2
1685 2
1686 9
1687 9
1688 13
1689 14
1690 3
1691 3
1692 6
1693 3
1694 5
1695 3
1696 3
1697 3
1698 9
1699 9
1700 9
1701 1
1702 1
1703 2
1704 2
1705 14
1706 10
1707 14
1708 14
1709 14
1710 1
1711 6
1712 7
1713 7
1714 7
1715 7
1716 0
1717 0
1718 4
1719 4
1720 4
1721 4
1722 4
1723 4
1724 4
1725 4
1726 4
1727 8
1728 8
1729 12
1730 13
1731 13
1732 13
1733 13
1734 13
1735 13
1736 13
1737 13
1738 13
1739 13
1740 13
1741 13
1742 13
1743 13
1744 13
1745 11
1746 11
1747 11
1748 4
1749 4
1750 4
1751 11
1752 11
1753 11
1754 11
1755 11
1756 8
1757 8
1758 8
1759 0
1760 7
1761 8
1762 8
1763 4
1764 8
1765 8
1766 3
1767 10
1768 5
1769 4
1770 13
1771 8
1772 13
1773 13
1774 13
1775 13
1776 13
1777 3
1778 3
1779 3
1780 7
1781 7
1782 7
1783 8
1784 7
1785 7
1786 7
1787 7
1788 7
1789 7
1790 7
1791 7
1792 7
1793 13
1794 13
1795 13
1796 13
1797 13
1798 13
1799 13
1800 13
1801 13
1802 13
1803 13
1804 13
1805 13
1806 13
1807 13
1808 12
1809 14
1810 14
1811 14
1812 14
1813 14
1814 2
1815 14
1816 14
1817 14
1818 14
1819 4
1820 4
1821 4
1822 4
1823 4
1824 4
1825 4
1826 4
1827 4
1828 4
1829 4
1830 13
1831 13
1832 13
1833 13
1834 13
1835 13
1836 13
1837 13
1838 13
1839 6
1840 6
1841 6
1842 6
1843 5
1844 6
1845 6
1846 6
1847 6
1848 6
1849 5
1850 9
1851 10
1852 9
1853 9
1854 7
1855 10
1856 9
1857 6
1858 6
1859 6
1860 5
1861 5
1862 5
1863 5
1864 11
1865 5
1866 6
1867 5
1868 5
1869 5
1870 5
1871 12
1872 12
1873 12
1874 12
1875 12
1876 12
1877 12
1878 12
1879 12
1880 12
1881 12
1882 12
1883 12
1884 12
1885 12
1886 12
1887 12
1888 12
1889 12
1890 12
1891 12
1892 12
1893 12
1894 12
1895 12
1896 12
1897 12
1898 12
1899 12
1900 12
1901 12
1902 12
1903 12
1904 12
1905 0
1906 2
1907 4
1908 4
1909 4
1910 4
1911 4
1912 2
1913 7
1914 7
1915 7
1916 1
1917 14
1918 8
1919 8
1920 14
1921 14
1922 14
1923 14
1924 13
1925 13
1926 14
1927 14
1928 7
1929 7
1930 11
1931 11
1932 8
1933 11
1934 11
1935 11
1936 9
1937 9
1938 7
1939 7
1940 7
1941 7
1942 7
1943 7
1944 5
1945 5
1946 5
1947 6
1948 5
1949 6
1950 6
1951 2
1952 2
1953 2
1954 13
1955 2
1956 2
1957 2
1958 2
1959 1
1960 0
1961 0
1962 0
1963 0
1964 0
1965 0
1966 0
1967 0
1968 0
1969 0
1970 0
1971 0
1972 0
1973 0
1974 0
1975 0
1976 0
1977 0
1978 0
1979 0
1980 0
1981 0
1982 0
1983 14
1984 14
1985 14
1986 7
1987 7
1988 12
1989 12
1990 12
1991 2
1992 7
1993 12
1994 2
1995 2
1996 2
1997 2
1998 11
1999 11
2000 8
2001 7
2002 13
2003 13
2004 13
2005 11
2006 9
2007 2
2008 9
2009 9
2010 6
2011 2
2012 2
2013 2
2014 2
2015 2
2016 2
2017 5
2018 5
2019 5
2020 5
2021 5
2022 5
2023 5
2024 5
2025 5
2026 5
2027 13
2028 13
2029 13
2030 4
2031 2
2032 4
2033 4
2034 8
2035 8
2036 8
2037 8
2038 6
2039 13
2040 13
2041 13
2042 0
2043 0
2044 3
2045 3
2046 0
2047 2
2048 2
2049 2
2050 2
2051 2
2052 2
2053 2
2054 5
2055 2
2056 2
2057 3
2058 3
2059 4
2060 4
2061 8
2062 8
2063 8
2064 8
2065 8
2066 4
2067 4
2068 4
2069 4
2070 4
2071 4
2072 4
2073 4
2074 12
2075 11
2076 11
2077 10
2078 9
2079 11
2080 11
2081 11
2082 5
2083 0
2084 5
2085 5
2086 5
2087 5
2088 12
2089 9
2090 12
2091 9
2092 9
2093 6
2094 6
2095 6
2096 6
2097 6
2098 6
2099 6
2100 6
2101 6
2102 6
2103 11
2104 11
2105 13
2106 14
2107 14
2108 14
2109 1
2110 1
2111 1
2112 1
2113 6
2114 6
2115 6
2116 6
2117 12
2118 2
2119 12
2120 12
2121 12
2122 12
2123 12
2124 4
2125 4
2126 4
2127 4
2128 4
2129 4
2130 4
2131 3
2132 3
2133 3
2134 12
2135 12
2136 12
2137 12
2138 11
2139 11
2140 11
2141 11
2142 4
2143 3
2144 3
2145 3
2146 3
2147 9
2148 11
2149 9
2150 2
2151 2
2152 9
2153 9
2154 11
2155 11
2156 11
2157 11
2158 11
2159 11
2160 7
2161 7
2162 3
2163 13
2164 13
2165 13
2166 13
2167 13
2168 13
2169 13
2170 13
2171 13
2172 13
2173 13
2174 13
2175 13
2176 0
2177 0
2178 0
2179 0
2180 0
2181 0
2182 0
2183 0
2184 0
2185 11
2186 7
2187 7
2188 9
2189 9
2190 9
2191 5
2192 5
2193 5
2194 5
2195 6
2196 5
2197 5
2198 10
2199 10
2200 11
2201 11
2202 9
2203 5
2204 6
2205 5
2206 6
2207 13
2208 13
2209 6
2210 6
2211 9
2212 9
2213 8
2214 8
2215 8
2216 8
2217 8
2218 14
2219 14
2220 14
2221 1
2222 4
2223 4
2224 4
2225 4
2226 8
2227 12
2228 12
2229 12
2230 12
2231 12
2232 12
2233 5
2234 5
2235 12
2236 12
2237 12
2238 12
2239 12
2240 12
2241 12
2242 12
2243 12
2244 3
2245 10
2246 10
2247 10
2248 10
2249 10
2250 12
2251 4
2252 3
2253 4
2254 3
2255 4
2256 4
2257 3
2258 3
2259 3
2260 3
2261 3
2262 3
2263 10
2264 0
2265 0
2266 0
2267 0
2268 0
2269 0
2270 0
2271 2
2272 2
2273 2
2274 2
2275 2
2276 2
2277 1
2278 2
2279 4
2280 4
2281 4
2282 4
2283 0
2284 10
2285 6
2286 6
2287 5
2288 14
2289 14
2290 14
2291 14
2292 14
2293 14
2294 1
2295 10
2296 10
2297 10
2298 10
2299 10
2300 10
2301 8
2302 8
2303 8
2304 8
2305 8
2306 8
2307 8
2308 8
2309 7
2310 4
2311 8
2312 2
2313 3
2314 3
2315 2
2316 2
2317 2
2318 2
2319 1
2320 1
2321 1
2322 1
2323 1
2324 1
2325 1
2326 6
2327 5
2328 6
2329 5
2330 6
2331 0
2332 0
2333 0
2334 0
2335 0
2336 0
2337 0
2338 5
2339 3
2340 3
2341 3
2342 3
2343 3
2344 10
2345 1
2346 1
2347 1
2348 1
2349 1
2350 1
2351 1
2352 1
2353 1
2354 0
2355 8
2356 8
2357 8
2358 8
2359 8
2360 8
2361 6
2362 6
2363 6
2364 6
2365 6
2366 13
2367 6
2368 6
2369 6
2370 6
2371 6
2372 6
2373 6
2374 6
2375 6
2376 6
2377 6
2378 6
2379 6
2380 6
2381 12
2382 12
2383 12
2384 12
2385 12
2386 7
2387 7
2388 2
2389 2
2390 14
2391 14
2392 14
2393 14
2394 14
2395 14
2396 14
2397 14
2398 8
2399 8
2400 8
2401 8
2402 8
2403 5
2404 5
2405 5
2406 5
2407 5
2408 10
2409 10
2410 10
2411 10
2412 10
2413 10
2414 10
2415 8
2416 10
2417 4
2418 4
2419 4
2420 4
2421 4
2422 4
2423 4
2424 6
2425 10
2426 13
2427 13
2428 14
2429 14
2430 14
2431 14
2432 1
2433 1
2434 13
2435 9
2436 9
2437 9
2438 9
2439 9
2440 9
2441 9
2442 9
2443 9
2444 9
2445 9
2446 9
2447 9
2448 9
2449 9
2450 9
2451 9
2452 9
2453 9
2454 9
2455 9
2456 9
2457 13
2458 13
2459 6
2460 6
2461 6
2462 14
2463 6
2464 6
2465 6
2466 6
2467 6
2468 5
2469 5
2470 5
2471 5
2472 13
2473 1
2474 1
2475 11
2476 11
2477 11
2478 11
2479 11
2480 8
2481 3
2482 8
2483 8
2484 8
2485 8
2486 8
2487 8
2488 8
2489 5
2490 8
2491 8
2492 8
2493 14
2494 14
2495 14
2496 14
2497 14
2498 7
2499 7
2500 7
2501 9
2502 9
2503 9
2504 9
2505 9
2506 9
2507 2
2508 2
2509 2
2510 2
2511 2
2512 2
2513 2
2514 2
2515 3
2516 7
2517 10
2518 11
2519 10
2520 14
2521 14
2522 14
2523 2
2524 1
2525 1
2526 1
2527 1
2528 1
2529 1
2530 1
2531 1
2532 6
2533 6
2534 4
2535 4
2536 4
2537 4
2538 5
2539 4
2540 4
2541 4
2542 4
2543 4
2544 4
2545 4
2546 4
2547 4
2548 4
2549 4
2550 4
2551 4
2552 4
2553 9
2554 9
2555 10
2556 8
2557 0
2558 0
2559 0
2560 0
2561 0
2562 0
2563 0
2564 10
2565 10
2566 10
2567 10
2568 10
2569 14
2570 14
2571 14
2572 14
2573 14
2574 14
2575 14
2576 9
2577 14
2578 14
2579 14
2580 12
2581 12
2582 4
2583 3
2584 3
2585 7
2586 3
2587 12
2588 12
2589 12
2590 12
2591 12
2592 12
2593 12
2594 12
2595 12
2596 8
2597 11
2598 11
2599 12
2600 12
2601 12
2602 12
2603 12
2604 1
2605 7
2606 7
2607 7
2608 7
2609 7
2610 7
2611 1
2612 1
2613 1
2614 1
2615 1
2616 1
2617 14
2618 14
2619 14
2620 14
2621 14
2622 14
2623 2
2624 1
2625 1
2626 10
2627 10
2628 10
2629 9
2630 10
2631 10
2632 9
2633 10
2634 10
2635 10
2636 7
2637 13
2638 13
2639 10
2640 4
2641 1
2642 1
2643 1
2644 1
2645 11
2646 11
2647 11
2648 11
2649 11
2650 11
2651 2
2652 11
2653 2
2654 2
2655 2
2656 12
2657 12
2658 12
2659 12
2660 12
2661 12
2662 12
2663 12
2664 12
2665 12
2666 0
2667 12
2668 12
2669 12
2670 12
2671 12
2672 12
2673 12
2674 12
2675 12
2676 12
2677 6
2678 6
2679 2
2680 2
2681 2
2682 0
2683 2
2684 2
2685 14
2686 14
2687 14
2688 14
2689 14
2690 14
2691 14
2692 14
2693 14
2694 14
2695 14
2696 14
2697 14
2698 14
2699 14
2700 14
2701 14
2702 14
2703 14
2704 0
2705 0
2706 0
2707 0
2708 0
2709 0
2710 0
2711 2
2712 2
2713 2
2714 2
2715 2
2716 2
2717 2
2718 7
2719 7
2720 7
2721 5
2722 6
2723 6
2724 6
2725 6
2726 6
2727 6
2728 6
2729 6
2730 6
2731 6
2732 6
2733 6
2734 6
2735 6
2736 6
2737 6
2738 6
2739 6
2740 6
2741 6
2742 6
2743 6
2744 6
2745 6
2746 6
2747 6
2748 2
2749 2
2750 6
2751 6
2752 6
2753 6
2754 6
2755 6
2756 0
2757 11
2758 11
2759 5
2760 5
2761 5
2762 5
2763 5
2764 6
2765 3
2766 6
2767 1
2768 1
2769 7
2770 9
2771 7
2772 7
2773 7
2774 1
2775 7
2776 1
2777 9
2778 9
2779 9
2780 9
2781 7
2782 7
2783 12
2784 2
2785 6
2786 5
2787 5
2788 0
2789 0
2790 0
2791 0
2792 0
2793 8
2794 1
2795 13
2796 13
2797 13
2798 13
2799 13
2800 13
2801 10
2802 10
2803 10
2804 10
2805 10
2806 7
2807 3
2808 7
2809 11
2810 11
2811 11
2812 11
2813 12
2814 12
2815 12
2816 12
2817 12
2818 12
2819 12
2820 5
2821 4
2822 4
2823 9
2824 5
2825 5
2826 5
2827 12
2828 12
2829 1
2830 1
2831 1
2832 1
2833 1
2834 1
2835 1
2836 1
2837 13
2838 0
2839 13
2840 14
2841 14
2842 14
2843 13
2844 13
2845 14
2846 12
2847 10
2848 7
2849 5
2850 5
2851 5
2852 5
2853 8
2854 8
2855 8
2856 8
2857 8
2858 8
2859 8
2860 2
2861 2
2862 2
2863 11
2864 9
2865 9
2866 9
2867 9
2868 6
2869 3
2870 3
2871 3
2872 3
2873 3
2874 3
2875 11
2876 3
2877 3
2878 3
2879 0
2880 3
2881 6
2882 3
2883 3
2884 13
2885 13
2886 3
2887 5
2888 5
2889 8
2890 8
2891 8
2892 8
2893 8
2894 8
2895 8
2896 8
2897 14
2898 14
2899 9
2900 10
2901 9
2902 9
2903 4
2904 4
2905 4
2906 4
2907 4
2908 1
2909 1
2910 1
2911 1
2912 0
2913 0
2914 14
2915 14
2916 4
2917 3
2918 2
2919 4
2920 4
2921 4
2922 4
2923 4
2924 10
2925 4
2926 11
2927 11
2928 10
2929 10
2930 10
2931 10
2932 10
2933 14
2934 10
2935 6
2936 6
2937 6
2938 5
2939 5
2940 5
2941 5
2942 5
2943 5
2944 5
2945 5
2946 5
2947 5
2948 5
2949 5
2950 8
2951 8
2952 0
2953 7
2954 7
2955 7
2956 7
2957 7
2958 7
2959 7
2960 7
2961 7
2962 7
2963 0
2964 0
2965 0
2966 6
2967 6
2968 6
2969 6
2970 6
2971 10
2972 8
2973 8
2974 8
2975 8
2976 8
2977 8
2978 8
2979 8
2980 0
2981 0
2982 0
2983 0
2984 0
2985 0
2986 0
2987 0
2988 0
2989 0
2990 1
2991 1
2992 1
2993 1
2994 3
2995 3
2996 3
2997 3
2998 10
2999 11
3000 11
3001 11
3002 11
3003 11
3004 11
3005 11
3006 10
3007 10
3008 10
3009 10
3010 10
3011 3
3012 0
3013 11
3014 11
3015 11
3016 11
3017 11
3018 11
3019 11
3020 4
3021 4
3022 4
3023 4
3024 4
3025 4
3026 4
3027 4
3028 4
3029 4
3030 9
3031 4
3032 4
3033 4
3034 4
3035 5
3036 11
3037 11
3038 11
3039 11
3040 11
3041 4
3042 11
3043 11
3044 11
3045 11
3046 11
3047 7
3048 7
3049 7
3050 0
3051 0
3052 0
3053 0
3054 14
3055 14
3056 14
3057 14
3058 14
3059 14
3060 14
3061 12
3062 12
3063 0
3064 0
3065 0
3066 6
3067 6
3068 6
3069 6
3070 6
3071 7
3072 14
3073 14
3074 14
3075 14
3076 14
3077 10
3078 10
3079 10
3080 10
3081 10
3082 4
3083 4
3084 4
3085 12
3086 12
3087 12
3088 12
3089 5
3090 5
3091 5
3092 5
3093 5
3094 1
3095 12
3096 12
3097 12
3098 8
3099 5
3100 8
3101 8
3102 0
3103 3
3104 10
3105 14
3106 14
3107 4
3108 4
3109 0
3110 0
3111 4
3112 6
3113 9
3114 9
3115 6
3116 13
3117 13
3118 13
3119 11
3120 11
3121 6
3122 11
3123 11
3124 13
3125 13
3126 13
3127 13
3128 2
3129 8
3130 8
3131 4
3132 4
3133 5
3134 13
3135 13
3136 13
3137 13
3138 13
3139 13
3140 13
3141 13
3142 13
3143 1
3144 1
3145 1
3146 1
3147 1
3148 1
3149 1
3150 1
3151 1
3152 1
3153 12
3154 12
3155 12
3156 3
3157 3
3158 11
3159 12
3160 12
3161 12
3162 12
3163 2
3164 9
3165 9
3166 9
3167 9
3168 9
3169 5
3170 14
3171 14
3172 14
3173 7
3174 7
3175 11
3176 11
3177 0
3178 0
3179 1
3180 1
3181 9
3182 9
3183 6
3184 6
3185 6
3186 6
3187 6
3188 6
3189 6
3190 2
3191 2
3192 2
3193 10
3194 10
3195 12
3196 12
3197 12
3198 12
3199 12
3200 6
3201 6
3202 8
3203 8
3204 7
3205 7
3206 7
3207 7
3208 7
3209 0
3210 0
3211 0
3212 5
3213 5
3214 5
3215 5
3216 0
3217 0
3218 0
3219 0
3220 0
3221 1
3222 1
3223 1
3224 1
3225 1
3226 1
3227 1
3228 1
3229 1
3230 8
3231 8
3232 8
3233 13
3234 13
3235 4
3236 6
3237 6
3238 5
3239 6
3240 6
3241 6
3242 5
3243 5
3244 8
3245 4
3246 4
3247 4
3248 0
3249 4
3250 1
3251 5
3252 5
3253 5
3254 5
3255 5
3256 5
3257 5
3258 5
3259 5
3260 5
3261 5
3262 5
3263 5
3264 5
3265 5
3266 6
3267 3
3268 3
3269 6
3270 6
3271 6
3272 6
3273 6
3274 0
3275 0
3276 0
3277 0
3278 0
3279 0
3280 0
3281 0
3282 5
3283 5
3284 1
3285 5
3286 5
3287 5
3288 5
3289 5
3290 5
3291 7
3292 13
3293 13
3294 13
3295 13
3296 10
3297 10
3298 10
3299 10
3300 10
3301 10
3302 2
3303 2
3304 2
3305 2
3306 2
3307 2
3308 2
3309 2
3310 2
3311 2
3312 2
3313 2
3314 2
3315 2
3316 2
3317 2
3318 1
3319 1
3320 1
3321 7
3322 13
3323 13
3324 6
3325 9
3326 9
3327 9
3328 9
3329 9
3330 9
3331 9
3332 3
3333 14
3334 9
3335 14
3336 9
3337 3
3338 14
3339 9
3340 14
3341 9
3342 11
3343 4
3344 4
3345 4
3346 4
3347 4
3348 4
3349 4
3350 4
3351 4
3352 4
3353 4
3354 4
3355 4
3356 4
3357 13
3358 9
3359 5
3360 5
3361 5
3362 5
3363 5
3364 14
3365 14
3366 14
3367 14
3368 14
3369 14
3370 14
3371 14
3372 14
3373 14
3374 10
3375 10
3376 2
3377 1
3378 1
3379 1
3380 1
3381 1
3382 1
3383 1
3384 1
3385 1
3386 4
3387 4
3388 4
3389 6
3390 6
3391 12
3392 12
3393 12
3394 12
3395 12
3396 12
3397 10
3398 10
3399 10
3400 10
3401 10
3402 10
3403 10
3404 10
3405 10
3406 10
3407 10
3408 10
3409 10
3410 13
3411 13
3412 13
3413 6
3414 6
3415 0
3416 0
3417 0
3418 0
3419 0
3420 3
3421 3
3422 3
3423 3
3424 3
3425 3
3426 3
3427 1
3428 1
3429 1
3430 5
3431 12
3432 12
3433 12
3434 10
3435 10
3436 4
3437 9
3438 9
3439 9
3440 8
3441 9
3442 9
3443 9
3444 9
3445 9
3446 9
3447 2
3448 12
3449 12
3450 12
3451 12
3452 13
3453 13
3454 13
3455 4
3456 4
3457 4
3458 4
3459 4
3460 4
3461 4
3462 4
3463 4
3464 4
3465 4
3466 4
3467 4
3468 4
3469 4
3470 4
3471 4
3472 4
3473 4
3474 4
3475 4
3476 4
3477 4
3478 4
3479 4
3480 4
3481 4
3482 4
3483 4
3484 4
3485 4
3486 1
3487 1
3488 1
3489 2
3490 2
3491 7
3492 7
3493 7
3494 7
3495 5
3496 5
3497 5
3498 5
3499 3
3500 1
3501 12
3502 12
3503 12
3504 13
3505 12
3506 12
3507 12
3508 12
3509 0
3510 0
3511 0
3512 0
3513 0
3514 0
3515 0
3516 0
3517 11
3518 11
3519 11
3520 11
3521 11
3522 11
3523 11
3524 11
3525 11
3526 11
3527 11
3528 11
3529 11
3530 11
3531 11
3532 11
3533 11
3534 11
3535 11
3536 11
3537 11
3538 11
3539 11
3540 7
3541 7
3542 7
3543 14
3544 4
3545 4
3546 4
3547 4
3548 9
3549 9
3550 6
3551 4
3552 4
3553 4
3554 4
3555 4
3556 4
3557 0
3558 0
3559 8
3560 11
3561 11
3562 11
3563 11
3564 9
3565 9
3566 9
3567 9
3568 9
3569 6
3570 6
3571 6
3572 1
3573 7
3574 7
3575 5
3576 5
3577 5
3578 5
3579 5
3580 5
3581 5
3582 5
3583 5
3584 5
3585 5
3586 5
3587 0
3588 9
3589 5
3590 9
3591 8
3592 12
3593 7
3594 10
3595 10
3596 8
3597 14
3598 6
3599 7
3600 7
3601 8
3602 4
3603 0
3604 12
3605 1
3606 1
3607 1
3608 1
3609 1
3610 6
3611 2
3612 1
3613 8
3614 8
3615 8
3616 8
3617 8
3618 8
3619 5
3620 5
3621 8
3622 8
3623 8
3624 3
3625 3
3626 3
3627 3
3628 3
3629 3
3630 1
3631 1
3632 1
3633 1
3634 1
3635 1
3636 1
3637 1
3638 4
3639 4
3640 3
3641 6
3642 3
3643 14
3644 14
3645 14
3646 14
3647 14
3648 14
3649 14
3650 14
3651 14
3652 14
3653 5
3654 5
3655 5
3656 13
3657 13
3658 7
3659 7
3660 7
3661 7
3662 7
3663 7
3664 7
3665 7
3666 7
3667 7
3668 7
3669 7
3670 7
3671 7
3672 7
3673 7
3674 7
3675 7
3676 7
3677 7
3678 7
3679 7
3680 7
3681 7
3682 7
3683 7
3684 7
3685 7
3686 7
3687 7
3688 7
3689 7
3690 7
3691 7
3692 14
3693 14
3694 14
3695 0
3696 5
3697 12
3698 11
3699 11
3700 11
3701 11
3702 13
3703 5
3704 7
3705 7
3706 7
3707 14
3708 3
3709 3
3710 5
3711 5
3712 5
3713 6
3714 6
3715 6
3716 6
3717 6
3718 6
3719 6
3720 11
3721 12
3722 12
3723 12
3724 12
3725 0
3726 5
3727 5
3728 5
3729 0
3730 0
3731 0
3732 5
3733 14
3734 10
3735 10
3736 10
3737 10
3738 11
3739 11
3740 11
3741 11
3742 11
3743 11
3744 14
3745 14
3746 14
3747 13
3748 14
3749 14
3750 13
3751 13
3752 14
3753 14
3754 14
3755 14
3756 4
3757 4
3758 7
3759 7
3760 7
3761 7
3762 5
3763 0
3764 0
3765 8
3766 8
3767 8
3768 9
3769 9
3770 9
3771 9
3772 1
3773 0
3774 0
3775 1
3776 1
3777 1
3778 1
3779 1
3780 10
3781 9
3782 7
3783 7
3784 3
3785 3
3786 3
3787 3
3788 3
3789 14
3790 14
3791 14
3792 14
3793 14
3794 5
3795 5
3796 5
3797 4
3798 4
3799 4
3800 6
3801 6
3802 6
3803 5
3804 4
3805 4
3806 1
3807 0
3808 0
3809 1
3810 1
3811 1
3812 1
3813 1
3814 1
3815 2
3816 1
3817 10
3818 3
3819 10
3820 10
3821 10
3822 10
3823 10
3824 10
3825 10
3826 10
3827 5
3828 5
3829 5
3830 5
3831 7
3832 7
3833 12
3834 2
3835 2
3836 0
3837 8
3838 8
3839 13
3840 13
3841 13
3842 13
3843 13
3844 13
3845 13
3846 4
3847 4
3848 4
3849 4
3850 8
3851 8
3852 6
3853 5
3854 7
3855 11
3856 3
3857 3
3858 3
3859 3
3860 3
3861 3
3862 3
3863 12
3864 12
3865 12
3866 0
3867 11
3868 11
3869 11
3870 11
3871 11
3872 11
3873 3
3874 10
3875 10
3876 10
3877 10
3878 10
3879 10
3880 10
3881 10
3882 10
3883 10
3884 10
3885 1
3886 1
3887 1
3888 1
3889 1
3890 13
3891 5
3892 5
3893 5
3894 10
3895 10
3896 10
3897 10
3898 10
3899 5
3900 5
3901 5
3902 5
3903 5
3904 5
3905 5
3906 5
3907 5
3908 14
3909 14
3910 14
3911 14
3912 14
3913 14
3914 1
3915 1
3916 14
3917 14
3918 14
3919 14
3920 14
3921 14
3922 14
3923 14
3924 14
3925 11
3926 11
3927 11
3928 8
3929 8
3930 8
3931 8
3932 8
3933 10
3934 5
3935 5
3936 5
3937 2
3938 2
3939 2
3940 2
3941 3
3942 3
3943 3
3944 4
3945 11
3946 2
3947 6
3948 6
3949 6
3950 12
3951 10
3952 0
3953 8
3954 8
3955 1
3956 2
3957 2
3958 2
3959 2
3960 2
3961 11
3962 11
3963 3
3964 13
3965 6
3966 13
3967 0
3968 13
3969 13
3970 13
3971 13
3972 7
3973 7
3974 7
3975 7
3976 7
3977 7
3978 7
3979 7
3980 7
3981 7
3982 7
3983 7
3984 7
3985 7
3986 7
3987 1
3988 8
3989 8
3990 8
3991 6
3992 1
3993 1
3994 1
3995 8
3996 10
3997 10
3998 3
3999 3
4000 3
4001 14
4002 14
4003 14
4004 12
4005 6
4006 6
4007 14
4008 14
4009 14
4010 14
4011 14
4012 2
4013 7
4014 8
4015 2
4016 2
4017 14
4018 0
4019 2
4020 2
4021 2
4022 10
4023 7
4024 7
4025 7
4026 2
4027 13
4028 3
4029 3
4030 3
4031 1
4032 1
4033 1
4034 4
4035 2
4036 2
4037 10
4038 10
4039 2
4040 2
4041 2
4042 2
4043 2
4044 12
4045 12
4046 3
4047 3
4048 2
4049 2
4050 2
4051 11
4052 3
4053 0
4054 0
4055 2
4056 2
4057 2
4058 3
4059 2
4060 2
4061 2
4062 12
4063 4
4064 4
4065 2
4066 5
4067 1
4068 5
4069 3
4070 10
4071 10
4072 10
4073 10
4074 10
4075 10
4076 10
4077 10
4078 10
4079 10
4080 10
4081 10
4082 10
4083 10
4084 10
4085 3
4086 3
4087 14
4088 14
4089 12
4090 0
4091 0
4092 14
4093 14
4094 14
4095 1
4096 11
4097 11
4098 11
4099 11
4100 5
4101 5
4102 2
4103 11
4104 11
4105 11
4106 11
4107 11
4108 10
4109 14
4110 7
4111 7
4112 7
4113 4
4114 5
4115 7
4116 3
4117 3
4118 13
4119 13
4120 13
4121 13
4122 13
4123 13
4124 13
4125 13
4126 13
4127 11
4128 11
4129 4
4130 4
4131 4
4132 4
4133 4
4134 4
4135 3
4136 5
4137 14
4138 5
4139 11
4140 11
4141 2
4142 2
4143 2
4144 9
4145 7
4146 7
4147 7
4148 8
4149 8
4150 3
4151 5
4152 11
4153 3
4154 11
4155 6
4156 8
4157 0
