0 1 35
0 2 16
0 3 1
0 4 38
0 5 23
0 6 40
0 7 18
0 8 19
0 9 14
0 10 26
0 11 10
0 12 30
0 13 7
0 14 8
0 15 32
0 16 20
0 17 39
0 18 27
0 19 6
0 20 2
0 21 22
0 22 25
0 23 11
0 24 44
0 25 3
0 26 24
0 27 41
0 28 9
0 29 29
0 30 28
0 31 36
0 32 43
0 33 5
0 34 37
0 35 31
0 36 42
0 37 12
0 38 15
0 39 4
0 40 34
0 41 33
0 42 17
0 43 21
0 44 13
1 1 33
1 2 42
1 3 15
1 4 23
1 5 30
1 6 24
1 7 11
1 8 38
1 9 14
1 10 25
1 11 9
1 12 10
1 13 4
1 14 0
1 15 27
1 16 35
1 17 21
1 18 36
1 19 37
1 20 5
1 21 19
1 22 2
1 23 18
1 24 6
1 25 29
1 26 41
1 27 34
1 28 44
1 29 39
1 30 22
1 31 7
1 32 26
1 33 12
1 34 13
1 35 28
1 36 31
1 37 20
1 38 17
1 39 32
1 40 16
1 41 3
1 42 8
1 43 43
1 44 40
2 1 6
2 2 40
2 3 9
2 4 16
2 5 24
2 6 34
2 7 37
2 8 19
2 9 22
2 10 20
2 11 11
2 12 38
2 13 43
2 14 33
2 15 0
2 16 14
2 17 39
2 18 5
2 19 15
2 20 27
2 21 41
2 22 42
2 23 13
2 24 1
2 25 3
2 26 29
2 27 44
2 28 31
2 29 12
2 30 21
2 31 10
2 32 18
2 33 4
2 34 7
2 35 8
2 36 17
2 37 36
2 38 25
2 39 30
2 40 23
2 41 32
2 42 26
2 43 35
2 44 28
3 1 34
3 2 28
3 3 1
3 4 33
3 5 15
3 6 19
3 7 2
3 8 30
3 9 27
3 10 17
3 11 11
3 12 31
3 13 21
3 14 36
3 15 29
3 16 10
3 17 0
3 18 40
3 19 43
3 20 23
3 21 41
3 22 13
3 23 26
3 24 4
3 25 6
3 26 18
3 27 42
3 28 24
3 29 7
3 30 5
3 31 22
3 32 32
3 33 38
3 34 37
3 35 12
3 36 20
3 37 25
3 38 44
3 39 16
3 40 8
3 41 9
3 42 35
3 43 39
3 44 14
4 1 22
4 2 19
4 3 12
4 4 33
4 5 37
4 6 26
4 7 9
4 8 39
4 9 18
4 10 5
4 11 23
4 12 21
4 13 1
4 14 32
4 15 36
4 16 44
4 17 42
4 18 17
4 19 11
4 20 6
4 21 40
4 22 31
4 23 29
4 24 2
4 25 25
4 26 41
4 27 7
4 28 13
4 29 30
4 30 38
4 31 27
4 32 35
4 33 16
4 34 3
4 35 8
4 36 34
4 37 24
4 38 10
4 39 28
4 40 15
4 41 43
4 42 14
4 43 0
4 44 20
5 1 1
5 2 12
5 3 18
5 4 35
5 5 0
5 6 33
5 7 28
5 8 16
5 9 10
5 10 21
5 11 6
5 12 15
5 13 37
5 14 14
5 15 42
5 16 4
5 17 30
5 18 20
5 19 19
5 20 39
5 21 8
5 22 44
5 23 38
5 24 27
5 25 29
5 26 17
5 27 26
5 28 43
5 29 22
5 30 11
5 31 3
5 32 36
5 33 7
5 34 24
5 35 23
5 36 32
5 37 9
5 38 31
5 39 40
5 40 25
5 41 13
5 42 2
5 43 34
5 44 41
6 1 31
6 2 37
6 3 33
6 4 1
6 5 39
6 6 30
6 7 10
6 8 34
6 9 24
6 10 0
6 11 23
6 12 8
6 13 20
6 14 4
6 15 42
6 16 3
6 17 44
6 18 9
6 19 19
6 20 5
6 21 38
6 22 12
6 23 22
6 24 18
6 25 41
6 26 35
6 27 25
6 28 17
6 29 7
6 30 21
6 31 2
6 32 29
6 33 27
6 34 26
6 35 16
6 36 32
6 37 36
6 38 13
6 39 14
6 40 11
6 41 43
6 42 40
6 43 28
6 44 15
7 1 42
7 2 25
7 3 13
7 4 36
7 5 35
7 6 8
7 7 2
7 8 21
7 9 1
7 10 14
7 11 38
7 12 23
7 13 43
7 14 10
7 15 6
7 16 31
7 17 19
7 18 0
7 19 30
7 20 22
7 21 18
7 22 16
7 23 5
7 24 39
7 25 32
7 26 20
7 27 15
7 28 17
7 29 34
7 30 3
7 31 40
7 32 44
7 33 41
7 34 26
7 35 37
7 36 29
7 37 27
7 38 24
7 39 28
7 40 9
7 41 11
7 42 33
7 43 12
7 44 4
8 1 10
8 2 31
8 3 21
8 4 20
8 5 22
8 6 4
8 7 38
8 8 26
8 9 16
8 10 36
8 11 43
8 12 44
8 13 30
8 14 14
8 15 29
8 16 33
8 17 17
8 18 24
8 19 7
8 20 39
8 21 12
8 22 27
8 23 5
8 24 34
8 25 32
8 26 13
8 27 11
8 28 2
8 29 1
8 30 42
8 31 37
8 32 35
8 33 9
8 34 6
8 35 18
8 36 15
8 37 19
8 38 40
8 39 28
8 40 25
8 41 41
8 42 0
8 43 3
8 44 23
9 1 12
9 2 1
9 3 2
9 4 31
9 5 13
9 6 28
9 7 17
9 8 34
9 9 29
9 10 35
9 11 21
9 12 8
9 13 18
9 14 41
9 15 40
9 16 22
9 17 20
9 18 42
9 19 25
9 20 3
9 21 38
9 22 23
9 23 33
9 24 0
9 25 43
9 26 6
9 27 44
9 28 5
9 29 32
9 30 4
9 31 16
9 32 27
9 33 39
9 34 11
9 35 10
9 36 24
9 37 26
9 38 19
9 39 36
9 40 14
9 41 30
9 42 37
9 43 15
9 44 7
10 1 13
10 2 23
10 3 34
10 4 18
10 5 29
10 6 40
10 7 3
10 8 6
10 9 42
10 10 17
10 11 22
10 12 27
10 13 38
10 14 39
10 15 24
10 16 41
10 17 8
10 18 14
10 19 11
10 20 15
10 21 1
10 22 4
10 23 7
10 24 36
10 25 9
10 26 37
10 27 25
10 28 21
10 29 35
10 30 44
10 31 19
10 32 12
10 33 31
10 34 43
10 35 20
10 36 2
10 37 30
10 38 32
10 39 5
10 40 26
10 41 16
10 42 0
10 43 33
10 44 28
11 1 17
11 2 7
11 3 18
11 4 30
11 5 14
11 6 31
11 7 29
11 8 44
11 9 39
11 10 41
11 11 10
11 12 19
11 13 34
11 14 26
11 15 28
11 16 4
11 17 38
11 18 15
11 19 36
11 20 21
11 21 16
11 22 37
11 23 33
11 24 27
11 25 24
11 26 5
11 27 8
11 28 42
11 29 32
11 30 25
11 31 23
11 32 3
11 33 43
11 34 22
11 35 40
11 36 2
11 37 20
11 38 6
11 39 0
11 40 35
11 41 13
11 42 1
11 43 9
11 44 12
12 1 36
12 2 19
12 3 43
12 4 37
12 5 6
12 6 16
12 7 44
12 8 39
12 9 25
12 10 11
12 11 26
12 12 27
12 13 20
12 14 22
12 15 33
12 16 15
12 17 23
12 18 40
12 19 24
12 20 28
12 21 1
12 22 5
12 23 14
12 24 10
12 25 42
12 26 32
12 27 3
12 28 30
12 29 31
12 30 29
12 31 4
12 32 17
12 33 0
12 34 21
12 35 35
12 36 41
12 37 13
12 38 7
12 39 18
12 40 38
12 41 2
12 42 9
12 43 8
12 44 34
13 1 42
13 2 22
13 3 27
13 4 38
13 5 16
13 6 1
13 7 9
13 8 25
13 9 7
13 10 23
13 11 10
13 12 29
13 13 34
13 14 15
13 15 21
13 16 3
13 17 24
13 18 41
13 19 5
13 20 37
13 21 17
13 22 14
13 23 19
13 24 4
13 25 12
13 26 30
13 27 39
13 28 20
13 29 32
13 30 31
13 31 2
13 32 33
13 33 18
13 34 36
13 35 0
13 36 35
13 37 6
13 38 11
13 39 40
13 40 44
13 41 26
13 42 43
13 43 28
13 44 8
14 1 28
14 2 27
14 3 18
14 4 22
14 5 24
14 6 17
14 7 25
14 8 21
14 9 13
14 10 9
14 11 0
14 12 12
14 13 2
14 14 15
14 15 40
14 16 42
14 17 43
14 18 41
14 19 19
14 20 4
14 21 44
14 22 38
14 23 33
14 24 31
14 25 5
14 26 1
14 27 8
14 28 30
14 29 35
14 30 34
14 31 11
14 32 23
14 33 37
14 34 6
14 35 20
14 36 10
14 37 7
14 38 39
14 39 3
14 40 32
14 41 16
14 42 29
14 43 36
14 44 26
15 1 22
15 2 8
15 3 40
15 4 7
15 5 38
15 6 2
15 7 34
15 8 25
15 9 30
15 10 28
15 11 1
15 12 39
15 13 44
15 14 17
15 15 21
15 16 10
15 17 42
15 18 24
15 19 43
15 20 33
15 21 18
15 22 29
15 23 5
15 24 6
15 25 36
15 26 4
15 27 27
15 28 11
15 29 20
15 30 31
15 31 3
15 32 37
15 33 12
15 34 32
15 35 9
15 36 19
15 37 41
15 38 14
15 39 13
15 40 23
15 41 26
15 42 0
15 43 35
15 44 16
16 1 8
16 2 29
16 3 23
16 4 2
16 5 21
16 6 6
16 7 28
16 8 12
16 9 44
16 10 0
16 11 13
16 12 27
16 13 18
16 14 20
16 15 32
16 16 24
16 17 33
16 18 37
16 19 38
16 20 26
16 21 42
16 22 31
16 23 40
16 24 4
16 25 43
16 26 11
16 27 35
16 28 7
16 29 3
16 30 34
16 31 5
16 32 19
16 33 41
16 34 36
16 35 30
16 36 9
16 37 17
16 38 39
16 39 22
16 40 15
16 41 14
16 42 10
16 43 1
16 44 25
17 1 35
17 2 44
17 3 34
17 4 25
17 5 6
17 6 37
17 7 36
17 8 0
17 9 15
17 10 30
17 11 41
17 12 19
17 13 5
17 14 24
17 15 16
17 16 31
17 17 21
17 18 42
17 19 22
17 20 28
17 21 27
17 22 14
17 23 32
17 24 11
17 25 9
17 26 8
17 27 7
17 28 23
17 29 20
17 30 18
17 31 13
17 32 33
17 33 29
17 34 40
17 35 12
17 36 1
17 37 2
17 38 43
17 39 10
17 40 26
17 41 3
17 42 4
17 43 38
17 44 39
18 1 42
18 2 26
18 3 1
18 4 0
18 5 35
18 6 4
18 7 21
18 8 22
18 9 10
18 10 38
18 11 6
18 12 3
18 13 30
18 14 2
18 15 23
18 16 11
18 17 16
18 18 20
18 19 43
18 20 40
18 21 39
18 22 5
18 23 8
18 24 28
18 25 27
18 26 9
18 27 15
18 28 31
18 29 24
18 30 14
18 31 32
18 32 19
18 33 41
18 34 44
18 35 29
18 36 17
18 37 12
18 38 25
18 39 33
18 40 37
18 41 7
18 42 34
18 43 13
18 44 36
19 1 41
19 2 31
19 3 13
19 4 1
19 5 2
19 6 21
19 7 33
19 8 30
19 9 38
19 10 4
19 11 8
19 12 17
19 13 14
19 14 28
19 15 15
19 16 25
19 17 24
19 18 44
19 19 39
19 20 0
19 21 9
19 22 23
19 23 12
19 24 37
19 25 11
19 26 36
19 27 22
19 28 16
19 29 43
19 30 35
19 31 6
19 32 27
19 33 5
19 34 42
19 35 3
19 36 20
19 37 34
19 38 7
19 39 26
19 40 40
19 41 10
19 42 32
19 43 29
19 44 18
20 1 25
20 2 6
20 3 34
20 4 1
20 5 18
20 6 23
20 7 12
20 8 19
20 9 3
20 10 30
20 11 33
20 12 13
20 13 17
20 14 21
20 15 40
20 16 26
20 17 7
20 18 5
20 19 2
20 20 28
20 21 35
20 22 32
20 23 41
20 24 0
20 25 38
20 26 9
20 27 22
20 28 31
20 29 44
20 30 27
20 31 37
20 32 14
20 33 42
20 34 36
20 35 29
20 36 4
20 37 15
20 38 43
20 39 16
20 40 39
20 41 24
20 42 8
20 43 10
20 44 11
21 1 27
21 2 32
21 3 5
21 4 24
21 5 1
21 6 6
21 7 42
21 8 29
21 9 33
21 10 34
21 11 13
21 12 28
21 13 43
21 14 7
21 15 38
21 16 26
21 17 41
21 18 44
21 19 8
21 20 11
21 21 20
21 22 14
21 23 36
21 24 18
21 25 39
21 26 4
21 27 17
21 28 16
21 29 40
21 30 31
21 31 9
21 32 12
21 33 0
21 34 30
21 35 3
21 36 10
21 37 37
21 38 15
21 39 22
21 40 2
21 41 23
21 42 25
21 43 35
21 44 19
22 1 1
22 2 42
22 3 29
22 4 5
22 5 34
22 6 28
22 7 17
22 8 31
22 9 10
22 10 39
22 11 30
22 12 11
22 13 41
22 14 12
22 15 25
22 16 37
22 17 36
22 18 19
22 19 24
22 20 13
22 21 9
22 22 40
22 23 7
22 24 27
22 25 4
22 26 21
22 27 3
22 28 0
22 29 32
22 30 38
22 31 26
22 32 2
22 33 35
22 34 15
22 35 33
22 36 14
22 37 20
22 38 6
22 39 18
22 40 44
22 41 43
22 42 8
22 43 16
22 44 23
23 1 31
23 2 20
23 3 7
23 4 12
23 5 2
23 6 26
23 7 24
23 8 39
23 9 11
23 10 10
23 11 5
23 12 18
23 13 21
23 14 36
23 15 16
23 16 27
23 17 33
23 18 43
23 19 13
23 20 17
23 21 0
23 22 3
23 23 25
23 24 4
23 25 37
23 26 8
23 27 6
23 28 38
23 29 44
23 30 40
23 31 41
23 32 29
23 33 28
23 34 1
23 35 34
23 36 22
23 37 32
23 38 42
23 39 19
23 40 35
23 41 15
23 42 14
23 43 9
23 44 30
24 1 7
24 2 26
24 3 15
24 4 34
24 5 0
24 6 43
24 7 23
24 8 4
24 9 38
24 10 2
24 11 1
24 12 9
24 13 19
24 14 29
24 15 35
24 16 37
24 17 16
24 18 41
24 19 14
24 20 44
24 21 21
24 22 31
24 23 11
24 24 28
24 25 40
24 26 25
24 27 36
24 28 17
24 29 5
24 30 13
24 31 27
24 32 39
24 33 30
24 34 8
24 35 18
24 36 32
24 37 20
24 38 10
24 39 3
24 40 22
24 41 42
24 42 6
24 43 33
24 44 12
25 1 39
25 2 2
25 3 14
25 4 35
25 5 19
25 6 1
25 7 9
25 8 8
25 9 4
25 10 44
25 11 15
25 12 20
25 13 10
25 14 7
25 15 41
25 16 38
25 17 3
25 18 30
25 19 22
25 20 31
25 21 5
25 22 43
25 23 34
25 24 12
25 25 18
25 26 24
25 27 27
25 28 0
25 29 33
25 30 37
25 31 11
25 32 40
25 33 32
25 34 13
25 35 28
25 36 29
25 37 16
25 38 23
25 39 17
25 40 21
25 41 36
25 42 26
25 43 42
25 44 6
26 1 41
26 2 14
26 3 17
26 4 3
26 5 7
26 6 16
26 7 37
26 8 0
26 9 42
26 10 44
26 11 5
26 12 39
26 13 35
26 14 8
26 15 40
26 16 29
26 17 22
26 18 18
26 19 21
26 20 13
26 21 11
26 22 25
26 23 28
26 24 38
26 25 27
26 26 15
26 27 36
26 28 12
26 29 23
26 30 20
26 31 34
26 32 31
26 33 24
26 34 33
26 35 1
26 36 4
26 37 6
26 38 9
26 39 43
26 40 2
26 41 30
26 42 10
26 43 32
26 44 19
27 1 37
27 2 35
27 3 44
27 4 20
27 5 18
27 6 14
27 7 42
27 8 43
27 9 32
27 10 34
27 11 39
27 12 21
27 13 17
27 14 31
27 15 2
27 16 15
27 17 41
27 18 25
27 19 11
27 20 40
27 21 22
27 22 33
27 23 4
27 24 19
27 25 0
27 26 6
27 27 24
27 28 9
27 29 30
27 30 36
27 31 23
27 32 29
27 33 1
27 34 28
27 35 16
27 36 10
27 37 3
27 38 12
27 39 7
27 40 38
27 41 26
27 42 8
27 43 13
27 44 5
28 1 22
28 2 21
28 3 6
28 4 10
28 5 1
28 6 2
28 7 39
28 8 44
28 9 33
28 10 18
28 11 23
28 12 17
28 13 37
28 14 25
28 15 15
28 16 5
28 17 29
28 18 34
28 19 26
28 20 38
28 21 24
28 22 3
28 23 31
28 24 12
28 25 13
28 26 20
28 27 42
28 28 7
28 29 0
28 30 43
28 31 36
28 32 27
28 33 41
28 34 19
28 35 4
28 36 16
28 37 35
28 38 30
28 39 32
28 40 9
28 41 40
28 42 14
28 43 11
28 44 8
29 1 3
29 2 39
29 3 2
29 4 34
29 5 6
29 6 21
29 7 27
29 8 7
29 9 10
29 10 25
29 11 5
29 12 14
29 13 35
29 14 15
29 15 36
29 16 32
29 17 20
29 18 0
29 19 1
29 20 26
29 21 4
29 22 42
29 23 16
29 24 40
29 25 13
29 26 24
29 27 44
29 28 18
29 29 23
29 30 37
29 31 33
29 32 30
29 33 22
29 34 12
29 35 17
29 36 38
29 37 43
29 38 19
29 39 8
29 40 11
29 41 31
29 42 28
29 43 9
29 44 41
30 1 23
30 2 26
30 3 41
30 4 18
30 5 25
30 6 37
30 7 20
30 8 33
30 9 42
30 10 31
30 11 7
30 12 10
30 13 9
30 14 39
30 15 14
30 16 27
30 17 29
30 18 40
30 19 22
30 20 24
30 21 35
30 22 32
30 23 5
30 24 36
30 25 19
30 26 17
30 27 16
30 28 15
30 29 3
30 30 28
30 31 34
30 32 44
30 33 2
30 34 21
30 35 4
30 36 6
30 37 1
30 38 38
30 39 43
30 40 0
30 41 8
30 42 11
30 43 12
30 44 13
31 1 8
31 2 18
31 3 29
31 4 27
31 5 39
31 6 25
31 7 14
31 8 33
31 9 0
31 10 17
31 11 41
31 12 40
31 13 7
31 14 20
31 15 26
31 16 37
31 17 4
31 18 2
31 19 24
31 20 5
31 21 36
31 22 10
31 23 28
31 24 23
31 25 42
31 26 1
31 27 32
31 28 11
31 29 35
31 30 19
31 31 13
31 32 30
31 33 9
31 34 44
31 35 12
31 36 43
31 37 38
31 38 34
31 39 21
31 40 3
31 41 22
31 42 15
31 43 16
31 44 6
32 1 17
32 2 22
32 3 37
32 4 21
32 5 12
32 6 18
32 7 44
32 8 13
32 9 0
32 10 14
32 11 40
32 12 19
32 13 6
32 14 24
32 15 7
32 16 8
32 17 15
32 18 11
32 19 36
32 20 28
32 21 35
32 22 1
32 23 29
32 24 30
32 25 26
32 26 2
32 27 41
32 28 33
32 29 42
32 30 27
32 31 34
32 32 4
32 33 5
32 34 3
32 35 9
32 36 20
32 37 39
32 38 38
32 39 43
32 40 16
32 41 25
32 42 23
32 43 10
32 44 31
33 1 10
33 2 22
33 3 21
33 4 43
33 5 0
33 6 14
33 7 5
33 8 41
33 9 19
33 10 29
33 11 32
33 12 35
33 13 30
33 14 34
33 15 24
33 16 12
33 17 4
33 18 38
33 19 7
33 20 23
33 21 6
33 22 17
33 23 1
33 24 40
33 25 16
33 26 2
33 27 13
33 28 26
33 29 3
33 30 31
33 31 28
33 32 44
33 33 42
33 34 37
33 35 36
33 36 11
33 37 18
33 38 9
33 39 8
33 40 27
33 41 25
33 42 15
33 43 39
33 44 20
34 1 44
34 2 27
34 3 20
34 4 11
34 5 25
34 6 22
34 7 6
34 8 33
34 9 32
34 10 2
34 11 26
34 12 12
34 13 9
34 14 30
34 15 39
34 16 17
34 17 19
34 18 18
34 19 37
34 20 41
34 21 3
34 22 8
34 23 40
34 24 35
34 25 15
34 26 10
34 27 7
34 28 31
34 29 1
34 30 4
34 31 16
34 32 28
34 33 23
34 34 21
34 35 0
34 36 14
34 37 36
34 38 24
34 39 5
34 40 13
34 41 38
34 42 43
34 43 29
34 44 42
35 1 14
35 2 28
35 3 8
35 4 9
35 5 39
35 6 41
35 7 36
35 8 24
35 9 44
35 10 4
35 11 34
35 12 12
35 13 10
35 14 37
35 15 43
35 16 11
35 17 22
35 18 3
35 19 15
35 20 20
35 21 32
35 22 2
35 23 17
35 24 31
35 25 6
35 26 1
35 27 42
35 28 21
35 29 33
35 30 25
35 31 26
35 32 19
35 33 0
35 34 40
35 35 29
35 36 18
35 37 23
35 38 30
35 39 7
35 40 5
35 41 38
35 42 13
35 43 27
35 44 16
36 1 17
36 2 26
36 3 1
36 4 19
36 5 37
36 6 5
36 7 2
36 8 30
36 9 23
36 10 12
36 11 3
36 12 15
36 13 38
36 14 28
36 15 35
36 16 24
36 17 18
36 18 16
36 19 0
36 20 6
36 21 32
36 22 11
36 23 41
36 24 44
36 25 25
36 26 7
36 27 27
36 28 31
36 29 21
36 30 13
36 31 9
36 32 29
36 33 8
36 34 43
36 35 33
36 36 4
36 37 34
36 38 40
36 39 10
36 40 14
36 41 42
36 42 22
36 43 20
36 44 39
37 1 41
37 2 6
37 3 30
37 4 20
37 5 0
37 6 4
37 7 9
37 8 7
37 9 3
37 10 21
37 11 29
37 12 42
37 13 36
37 14 44
37 15 26
37 16 17
37 17 22
37 18 40
37 19 35
37 20 25
37 21 8
37 22 14
37 23 28
37 24 1
37 25 19
37 26 31
37 27 24
37 28 32
37 29 27
37 30 5
37 31 15
37 32 12
37 33 11
37 34 34
37 35 43
37 36 10
37 37 18
37 38 13
37 39 2
37 40 39
37 41 23
37 42 33
37 43 16
37 44 38
38 1 30
38 2 28
38 3 21
38 4 1
38 5 0
38 6 31
38 7 27
38 8 19
38 9 13
38 10 25
38 11 10
38 12 44
38 13 42
38 14 7
38 15 17
38 16 23
38 17 3
38 18 6
38 19 41
38 20 4
38 21 18
38 22 29
38 23 15
38 24 33
38 25 39
38 26 2
38 27 14
38 28 5
38 29 35
38 30 36
38 31 26
38 32 24
38 33 12
38 34 32
38 35 34
38 36 11
38 37 43
38 38 37
38 39 8
38 40 16
38 41 22
38 42 9
38 43 40
38 44 20
39 1 7
39 2 2
39 3 30
39 4 28
39 5 38
39 6 32
39 7 27
39 8 17
39 9 1
39 10 4
39 11 40
39 12 5
39 13 35
39 14 44
39 15 10
39 16 14
39 17 22
39 18 34
39 19 20
39 20 19
39 21 25
39 22 12
39 23 15
39 24 9
39 25 18
39 26 23
39 27 26
39 28 24
39 29 33
39 30 16
39 31 42
39 32 41
39 33 29
39 34 37
39 35 21
39 36 3
39 37 6
39 38 11
39 39 36
39 40 13
39 41 8
39 42 0
39 43 43
39 44 31
40 1 43
40 2 25
40 3 22
40 4 34
40 5 15
40 6 35
40 7 33
40 8 4
40 9 3
40 10 18
40 11 7
40 12 12
40 13 39
40 14 38
40 15 30
40 16 17
40 17 1
40 18 14
40 19 28
40 20 16
40 21 8
40 22 32
40 23 9
40 24 29
40 25 27
40 26 2
40 27 44
40 28 6
40 29 23
40 30 5
40 31 24
40 32 11
40 33 10
40 34 41
40 35 0
40 36 19
40 37 36
40 38 21
40 39 31
40 40 26
40 41 13
40 42 42
40 43 20
40 44 37
41 1 43
41 2 26
41 3 42
41 4 30
41 5 5
41 6 6
41 7 34
41 8 11
41 9 2
41 10 9
41 11 21
41 12 32
41 13 37
41 14 40
41 15 7
41 16 23
41 17 16
41 18 25
41 19 24
41 20 38
41 21 31
41 22 14
41 23 4
41 24 17
41 25 12
41 26 29
41 27 44
41 28 1
41 29 35
41 30 36
41 31 33
41 32 0
41 33 3
41 34 28
41 35 27
41 36 10
41 37 22
41 38 20
41 39 39
41 40 19
41 41 15
41 42 18
41 43 8
41 44 13
42 1 4
42 2 34
42 3 18
42 4 2
42 5 20
42 6 16
42 7 21
42 8 25
42 9 26
42 10 9
42 11 27
42 12 15
42 13 3
42 14 37
42 15 13
42 16 19
42 17 0
42 18 38
42 19 44
42 20 1
42 21 12
42 22 41
42 23 24
42 24 14
42 25 23
42 26 43
42 27 36
42 28 8
42 29 30
42 30 29
42 31 10
42 32 40
42 33 7
42 34 17
42 35 11
42 36 5
42 37 39
42 38 28
42 39 33
42 40 32
42 41 31
42 42 6
42 43 35
42 44 22
43 1 24
43 2 7
43 3 14
43 4 21
43 5 35
43 6 37
43 7 13
43 8 31
43 9 0
43 10 10
43 11 11
43 12 41
43 13 30
43 14 16
43 15 26
43 16 4
43 17 17
43 18 27
43 19 38
43 20 29
43 21 20
43 22 19
43 23 34
43 24 12
43 25 36
43 26 1
43 27 25
43 28 15
43 29 23
43 30 32
43 31 6
43 32 9
43 33 40
43 34 3
43 35 8
43 36 39
43 37 18
43 38 5
43 39 44
43 40 28
43 41 42
43 42 22
43 43 33
43 44 2
44 1 37
44 2 32
44 3 9
44 4 19
44 5 28
44 6 8
44 7 41
44 8 34
44 9 0
44 10 25
44 11 20
44 12 1
44 13 35
44 14 7
44 15 18
44 16 33
44 17 36
44 18 15
44 19 4
44 20 30
44 21 3
44 22 10
44 23 21
44 24 29
44 25 24
44 26 16
44 27 6
44 28 14
44 29 12
44 30 40
44 31 27
44 32 23
44 33 43
44 34 17
44 35 13
44 36 26
44 37 5
44 38 31
44 39 22
44 40 2
44 41 11
44 42 42
44 43 39
44 44 38