0 1 9, 28, 39, 12, 10, 26, 37, 33, 30, 18, 17, 32, 16, 6, 15, 5, 13, 20, 3, 29
0 2 2, 8, 24, 23, 11, 22, 7, 34, 31, 21, 1, 25, 38, 14, 36, 27, 40, 4, 35, 19
1 1 18, 21, 23, 10, 7, 8, 32, 13, 5, 24, 20, 22, 0, 30, 2, 19, 33, 11, 27, 36
1 2 14, 37, 34, 15, 17, 6, 26, 39, 16, 25, 40, 29, 3, 9, 35, 28, 38, 4, 12, 31
2 1 0, 6, 37, 10, 25, 17, 31, 11, 5, 18, 32, 20, 4, 12
2 2 27, 38, 3, 16, 26, 1, 36, 19, 40, 23, 8, 29, 14
2 3 21, 39, 15, 34, 33, 30, 28, 24, 9, 13, 22, 35, 7
3 1 17, 27, 24, 32, 2, 11, 38, 37, 31, 4, 35, 14, 16, 6
3 2 13, 28, 12, 30, 21, 36, 40, 22, 1, 15, 18, 34, 29
3 3 23, 8, 0, 19, 20, 7, 10, 33, 9, 39, 25, 5, 26
4 1 39, 31, 29, 35, 9, 7, 16, 3, 33, 21, 19, 27, 10, 13, 28, 8, 5, 24, 25, 26
4 2 12, 14, 2, 38, 6, 18, 22, 40, 17, 20, 23, 37, 0, 34, 15, 30, 36, 1, 32, 11
5 1 25, 28, 16, 36, 33, 1, 40, 26, 19, 32, 3, 0, 23, 37, 27, 35, 20, 22, 21, 29
5 2 31, 34, 18, 38, 6, 15, 17, 12, 39, 9, 7, 2, 30, 8, 24, 11, 14, 4, 13, 10
6 1 11, 34, 14, 26, 3, 40, 4, 16, 20, 24, 31, 23, 39, 18
6 2 22, 36, 5, 12, 29, 1, 38, 10, 33, 32, 7, 17, 28
6 3 19, 37, 35, 27, 2, 21, 15, 0, 25, 30, 13, 8, 9
7 1 17, 28, 21, 27, 1, 36, 19, 35, 31, 34, 11, 24, 40, 29, 39, 33, 23, 6, 10, 16
7 2 14, 37, 22, 38, 18, 5, 30, 13, 9, 20, 4, 26, 15, 0, 12, 2, 32, 3, 25, 8
8 1 36, 9, 37, 29, 19, 6, 10, 12, 25, 20, 18, 30, 27, 13
8 2 5, 7, 0, 15, 31, 40, 14, 38, 23, 39, 3, 28, 2
8 3 24, 16, 26, 4, 22, 17, 11, 21, 35, 1, 34, 33, 32
9 1 16, 23, 33, 38, 11, 19, 34, 12, 13, 40, 35, 1, 2, 18, 32, 22, 15, 27, 20, 17
9 2 25, 37, 0, 14, 10, 39, 6, 26, 29, 30, 31, 8, 4, 21, 7, 3, 28, 5, 36, 24
10 1 11, 33, 15, 28, 12, 18, 36, 35, 7, 38, 21, 1, 26, 6, 9, 13, 27, 37, 5, 39
10 2 24, 19, 32, 16, 30, 34, 17, 2, 31, 29, 40, 22, 14, 8, 25, 3, 4, 20, 0, 23
11 1 26, 34, 17, 7, 1, 33, 12, 8, 9, 38, 27, 32, 2, 40, 21, 14, 4, 10, 19, 31
11 2 15, 30, 20, 5, 39, 18, 23, 35, 37, 25, 28, 36, 24, 16, 13, 3, 6, 22, 0, 29
12 1 3, 2, 35, 39, 32, 33, 25, 10, 16, 21, 9, 40, 23, 26, 5, 4, 13, 14, 15, 29
12 2 31, 6, 37, 7, 34, 36, 0, 30, 27, 19, 28, 22, 18, 20, 8, 24, 17, 1, 38, 11
13 1 36, 31, 11, 37, 1, 14, 17, 35, 8, 26, 3, 2, 24, 22, 0, 19, 5, 23, 33, 20
13 2 4, 25, 40, 6, 12, 39, 9, 32, 15, 29, 30, 27, 28, 7, 16, 10, 18, 34, 38, 21
14 1 31, 16, 18, 1, 10, 36, 28, 4, 2, 33, 6, 22, 32, 0
14 2 13, 15, 27, 26, 8, 30, 38, 39, 12, 7, 20, 37, 24
14 3 5, 40, 17, 29, 23, 34, 11, 9, 35, 3, 19, 25, 21
15 1 1, 11, 20, 33, 37, 29, 14, 22, 8, 0, 30, 4, 5, 2
15 2 3, 26, 31, 32, 36, 38, 24, 40, 17, 21, 19, 16, 27
15 3 10, 34, 13, 9, 25, 12, 6, 18, 35, 7, 39, 28, 23
16 1 6, 19, 29, 22, 20, 10, 5, 37, 26, 33, 12, 14, 21, 0, 27, 28, 17, 4, 30, 11
16 2 40, 3, 8, 35, 1, 25, 31, 39, 15, 7, 13, 9, 18, 34, 36, 24, 38, 2, 23, 32
17 1 21, 7, 18, 13, 38, 10, 9, 26, 8, 35, 4, 37, 2, 11, 5, 14, 23, 6, 32, 25
17 2 34, 12, 1, 30, 15, 20, 19, 40, 16, 33, 0, 31, 3, 27, 39, 24, 22, 29, 28, 36
18 1 9, 17, 32, 39, 11, 22, 38, 13, 0, 21, 31, 40, 29, 3
18 2 33, 30, 5, 28, 36, 34, 15, 27, 35, 25, 10, 1, 16
18 3 14, 37, 4, 8, 12, 24, 2, 7, 23, 26, 6, 20, 19
19 1 35, 32, 0, 30, 33, 12, 28, 24, 9, 1, 26, 34, 2, 13, 7, 37, 3, 4, 22, 31
19 2 8, 29, 39, 15, 10, 40, 23, 5, 21, 11, 38, 27, 16, 14, 20, 36, 25, 17, 18, 6
20 1 18, 10, 26, 32, 28, 15, 23, 31, 40, 1, 8, 6, 24, 35
20 2 30, 12, 9, 27, 22, 7, 38, 11, 39, 14, 16, 25, 21
20 3 17, 36, 2, 4, 19, 33, 13, 0, 3, 5, 34, 37, 29
21 1 25, 8, 4, 15, 9, 6, 10, 14, 2, 1, 0, 27, 18, 34, 24, 7, 37, 3, 11, 12
21 2 26, 23, 40, 22, 20, 31, 35, 28, 19, 36, 32, 16, 17, 30, 39, 38, 5, 13, 29, 33
22 1 36, 21, 39, 17, 11, 24, 27, 31, 40, 12, 15, 26, 1, 37, 18, 2, 3, 25, 20, 38
22 2 6, 19, 16, 9, 8, 33, 4, 30, 28, 14, 35, 29, 10, 34, 32, 7, 0, 13, 5, 23
23 1 36, 0, 10, 24, 4, 32, 16, 2, 18, 22, 12, 21, 11, 3
23 2 26, 14, 30, 40, 1, 9, 5, 33, 15, 37, 39, 31, 38
23 3 34, 27, 35, 8, 13, 17, 28, 6, 19, 20, 7, 29, 25
24 1 17, 26, 16, 33, 2, 22, 21, 12, 31, 37, 32, 28, 15, 0, 6, 29, 35, 8, 11, 10
24 2 19, 13, 23, 27, 30, 40, 20, 7, 9, 3, 25, 34, 4, 1, 14, 18, 39, 36, 38, 5
25 1 39, 20, 1, 9, 7, 6, 24, 37, 11, 21, 2, 32, 31, 33
25 2 19, 40, 3, 14, 38, 28, 13, 27, 16, 36, 8, 5, 12
25 3 22, 18, 10, 29, 35, 0, 17, 15, 4, 26, 34, 23, 30
26 1 34, 21, 15, 25, 17, 20, 33, 16, 18, 27, 36, 2, 6, 40, 39, 0, 1, 4, 14, 9
26 2 28, 23, 35, 30, 24, 8, 11, 3, 19, 12, 10, 5, 38, 31, 37, 7, 22, 32, 13, 29
27 1 4, 5, 16, 26, 39, 38, 24, 29, 21, 1, 28, 17, 32, 19
27 2 6, 25, 10, 31, 37, 14, 34, 30, 7, 15, 35, 13, 11
27 3 8, 40, 22, 3, 23, 36, 20, 0, 33, 9, 18, 2, 12
28 1 26, 0, 22, 14, 19, 33, 31, 36, 6, 35, 37, 11, 29, 8
28 2 24, 18, 38, 39, 12, 5, 10, 21, 13, 40, 7, 15, 27
28 3 34, 20, 9, 1, 4, 17, 16, 23, 25, 3, 2, 32, 30
29 1 5, 23, 13, 19, 38, 14, 1, 20, 22, 9, 32, 34, 15, 11, 25, 36, 7, 10, 21, 27
29 2 6, 37, 33, 35, 18, 8, 4, 28, 31, 17, 30, 16, 12, 26, 0, 24, 39, 40, 2, 3
30 1 6, 28, 34, 21, 16, 23, 9, 39, 7, 3, 29, 5, 36, 24, 37, 10, 17, 18, 22, 35
30 2 12, 4, 11, 26, 40, 32, 25, 27, 15, 8, 19, 0, 14, 38, 2, 31, 20, 33, 13, 1
31 1 1, 10, 8, 19, 32, 38, 16, 34, 40, 12, 29, 14, 30, 15, 0, 20, 28, 7, 23, 9
31 2 11, 27, 21, 36, 25, 35, 18, 2, 37, 6, 17, 13, 3, 39, 26, 24, 5, 22, 33, 4
32 1 1, 20, 6, 4, 18, 7, 14, 35, 2, 10, 19, 37, 23, 40, 8, 33, 28, 39, 25, 0
32 2 22, 13, 27, 3, 5, 15, 36, 38, 21, 31, 17, 29, 11, 12, 9, 30, 24, 16, 34, 26
33 1 29, 39, 15, 10, 22, 24, 31, 37, 6, 26, 2, 12, 21, 34
33 2 27, 3, 32, 8, 35, 7, 40, 23, 0, 30, 28, 19, 38
33 3 36, 9, 20, 5, 16, 25, 14, 17, 4, 11, 13, 18, 1
34 1 9, 10, 32, 17, 33, 25, 18, 29, 20, 11, 19, 16, 7, 23
34 2 14, 3, 28, 30, 8, 35, 6, 39, 37, 15, 27, 24, 5
34 3 13, 31, 40, 1, 36, 0, 26, 21, 22, 4, 12, 2, 38
35 1 12, 37, 22, 40, 5, 7, 27, 32, 21, 36, 38, 16, 17, 10, 30, 18, 1, 2, 25, 23
35 2 33, 26, 28, 9, 14, 20, 6, 8, 19, 31, 13, 39, 29, 0, 11, 34, 15, 24, 4, 3
36 1 35, 3, 40, 32, 21, 38, 39, 12, 29, 15, 17, 4, 1, 23, 2, 0, 20, 33, 10, 30
36 2 16, 18, 6, 5, 14, 26, 37, 25, 13, 11, 24, 22, 28, 8, 9, 7, 31, 34, 27, 19
37 1 18, 15, 5, 35, 6, 20, 30, 29, 31, 12, 33, 21, 32, 1, 17, 27, 3, 16, 4, 26
37 2 38, 40, 28, 7, 24, 34, 10, 2, 13, 8, 23, 14, 0, 11, 22, 36, 19, 39, 25, 9
38 1 8, 24, 15, 19, 31, 7, 16, 25, 18, 10, 6, 1, 13, 34
38 2 37, 32, 0, 21, 33, 29, 11, 20, 12, 39, 3, 17, 9
38 3 35, 2, 4, 26, 27, 14, 5, 40, 30, 36, 22, 23, 28
39 1 18, 9, 30, 25, 1, 2, 11, 5, 34, 12, 3, 0, 26, 29
39 2 33, 16, 6, 24, 23, 15, 35, 4, 10, 19, 31, 40, 17
39 3 28, 27, 7, 37, 13, 21, 36, 14, 20, 38, 22, 8, 32
40 1 11, 1, 14, 6, 25, 4, 0, 33, 34, 18, 7, 16, 29, 23, 22, 10, 39, 35, 27, 17
40 2 31, 30, 38, 20, 13, 36, 26, 37, 19, 5, 8, 9, 21, 24, 12, 32, 2, 28, 3, 15