0 1 14340
0 2 15006

1 1 22466, 15784
1 2 8045, 21931

2 1 6544, 22284, 351, 11445
2 2 20780, 5827, 6544, 22284
2 3 19463, 19144, 19463, 185

3 1 6077, 3316
3 2 24814, 19955
3 3 18397, 24814

4 1 1339, 25615, 10096, 5993, 6095, 25585, 21608, 9944, 4068, 20169
4 2 953, 11661, 20149, 1350, 15126, 21142, 9217, 21379, 25585, 22929

5 1 23303
5 2 23303


6 1 25940, 16835
6 2 16835, 25854
6 3 21696, 21696


7 1 15891, 22903
7 2 11563, 14374

8 1 5240, 9391, 13528, 21317, 16708, 5107, 7088, 23863, 17233, 13008, 18905, 18521, 16108, 6711, 12687, 267
8 2 17988, 5116, 12687, 1321, 8134, 25872, 25358, 19167, 21156, 17306, 8386, 20489, 5125, 5636, 17592, 24240
8 3 3983, 18905, 8520, 21075, 7615, 10439, 3845, 5194, 2202, 6748, 10895, 25402, 25091, 18275, 16213, 17843

9 1 9913, 21799, 15998, 14639
9 2 13387, 22382, 16803, 7638

10 1 4774, 15205
10 2 3450, 15108


11 1 17944
11 2 20884

12 1 23363, 6896, 23511, 9488, 26178, 345, 12503, 3063, 18894, 23096
12 2 21847, 15528, 7188, 12503, 7533, 17850, 25758, 1841, 3595, 14807

13 1 1765, 2851, 23423, 62, 17939, 6010, 11919, 899, 16853
13 2 24731, 8087, 11610, 5143, 17501, 23240, 18235, 12665, 6421


14 1 14325, 21401, 2326, 7594, 21131, 380, 21051, 10931, 15799, 6666
14 2 7475, 7506, 8118, 20781, 10346, 25644, 272, 4634, 6291, 11607
14 3 2912, 8000, 19023, 23464, 8310, 15007, 10763, 11121, 20182, 18880


15 1 13321, 21450, 24587, 5361, 10391, 11493, 19890, 18758, 24970, 23943, 17359, 16958, 5843, 1075, 7459, 17426, 11093, 13862
15 2 15247, 15365, 19110, 17286, 4302, 11631, 2742, 18758, 12614, 5361, 8408, 78, 24372, 8198, 13481, 9098, 1279, 7895
15 3 5411, 2465, 5361, 24587, 20008, 21316, 25534, 15214, 14550, 7855, 24970, 25721, 8916, 13614, 2465, 4037, 13600, 24372

16 1 17394, 17538, 15941
16 2 11468, 12406, 15251

17 1 20853, 20618, 24499, 4713
17 2 15160, 2193, 25204, 7772


18 1 8726, 8047, 1968, 11325, 21438, 3998, 7893, 21409, 18189, 1008, 21776, 13385, 13333, 12745, 15907, 23896
18 2 26194, 9360, 12733, 408, 25660, 26038, 19806, 12712, 13501, 14690, 26194, 8178, 6030, 8031, 16324, 15196
18 3 2504, 8031, 12720, 8178, 19164, 15942, 10463, 11372, 3430, 24431, 4289, 19159, 19355, 17764, 7999, 21712


19 1 16469, 12599, 12337, 6064, 8193, 2826
19 2 12032, 17670, 21162, 10623, 21324, 23216


20 1 12695, 6575
20 2 24101, 14497
20 3 238, 16563


21 1 8448, 6868
22 2 4835, 17819


22 1 1675, 4959
22 2 2457, 4959


23 1 6807, 14808
23 2 3766, 15999
23 3 6807, 15189


24 1 6943, 25902, 10435, 7899, 12709, 18724, 18634
24 2 7053, 17341, 10435, 9387, 18739, 3677, 12478


25 1 13493, 19607, 14933, 8365, 5465, 2503, 23968, 25597, 20806, 24582, 25948, 15911, 23665, 10898, 20645, 14181, 12472, 18875
25 2 19324, 1817, 3197, 16770, 10600, 19475, 15947, 6172, 5402, 24578, 3056, 16659, 24001, 15947, 24860, 25597, 24835, 2503
25 3 23758, 16128, 20806, 18250, 23727, 24219, 18094, 16953, 21613, 25553, 19992, 14176, 12324, 13625, 20827, 14181, 18904, 1090

26 1 14872
27 2 5162


27 1 938, 25875, 9924, 165
27 2 21558, 17683, 18771, 24699
27 3 22744, 25875, 14976, 5087


28 1 16741, 3526, 17721, 3946, 16162, 25152, 20196, 5417, 14627, 11114, 22393, 20886
28 2 25540, 18972, 17275, 4760, 3765, 15384, 4822, 25904, 14967, 23066, 1105, 3526
28 3 20421, 10478, 2771, 16496, 23186, 18586, 13352, 13619, 6513, 18587, 4822, 3946


29 1 22278, 11107, 11495, 400, 22830, 19184, 17599, 7072, 16649, 20207, 5395
29 2 7579, 17981, 22031, 22278, 17827, 1776, 15850, 17502, 12056, 17937, 18344


30 1 11609, 23907, 23151
30 2 12758, 21322, 23907


31 1 26067
31 2 21864


32 1 24845, 4255, 23297, 25272, 24029, 11132, 824
32 2 24163, 24295, 9099, 25379, 10235, 9713, 13292


33 1 24924, 19978, 1343, 6390, 20558, 5510, 16234, 4125, 9389, 23107, 22177, 16935, 10850, 25382, 13684, 11026, 5136, 20892, 16154, 2558, 9723, 748, 19783, 20915, 21816, 6810, 22119, 22848
33 2 733, 10991, 5830, 8815, 25069, 15400, 23714, 7103, 19301, 11572, 1356, 5464, 19013, 2511, 25668, 197, 11868, 9389, 2073, 16347, 5464, 523, 7105, 8851, 18983, 10850, 25491, 19340
33 3 25419, 13196, 7206, 20557, 748, 7801, 20597, 16154, 23107, 22244, 11868, 1727, 23989, 3188, 19605, 3243, 19978, 7824, 23989, 16258, 19557, 14033, 11822, 17465, 6934, 16154, 11017, 5601


34 1 13469, 3099, 2143, 1498
34 2 449, 95, 3547, 21562
34 10539, 11034, 10388, 10539


35 1 8547, 19895, 4878, 1545, 19877, 18161, 16039, 23529, 25648
35 2 17984, 17089, 26098, 10024, 10996, 3944, 18684, 12884, 8064


36 1 21814, 25050, 21017, 1497, 19791, 23836, 14317, 14534, 25443, 20787, 12611, 16415, 21469, 20215
36 2 12040, 19927, 16265, 21814, 25050, 4283, 12106, 20787, 4298, 26127, 10918, 11821, 2806, 1825


37 1 20059, 11047
37 2 8211, 25439


38 1 4104, 4376, 13034, 4467, 13026, 8177, 22618, 4484, 17235, 23559, 1561, 4847
38 2 5712, 260, 18757, 17755, 4104, 6316, 11183, 22395, 3508, 6808, 18676, 11925
38 3 13026, 15616, 1833, 18091, 18246, 1672, 17235, 1058, 12641, 23723, 26100, 16091

39 1 15678, 26065
39 2 25599, 13683
39 3 23915, 21778


40 1 15457, 15244
40 2 18453, 15010

