5 1
1 1
31 2
36 1
39 1
43 1
61 1
63 0
90 1
96 1
101 1
114 1
116 1
120 1
132 1
139 1
140 1
142 1
145 2
146 1
151 1
153 1
154 1
155 1
165 1
176 1
187 1
188 1
190 1
196 1
197 1
198 1
205 1
214 1
223 0
224 1
234 1
236 1
243 1
249 1
252 1
255 0
257 2
261 1
266 1
268 1
270 0
279 1
284 1
296 1
298 1
305 0
309 1
312 1
315 1
321 1
330 1
335 1
336 1
341 1
344 1
352 1
353 1
361 1
365 1
373 1
375 1
377 1
381 1
413 1
415 0
424 1
431 1
436 1
455 1
463 2
475 1
477 0
479 1
481 1
483 1
484 1
487 1
490 1
498 2
503 1
511 1
517 1
520 1
532 1
535 1
552 1
563 2
578 2
589 1
592 0
605 1
609 0
615 2
622 1
623 2
626 1
631 2
638 1
641 1
652 1
654 1
659 1
664 2
666 1
668 1
676 1
682 1
685 1
692 1
694 1
699 1
701 1
709 1
732 1
735 1
738 1
754 1
756 2
769 1
30 1
2 1
45 1
79 1
85 1
161 1
170 1
213 1
226 1
253 1
265 1
278 0
280 1
283 1
323 2
332 1
339 1
355 0
359 1
366 1
383 1
396 1
406 1
420 1
432 1
438 1
442 1
453 1
457 1
460 1
512 1
519 1
522 1
534 1
537 1
538 0
554 0
560 1
585 1
596 1
632 1
670 1
672 1
689 1
3 1
371 1
416 1
550 1
657 1
130 1
4 1
162 1
254 1
303 1
445 1
555 0
582 1
606 1
625 1
649 1
669 1
12 1
16 1
56 2
69 2
81 1
127 2
158 1
180 1
195 0
199 1
210 0
232 1
259 1
263 1
273 1
301 1
400 1
478 1
489 1
528 2
543 1
544 1
571 1
576 2
598 1
602 1
630 0
647 2
687 1
767 1
6 2
42 2
53 2
70 2
133 2
152 2
175 2
186 2
200 2
251 2
314 2
334 2
342 1
443 2
444 1
482 1
500 2
516 2
574 2
671 2
691 2
726 2
763 2
78 0
7 1
128 1
302 1
14 1
8 1
25 1
59 1
157 1
168 1
202 1
203 1
275 0
502 1
601 1
679 1
700 1
705 1
715 1
718 1
746 1
748 1
468 1
9 1
44 1
10 1
102 1
126 1
160 1
225 1
228 1
308 1
322 1
362 1
529 1
569 1
616 1
646 1
655 1
731 1
740 1
11 1
52 1
72 1
83 1
118 1
217 1
229 1
240 1
343 1
376 1
385 1
423 1
448 1
459 1
467 1
499 1
525 1
559 1
591 0
595 1
665 1
697 2
702 1
716 0
719 1
745 1
82 0
95 1
149 1
150 1
174 1
262 1
310 1
348 1
364 1
404 1
405 1
429 1
433 1
473 1
494 0
656 0
727 1
15 1
65 1
77 1
244 1
282 1
378 1
390 1
393 1
412 1
418 1
421 1
465 1
514 1
562 1
570 1
590 1
688 1
747 1
17 1
18 0
27 1
47 1
113 1
191 1
204 1
260 1
333 1
338 2
380 1
391 1
399 1
419 1
425 0
461 1
462 1
472 1
515 0
567 1
588 1
624 1
644 1
678 1
722 1
724 1
736 1
742 1
764 1
50 1
64 2
104 1
110 1
367 1
388 1
409 1
427 1
621 1
639 1
19 1
54 1
62 0
93 0
103 0
117 1
136 1
166 1
237 1
267 0
291 0
307 1
318 1
411 1
440 0
476 2
509 1
530 1
546 1
557 0
573 1
613 1
619 2
620 0
637 1
650 1
730 0
750 0
757 1
759 1
20 0
86 0
115 0
167 0
241 2
242 0
256 0
319 0
320 0
345 0
434 0
452 0
495 2
645 0
714 0
717 0
737 1
768 0
21 1
122 1
124 1
131 1
220 2
276 1
470 1
711 1
762 1
22 1
194 1
389 0
497 1
508 1
706 1
23 1
193 1
258 1
556 1
667 1
683 1
37 1
24 1
51 1
751 1
38 1
58 1
233 1
328 1
541 1
561 1
587 1
610 1
707 1
26 1
71 1
171 1
292 1
395 1
580 1
634 1
651 2
653 1
720 1
46 1
112 1
164 1
179 1
215 1
384 1
446 1
491 1
493 1
521 1
600 1
614 1
658 1
696 1
733 1
28 1
185 1
351 1
548 1
607 1
675 1
690 1
29 1
143 1
216 1
230 1
239 1
294 1
439 1
766 1
60 1
107 1
218 1
311 1
356 1
407 1
454 1
469 1
57 2
137 1
144 2
156 2
173 1
183 2
192 2
211 2
227 2
285 2
289 1
379 2
524 2
526 2
539 2
549 2
628 1
640 2
643 1
32 1
271 1
346 1
354 1
357 1
568 1
33 1
458 1
510 1
593 1
611 1
34 1
178 1
248 1
250 2
695 1
752 1
141 1
603 1
369 1
703 1
40 1
48 1
41 1
105 1
304 1
347 1
368 1
274 1
286 1
313 1
612 1
710 1
729 1
758 1
108 1
586 1
89 1
125 1
208 1
277 1
450 1
466 1
506 1
739 1
247 1
295 1
417 1
504 1
518 1
386 1
387 1
219 1
449 1
698 1
721 1
49 1
287 1
447 1
677 1
765 1
87 1
316 1
583 1
599 1
177 1
84 2
245 0
370 1
558 1
584 0
55 1
184 1
486 1
325 1
441 1
547 1
648 1
660 1
728 1
209 1
340 1
451 1
636 1
119 1
212 1
235 0
299 1
331 1
422 0
488 1
755 2
403 1
642 1
66 1
67 1
68 1
480 1
485 1
604 1
741 1
73 1
75 1
76 1
231 1
293 1
358 1
374 1
121 1
80 1
327 1
402 1
474 1
527 1
629 1
135 1
281 1
408 1
88 1
496 1
92 1
627 1
681 1
760 1
723 1
109 1
134 1
430 1
577 1
661 1
684 1
686 1
704 1
91 1
94 1
97 1
189 1
513 1
545 1
594 1
98 1
99 1
100 1
564 1
111 1
397 1
553 1
617 1
753 1
572 1
129 1
138 1
382 1
392 1
426 1
464 1
618 1
663 1
725 1
734 1
349 1
542 1
288 1
680 1
435 1
123 1
238 1
221 1
297 1
222 1
761 1
565 1
172 1
148 1
269 1
329 1
575 1
674 1
492 1
635 1
410 1
608 1
159 1
507 1
163 1
360 1
290 1
181 1
662 1
182 1
551 1
201 1
206 1
501 1
207 1
414 1
372 1
398 1
523 1
246 1
363 1
673 1
566 1
350 1
708 1
693 1
264 1
428 1
272 1
337 1
749 1
326 1
300 1
306 1
471 1
317 1
324 1
505 1
456 1
597 1
401 1
743 1
579 1
633 1
540 1
394 1
744 1
712 1
531 1
581 1
533 1
536 1
713 1
